"X","Y","PartID","depth","date_time","distance_decdegree","distance_meters","movement","id","Lat","Long","json_file","DeliveryTime","DeliveryDay"
145.441709,-14.69365,0,3.55,2021-11-26 08:06:00,0.0542063323251818,6027.46914656916,"moving",29,-14.69295,145.44156,"run_day_11652_liz21_del_07_29.json","07",11652
145.44182,-14.69411,0,3.55,2021-11-26 08:18:00,0.0525245403712577,5840.46241362116,"moving",29,-14.69295,145.44156,"run_day_11652_liz21_del_07_29.json","07",11652
145.441956,-14.694543,0,3.55,2021-11-26 08:30:00,0.0503204509701915,5595.37885435156,"moving",29,-14.69295,145.44156,"run_day_11652_liz21_del_07_29.json","07",11652
145.441766,-14.693392,1,3.55,2021-11-26 07:49:00,0.0482524107457327,5365.42327329487,"moving",29,-14.69295,145.44156,"run_day_11652_liz21_del_07_29.json","07",11652
145.441846,-14.693797,1,3.55,2021-11-26 08:01:00,0.0458486274295185,5098.13476377902,"moving",29,-14.69295,145.44156,"run_day_11652_liz21_del_07_29.json","07",11652
145.441949,-14.694185,1,3.55,2021-11-26 08:13:00,0.0445433052551496,4952.98956035255,"moving",29,-14.69295,145.44156,"run_day_11652_liz21_del_07_29.json","07",11652
145.442069,-14.694577,1,3.55,2021-11-26 08:25:00,0.0454592049544705,5054.83296023231,"moving",29,-14.69295,145.44156,"run_day_11652_liz21_del_07_29.json","07",11652
145.441658,-14.693484,2,3.55,2021-11-26 08:02:00,0.053517976852528,5950.92751028204,"moving",29,-14.69295,145.44156,"run_day_11652_liz21_del_07_29.json","07",11652
145.441763,-14.693968,2,3.55,2021-11-26 08:14:00,0.0549905466748374,6114.66980365273,"moving",29,-14.69295,145.44156,"run_day_11652_liz21_del_07_29.json","07",11652
145.441895,-14.694416,2,3.55,2021-11-26 08:26:00,0.0517990417660892,5759.79064943873,"moving",29,-14.69295,145.44156,"run_day_11652_liz21_del_07_29.json","07",11652
145.441617,-14.693157,3,3.55,2021-11-26 07:46:00,0.050613062401909,5627.91576103675,"moving",29,-14.69295,145.44156,"run_day_11652_liz21_del_07_29.json","07",11652
145.441708,-14.69364,3,3.55,2021-11-26 07:58:00,0.0545917524384432,6070.32590779061,"moving",29,-14.69295,145.44156,"run_day_11652_liz21_del_07_29.json","07",11652
145.441823,-14.694108,3,3.55,2021-11-26 08:10:00,0.0534890472912347,5947.71068983618,"moving",29,-14.69295,145.44156,"run_day_11652_liz21_del_07_29.json","07",11652
145.44196,-14.694546,3,3.55,2021-11-26 08:22:00,0.050883716721399,5658.01114823847,"moving",29,-14.69295,145.44156,"run_day_11652_liz21_del_07_29.json","07",11652
145.441732,-14.693537,4,3.55,2021-11-26 07:11:00,0.0540644624805607,6011.69393960345,"moving",29,-14.69295,145.44156,"run_day_11652_liz21_del_07_29.json","07",11652
145.441855,-14.693993,4,3.55,2021-11-26 07:23:00,0.0524023838367189,5826.87922672397,"moving",29,-14.69295,145.44156,"run_day_11652_liz21_del_07_29.json","07",11652
145.441986,-14.694444,4,3.55,2021-11-26 07:35:00,0.0520907347529019,5792.22542971009,"moving",29,-14.69295,145.44156,"run_day_11652_liz21_del_07_29.json","07",11652
145.441575,-14.693207,5,3.55,2021-11-26 07:45:00,0.0523585461605741,5822.00469954078,"moving",29,-14.69295,145.44156,"run_day_11652_liz21_del_07_29.json","07",11652
145.441675,-14.693701,5,3.55,2021-11-26 07:57:00,0.0559734353083161,6223.96203315216,"moving",29,-14.69295,145.44156,"run_day_11652_liz21_del_07_29.json","07",11652
145.441803,-14.694193,5,3.55,2021-11-26 08:09:00,0.0564136294237773,6272.90938553024,"moving",29,-14.69295,145.44156,"run_day_11652_liz21_del_07_29.json","07",11652
145.441954,-14.694647,5,3.55,2021-11-26 08:21:00,0.0530307552685089,5896.75094198739,"moving",29,-14.69295,145.44156,"run_day_11652_liz21_del_07_29.json","07",11652
145.441766,-14.693223,6,3.55,2021-11-26 07:39:00,0.0461515434358971,5131.81748688775,"moving",29,-14.69295,145.44156,"run_day_11652_liz21_del_07_29.json","07",11652
145.441834,-14.693611,6,3.55,2021-11-26 07:51:00,0.0437591958849259,4865.80057644921,"moving",29,-14.69295,145.44156,"run_day_11652_liz21_del_07_29.json","07",11652
145.441925,-14.693985,6,3.55,2021-11-26 08:03:00,0.0427231978443827,4750.60285032711,"moving",29,-14.69295,145.44156,"run_day_11652_liz21_del_07_29.json","07",11652
145.44203,-14.694361,6,3.55,2021-11-26 08:15:00,0.0433077640833376,4815.60365038658,"moving",29,-14.69295,145.44156,"run_day_11652_liz21_del_07_29.json","07",11652
145.441563,-14.693326,7,3.55,2021-11-26 08:03:00,0.0540341153758167,6008.31949551756,"moving",29,-14.69295,145.44156,"run_day_11652_liz21_del_07_29.json","07",11652
145.441667,-14.69382,7,3.55,2021-11-26 08:15:00,0.0560576978489259,6233.33160017415,"moving",29,-14.69295,145.44156,"run_day_11652_liz21_del_07_29.json","07",11652
145.441802,-14.694307,7,3.55,2021-11-26 08:27:00,0.0560648925061015,6234.13160955103,"moving",29,-14.69295,145.44156,"run_day_11652_liz21_del_07_29.json","07",11652
145.441556,-14.693505,8,3.55,2021-11-26 07:21:00,0.0569585936863949,6333.5066467359,"moving",29,-14.69295,145.44156,"run_day_11652_liz21_del_07_29.json","07",11652
145.441701,-14.694025,8,3.55,2021-11-26 07:33:00,0.0598877601731649,6659.215099362,"moving",29,-14.69295,145.44156,"run_day_11652_liz21_del_07_29.json","07",11652
145.441866,-14.694538,8,3.55,2021-11-26 07:45:00,0.0597399575283332,6642.78019511207,"moving",29,-14.69295,145.44156,"run_day_11652_liz21_del_07_29.json","07",11652
145.441584,-14.693515,9,3.55,2021-11-26 07:42:00,0.0558013519011905,6204.82723132009,"moving",29,-14.69295,145.44156,"run_day_11652_liz21_del_07_29.json","07",11652
145.441716,-14.694034,9,3.55,2021-11-26 07:54:00,0.0594309519316017,6608.42034045075,"moving",29,-14.69295,145.44156,"run_day_11652_liz21_del_07_29.json","07",11652
145.441874,-14.694529,9,3.55,2021-11-26 08:06:00,0.0576052734573846,6405.41415643362,"moving",29,-14.69295,145.44156,"run_day_11652_liz21_del_07_29.json","07",11652
145.441638,-14.693178,10,3.55,2021-11-26 08:05:00,0.0502900394082763,5591.99724295525,"moving",29,-14.69295,145.44156,"run_day_11652_liz21_del_07_29.json","07",11652
145.44172,-14.693645,10,3.55,2021-11-26 08:17:00,0.0526717116820826,5856.82711673252,"moving",29,-14.69295,145.44156,"run_day_11652_liz21_del_07_29.json","07",11652
145.441825,-14.694092,10,3.55,2021-11-26 08:29:00,0.0509710369879457,5667.72071887171,"moving",29,-14.69295,145.44156,"run_day_11652_liz21_del_07_29.json","07",11652
145.441956,-14.694515,10,3.55,2021-11-26 08:41:00,0.0491005606529727,5459.733240014,"moving",29,-14.69295,145.44156,"run_day_11652_liz21_del_07_29.json","07",11652
145.44151,-14.693278,11,3.55,2021-11-26 08:08:00,0.0546315200165611,6074.74786072225,"moving",29,-14.69295,145.44156,"run_day_11652_liz21_del_07_29.json","07",11652
145.441618,-14.693774,11,3.55,2021-11-26 08:20:00,0.0563627291700198,6267.24953554748,"moving",29,-14.69295,145.44156,"run_day_11652_liz21_del_07_29.json","07",11652
145.441753,-14.694274,11,3.55,2021-11-26 08:32:00,0.0574623244529493,6389.51895237153,"moving",29,-14.69295,145.44156,"run_day_11652_liz21_del_07_29.json","07",11652
145.441473,-14.693436,12,3.55,2021-11-26 07:35:00,0.0574083568952283,6383.51803374956,"moving",29,-14.69295,145.44156,"run_day_11652_liz21_del_07_29.json","07",11652
145.441614,-14.693965,12,3.55,2021-11-26 07:47:00,0.0607457053524286,6754.61425063528,"moving",29,-14.69295,145.44156,"run_day_11652_liz21_del_07_29.json","07",11652
145.441786,-14.694497,12,3.55,2021-11-26 07:59:00,0.0619810192966078,6891.97489404128,"moving",29,-14.69295,145.44156,"run_day_11652_liz21_del_07_29.json","07",11652
145.44152,-14.693259,13,3.55,2021-11-26 08:07:00,0.054282375161359,6035.92472415973,"moving",29,-14.69295,145.44156,"run_day_11652_liz21_del_07_29.json","07",11652
145.441625,-14.693752,13,3.55,2021-11-26 08:19:00,0.0559703481661673,6223.61875860739,"moving",29,-14.69295,145.44156,"run_day_11652_liz21_del_07_29.json","07",11652
145.441756,-14.694249,13,3.55,2021-11-26 08:31:00,0.0570318152295331,6341.64851085396,"moving",29,-14.69295,145.44156,"run_day_11652_liz21_del_07_29.json","07",11652
145.441916,-14.694713,13,3.55,2021-11-26 08:43:00,0.0543888415553169,6047.76324702599,"moving",29,-14.69295,145.44156,"run_day_11652_liz21_del_07_29.json","07",11652
145.441546,-14.693373,14,3.55,2021-11-26 07:23:00,0.0552363063606163,6141.99703388511,"moving",29,-14.69295,145.44156,"run_day_11652_liz21_del_07_29.json","07",11652
145.441676,-14.693885,14,3.55,2021-11-26 07:35:00,0.0586237411106129,6518.66259242421,"moving",29,-14.69295,145.44156,"run_day_11652_liz21_del_07_29.json","07",11652
145.441833,-14.694397,14,3.55,2021-11-26 07:47:00,0.0593834016844106,6603.1329942024,"moving",29,-14.69295,145.44156,"run_day_11652_liz21_del_07_29.json","07",11652
145.441569,-14.69363,15,3.55,2021-11-26 07:35:00,0.0574992571725169,6393.62568341464,"moving",29,-14.69295,145.44156,"run_day_11652_liz21_del_07_29.json","07",11652
145.441719,-14.694158,15,3.55,2021-11-26 07:47:00,0.0608873539779989,6770.36485916487,"moving",29,-14.69295,145.44156,"run_day_11652_liz21_del_07_29.json","07",11652
145.441892,-14.694665,15,3.55,2021-11-26 07:59:00,0.0593672839337622,6601.34078210137,"moving",29,-14.69295,145.44156,"run_day_11652_liz21_del_07_29.json","07",11652
145.441736,-14.6933,16,3.55,2021-11-26 07:17:00,0.050209919625603,5583.08832959811,"moving",29,-14.69295,145.44156,"run_day_11652_liz21_del_07_29.json","07",11652
145.441823,-14.693723,16,3.55,2021-11-26 07:29:00,0.0479572554349702,5332.60350016588,"moving",29,-14.69295,145.44156,"run_day_11652_liz21_del_07_29.json","07",11652
145.441941,-14.694139,16,3.55,2021-11-26 07:41:00,0.0479666758862606,5333.65100655607,"moving",29,-14.69295,145.44156,"run_day_11652_liz21_del_07_29.json","07",11652
145.442067,-14.694566,16,3.55,2021-11-26 07:53:00,0.049376490402667,5490.41522829032,"moving",29,-14.69295,145.44156,"run_day_11652_liz21_del_07_29.json","07",11652
145.441641,-14.693411,17,3.55,2021-11-26 07:12:00,0.0546641215939488,6078.37299072838,"moving",29,-14.69295,145.44156,"run_day_11652_liz21_del_07_29.json","07",11652
145.441765,-14.693909,17,3.55,2021-11-26 07:24:00,0.0569585879120447,6333.50600465746,"moving",29,-14.69295,145.44156,"run_day_11652_liz21_del_07_29.json","07",11652
145.441909,-14.694387,17,3.55,2021-11-26 07:36:00,0.055361874118196,6155.9595314781,"moving",29,-14.69295,145.44156,"run_day_11652_liz21_del_07_29.json","07",11652
145.441628,-14.693179,18,3.55,2021-11-26 07:26:00,0.0507007590284738,5637.66718099459,"moving",29,-14.69295,145.44156,"run_day_11652_liz21_del_07_29.json","07",11652
145.441723,-14.693661,18,3.55,2021-11-26 07:38:00,0.0545612964093518,6066.9393518699,"moving",29,-14.69295,145.44156,"run_day_11652_liz21_del_07_29.json","07",11652
145.44185,-14.69413,18,3.55,2021-11-26 07:50:00,0.0539097324511322,5994.48874533143,"moving",29,-14.69295,145.44156,"run_day_11652_liz21_del_07_29.json","07",11652
145.441992,-14.694582,18,3.55,2021-11-26 08:02:00,0.0525295181451405,5841.01591682291,"moving",29,-14.69295,145.44156,"run_day_11652_liz21_del_07_29.json","07",11652
145.441662,-14.693479,19,3.55,2021-11-26 07:53:00,0.0536673687375448,5967.53912997778,"moving",29,-14.69295,145.44156,"run_day_11652_liz21_del_07_29.json","07",11652
145.44177,-14.693969,19,3.55,2021-11-26 08:05:00,0.0557100505004888,6194.67497876651,"moving",29,-14.69295,145.44156,"run_day_11652_liz21_del_07_29.json","07",11652
145.441905,-14.694421,19,3.55,2021-11-26 08:17:00,0.0523155695137244,5817.2259144469,"moving",29,-14.69295,145.44156,"run_day_11652_liz21_del_07_29.json","07",11652
145.441617,-14.693477,20,3.55,2021-11-26 07:14:00,0.0558013523534701,6204.82728161128,"moving",29,-14.69295,145.44156,"run_day_11652_liz21_del_07_29.json","07",11652
145.441753,-14.693987,20,3.55,2021-11-26 07:26:00,0.0585656382870111,6512.20185321596,"moving",29,-14.69295,145.44156,"run_day_11652_liz21_del_07_29.json","07",11652
145.441904,-14.694477,20,3.55,2021-11-26 07:38:00,0.0568546412124162,6321.94765901732,"moving",29,-14.69295,145.44156,"run_day_11652_liz21_del_07_29.json","07",11652
145.441625,-14.693471,21,3.55,2021-11-26 07:57:00,0.0544465420553766,6054.17924989748,"moving",29,-14.69295,145.44156,"run_day_11652_liz21_del_07_29.json","07",11652
145.441736,-14.69397,21,3.55,2021-11-26 08:09:00,0.0567561906018141,6311.00045059331,"moving",29,-14.69295,145.44156,"run_day_11652_liz21_del_07_29.json","07",11652
145.441876,-14.694436,21,3.55,2021-11-26 08:21:00,0.0539604666650297,6000.13013252414,"moving",29,-14.69295,145.44156,"run_day_11652_liz21_del_07_29.json","07",11652
145.441508,-14.69356,22,3.55,2021-11-26 07:41:00,0.0580839687931046,6458.64264917411,"moving",29,-14.69295,145.44156,"run_day_11652_liz21_del_07_29.json","07",11652
145.441654,-14.694093,22,3.55,2021-11-26 07:53:00,0.0613120319540766,6817.58689556239,"moving",29,-14.69295,145.44156,"run_day_11652_liz21_del_07_29.json","07",11652
145.441831,-14.694615,22,3.55,2021-11-26 08:05:00,0.0610861192256564,6792.46654629763,"moving",29,-14.69295,145.44156,"run_day_11652_liz21_del_07_29.json","07",11652
145.441604,-14.693169,23,3.55,2021-11-26 08:01:00,0.0511793174405226,5690.8804485175,"moving",29,-14.69295,145.44156,"run_day_11652_liz21_del_07_29.json","07",11652
145.441692,-14.693645,23,3.55,2021-11-26 08:13:00,0.0537684418463091,5978.77794689256,"moving",29,-14.69295,145.44156,"run_day_11652_liz21_del_07_29.json","07",11652
145.441804,-14.694113,23,3.55,2021-11-26 08:25:00,0.053415352020002,5939.5161495574,"moving",29,-14.69295,145.44156,"run_day_11652_liz21_del_07_29.json","07",11652
145.441941,-14.694549,23,3.55,2021-11-26 08:37:00,0.0506708969986568,5634.34667477963,"moving",29,-14.69295,145.44156,"run_day_11652_liz21_del_07_29.json","07",11652
145.441509,-14.693597,24,3.55,2021-11-26 07:26:00,0.0587002300554358,6527.1677750329,"moving",29,-14.69295,145.44156,"run_day_11652_liz21_del_07_29.json","07",11652
145.441667,-14.694131,24,3.55,2021-11-26 07:38:00,0.0617621310117732,6867.63562726575,"moving",29,-14.69295,145.44156,"run_day_11652_liz21_del_07_29.json","07",11652
145.441849,-14.694659,24,3.55,2021-11-26 07:50:00,0.0618884064947196,6881.67682032898,"moving",29,-14.69295,145.44156,"run_day_11652_liz21_del_07_29.json","07",11652
145.441586,-14.693537,25,3.55,2021-11-26 08:06:00,0.0556655979427124,6189.73207986541,"moving",29,-14.69295,145.44156,"run_day_11652_liz21_del_07_29.json","07",11652
145.441705,-14.69404,25,3.55,2021-11-26 08:18:00,0.0573768927703179,6380.01938268821,"moving",29,-14.69295,145.44156,"run_day_11652_liz21_del_07_29.json","07",11652
145.441856,-14.694518,25,3.55,2021-11-26 08:30:00,0.0555772099793503,6179.90378676309,"moving",29,-14.69295,145.44156,"run_day_11652_liz21_del_07_29.json","07",11652
145.441614,-14.693371,26,3.55,2021-11-26 07:33:00,0.053250612345716,5921.19793355972,"moving",29,-14.69295,145.44156,"run_day_11652_liz21_del_07_29.json","07",11652
145.441728,-14.693874,26,3.55,2021-11-26 07:45:00,0.0572593259497981,6366.94654870468,"moving",29,-14.69295,145.44156,"run_day_11652_liz21_del_07_29.json","07",11652
145.441871,-14.694357,26,3.55,2021-11-26 07:57:00,0.0558661566709945,6212.03319294466,"moving",29,-14.69295,145.44156,"run_day_11652_liz21_del_07_29.json","07",11652
145.441637,-14.693417,27,3.55,2021-11-26 07:13:00,0.0548176815567787,6095.44807953079,"moving",29,-14.69295,145.44156,"run_day_11652_liz21_del_07_29.json","07",11652
145.441762,-14.693918,27,3.55,2021-11-26 07:25:00,0.0573080901768386,6372.36888335332,"moving",29,-14.69295,145.44156,"run_day_11652_liz21_del_07_29.json","07",11652
145.441907,-14.694398,27,3.55,2021-11-26 07:37:00,0.055605489612066,6183.04833844846,"moving",29,-14.69295,145.44156,"run_day_11652_liz21_del_07_29.json","07",11652
145.441667,-14.693305,28,3.55,2021-11-26 07:21:00,0.0519849879100206,5780.46691727301,"moving",29,-14.69295,145.44156,"run_day_11652_liz21_del_07_29.json","07",11652
145.441769,-14.693782,28,3.55,2021-11-26 07:33:00,0.0541627314208655,6022.62094721207,"moving",29,-14.69295,145.44156,"run_day_11652_liz21_del_07_29.json","07",11652
145.441901,-14.694239,28,3.55,2021-11-26 07:45:00,0.0527621870447167,5866.88751804376,"moving",29,-14.69295,145.44156,"run_day_11652_liz21_del_07_29.json","07",11652
145.442047,-14.694688,28,3.55,2021-11-26 07:57:00,0.0523379067212178,5819.70969859557,"moving",29,-14.69295,145.44156,"run_day_11652_liz21_del_07_29.json","07",11652
145.441751,-14.693346,29,3.55,2021-11-26 07:55:00,0.0488185138386195,5428.37106518167,"moving",29,-14.69295,145.44156,"run_day_11652_liz21_del_07_29.json","07",11652
145.441828,-14.693758,29,3.55,2021-11-26 08:07:00,0.0465549057690921,5176.66933193854,"moving",29,-14.69295,145.44156,"run_day_11652_liz21_del_07_29.json","07",11652
145.441927,-14.694146,29,3.55,2021-11-26 08:19:00,0.0444382550949419,4941.30851549425,"moving",29,-14.69295,145.44156,"run_day_11652_liz21_del_07_29.json","07",11652
145.442046,-14.694536,29,3.55,2021-11-26 08:31:00,0.0452154471938704,5027.72833392334,"moving",29,-14.69295,145.44156,"run_day_11652_liz21_del_07_29.json","07",11652
145.441591,-14.693457,30,3.55,2021-11-26 07:24:00,0.0553298591880727,6152.39963367151,"moving",29,-14.69295,145.44156,"run_day_11652_liz21_del_07_29.json","07",11652
145.441724,-14.693969,30,3.55,2021-11-26 07:36:00,0.0587015387844717,6527.31329906205,"moving",29,-14.69295,145.44156,"run_day_11652_liz21_del_07_29.json","07",11652
145.441879,-14.694467,30,3.55,2021-11-26 07:48:00,0.0578302509798199,6430.43051553749,"moving",29,-14.69295,145.44156,"run_day_11652_liz21_del_07_29.json","07",11652
145.441704,-14.693429,31,3.55,2021-11-26 07:29:00,0.0519685217185371,5778.63596031889,"moving",29,-14.69295,145.44156,"run_day_11652_liz21_del_07_29.json","07",11652
145.441811,-14.693894,31,3.55,2021-11-26 07:41:00,0.0529709785494543,5890.10407409707,"moving",29,-14.69295,145.44156,"run_day_11652_liz21_del_07_29.json","07",11652
145.44194,-14.694338,31,3.55,2021-11-26 07:53:00,0.0512832006210456,5702.43173115536,"moving",29,-14.69295,145.44156,"run_day_11652_liz21_del_07_29.json","07",11652
145.441499,-14.693603,32,3.55,2021-11-26 07:52:00,0.0589223356956924,6551.86479540859,"moving",29,-14.69295,145.44156,"run_day_11652_liz21_del_07_29.json","07",11652
145.441644,-14.694135,32,3.55,2021-11-26 08:04:00,0.061177043554359,6802.57687035792,"moving",29,-14.69295,145.44156,"run_day_11652_liz21_del_07_29.json","07",11652
145.441821,-14.69465,32,3.55,2021-11-26 08:16:00,0.0603470073458857,6710.2810550444,"moving",29,-14.69295,145.44156,"run_day_11652_liz21_del_07_29.json","07",11652
145.441582,-14.69348,33,3.55,2021-11-26 07:46:00,0.0555610157529748,6178.10307094921,"moving",29,-14.69295,145.44156,"run_day_11652_liz21_del_07_29.json","07",11652
145.441707,-14.693995,33,3.55,2021-11-26 07:58:00,0.0588225046525438,6540.76408988882,"moving",29,-14.69295,145.44156,"run_day_11652_liz21_del_07_29.json","07",11652
145.441861,-14.694488,33,3.55,2021-11-26 08:10:00,0.0572669011006228,6367.78886704495,"moving",29,-14.69295,145.44156,"run_day_11652_liz21_del_07_29.json","07",11652
145.441771,-14.693372,34,3.55,2021-11-26 07:58:00,0.0474492986330214,5276.12128083458,"moving",29,-14.69295,145.44156,"run_day_11652_liz21_del_07_29.json","07",11652
145.441845,-14.693766,34,3.55,2021-11-26 08:10:00,0.04452793653809,4951.28063698648,"moving",29,-14.69295,145.44156,"run_day_11652_liz21_del_07_29.json","07",11652
145.441941,-14.694141,34,3.55,2021-11-26 08:22:00,0.0429575275431105,4776.65912398778,"moving",29,-14.69295,145.44156,"run_day_11652_liz21_del_07_29.json","07",11652
145.442056,-14.694524,34,3.55,2021-11-26 08:34:00,0.0443475484141525,4931.2223927777,"moving",29,-14.69295,145.44156,"run_day_11652_liz21_del_07_29.json","07",11652
145.441515,-14.693467,35,3.55,2021-11-26 07:13:00,0.0581099567040836,6461.53237302906,"moving",29,-14.69295,145.44156,"run_day_11652_liz21_del_07_29.json","07",11652
145.441664,-14.693993,35,3.55,2021-11-26 07:25:00,0.060644432761671,6743.35325233488,"moving",29,-14.69295,145.44156,"run_day_11652_liz21_del_07_29.json","07",11652
145.441834,-14.694516,35,3.55,2021-11-26 07:37:00,0.0609617463558263,6778.6369141603,"moving",29,-14.69295,145.44156,"run_day_11652_liz21_del_07_29.json","07",11652
145.441768,-14.69347,36,3.55,2021-11-26 07:23:00,0.0495859430087073,5513.70529545447,"moving",29,-14.69295,145.44156,"run_day_11652_liz21_del_07_29.json","07",11652
145.441869,-14.693886,36,3.55,2021-11-26 07:35:00,0.0475155943613205,5283.49302947964,"moving",29,-14.69295,145.44156,"run_day_11652_liz21_del_07_29.json","07",11652
145.441988,-14.694303,36,3.55,2021-11-26 07:47:00,0.0481024222102302,5348.74530909215,"moving",29,-14.69295,145.44156,"run_day_11652_liz21_del_07_29.json","07",11652
145.44149,-14.693284,37,3.55,2021-11-26 08:08:00,0.0552946578164887,6148.48541974044,"moving",29,-14.69295,145.44156,"run_day_11652_liz21_del_07_29.json","07",11652
145.441601,-14.693783,37,3.55,2021-11-26 08:20:00,0.0567561927512103,6311.00068959527,"moving",29,-14.69295,145.44156,"run_day_11652_liz21_del_07_29.json","07",11652
145.441739,-14.694287,37,3.55,2021-11-26 08:32:00,0.0579745513698655,6446.4759868234,"moving",29,-14.69295,145.44156,"run_day_11652_liz21_del_07_29.json","07",11652
145.441769,-14.693281,38,3.55,2021-11-26 08:04:00,0.0462074480537138,5138.03379676496,"moving",29,-14.69295,145.44156,"run_day_11652_liz21_del_07_29.json","07",11652
145.441834,-14.693663,38,3.55,2021-11-26 08:16:00,0.0430479745813398,4786.71637576891,"moving",29,-14.69295,145.44156,"run_day_11652_liz21_del_07_29.json","07",11652
145.44192,-14.694028,38,3.55,2021-11-26 08:28:00,0.0416268924913223,4628.69925701352,"moving",29,-14.69295,145.44156,"run_day_11652_liz21_del_07_29.json","07",11652
145.442025,-14.694396,38,3.55,2021-11-26 08:40:00,0.0424496172073133,4720.1820714568,"moving",29,-14.69295,145.44156,"run_day_11652_liz21_del_07_29.json","07",11652
145.441704,-14.693306,39,3.55,2021-11-26 07:35:00,0.05035878859023,5599.64180319947,"moving",29,-14.69295,145.44156,"run_day_11652_liz21_del_07_29.json","07",11652
145.441794,-14.693761,39,3.55,2021-11-26 07:47:00,0.0515114460741617,5727.81146757156,"moving",29,-14.69295,145.44156,"run_day_11652_liz21_del_07_29.json","07",11652
145.441912,-14.694191,39,3.55,2021-11-26 07:59:00,0.0494696355064156,5500.77249126894,"moving",29,-14.69295,145.44156,"run_day_11652_liz21_del_07_29.json","07",11652
145.442046,-14.694616,39,3.55,2021-11-26 08:11:00,0.049406799999966,5493.78550173861,"moving",29,-14.69295,145.44156,"run_day_11652_liz21_del_07_29.json","07",11652
145.441596,-14.693229,40,3.55,2021-11-26 07:47:00,0.0520507084482798,5787.77470770379,"moving",29,-14.69295,145.44156,"run_day_11652_liz21_del_07_29.json","07",11652
145.441694,-14.693722,40,3.55,2021-11-26 07:59:00,0.0558232980617149,6207.26753302973,"moving",29,-14.69295,145.44156,"run_day_11652_liz21_del_07_29.json","07",11652
145.44182,-14.694203,40,3.55,2021-11-26 08:11:00,0.0551750431989674,6135.18488111954,"moving",29,-14.69295,145.44156,"run_day_11652_liz21_del_07_29.json","07",11652
145.441968,-14.69465,40,3.55,2021-11-26 08:23:00,0.0521910157749016,5803.37617059519,"moving",29,-14.69295,145.44156,"run_day_11652_liz21_del_07_29.json","07",11652
145.441655,-14.693226,41,3.55,2021-11-26 07:46:00,0.0506380159443488,5630.69046835786,"moving",29,-14.69295,145.44156,"run_day_11652_liz21_del_07_29.json","07",11652
145.441743,-14.693705,41,3.55,2021-11-26 07:58:00,0.0540968487410649,6015.29512746451,"moving",29,-14.69295,145.44156,"run_day_11652_liz21_del_07_29.json","07",11652
145.441858,-14.694152,41,3.55,2021-11-26 08:10:00,0.0512200922908063,5695.41440500374,"moving",29,-14.69295,145.44156,"run_day_11652_liz21_del_07_29.json","07",11652
145.441993,-14.69458,41,3.55,2021-11-26 08:22:00,0.0497572529401648,5532.75409071638,"moving",29,-14.69295,145.44156,"run_day_11652_liz21_del_07_29.json","07",11652
145.441717,-14.69325,42,3.55,2021-11-26 07:21:00,0.0500110466139405,5560.97465965473,"moving",29,-14.69295,145.44156,"run_day_11652_liz21_del_07_29.json","07",11652
145.441802,-14.693684,42,3.55,2021-11-26 07:33:00,0.049116973383505,5461.55825238158,"moving",29,-14.69295,145.44156,"run_day_11652_liz21_del_07_29.json","07",11652
145.441918,-14.694105,42,3.55,2021-11-26 07:45:00,0.0484472135818388,5387.08436036584,"moving",29,-14.69295,145.44156,"run_day_11652_liz21_del_07_29.json","07",11652
145.442044,-14.69453,42,3.55,2021-11-26 07:57:00,0.0491626797098364,5466.6405639852,"moving",29,-14.69295,145.44156,"run_day_11652_liz21_del_07_29.json","07",11652
145.441568,-14.693315,43,3.55,2021-11-26 07:37:00,0.0537163969547903,5972.9908189979,"moving",29,-14.69295,145.44156,"run_day_11652_liz21_del_07_29.json","07",11652
145.441682,-14.69382,43,3.55,2021-11-26 07:49:00,0.0574765772839433,6391.10379486838,"moving",29,-14.69295,145.44156,"run_day_11652_liz21_del_07_29.json","07",11652
145.441827,-14.694322,43,3.55,2021-11-26 08:01:00,0.0579576505649297,6444.59670305833,"moving",29,-14.69295,145.44156,"run_day_11652_liz21_del_07_29.json","07",11652
145.441567,-14.693667,44,3.55,2021-11-26 07:48:00,0.0580994729308837,6460.36663063714,"moving",29,-14.69295,145.44156,"run_day_11652_liz21_del_07_29.json","07",11652
145.441713,-14.694195,44,3.55,2021-11-26 08:00:00,0.0607747674024783,6757.84580315869,"moving",29,-14.69295,145.44156,"run_day_11652_liz21_del_07_29.json","07",11652
145.441886,-14.694694,44,3.55,2021-11-26 08:12:00,0.0585232117755464,6507.48424038585,"moving",29,-14.69295,145.44156,"run_day_11652_liz21_del_07_29.json","07",11652
145.441737,-14.693178,45,3.55,2021-11-26 07:41:00,0.047630955684715,5296.32062337212,"moving",29,-14.69295,145.44156,"run_day_11652_liz21_del_07_29.json","07",11652
145.441808,-14.693589,45,3.55,2021-11-26 07:53:00,0.046334764507213,5152.19074047246,"moving",29,-14.69295,145.44156,"run_day_11652_liz21_del_07_29.json","07",11652
145.4419,-14.69398,45,3.55,2021-11-26 08:05:00,0.0445890862090623,4958.08017016458,"moving",29,-14.69295,145.44156,"run_day_11652_liz21_del_07_29.json","07",11652
145.44201,-14.694366,45,3.55,2021-11-26 08:17:00,0.0445220719892688,4950.6285289105,"moving",29,-14.69295,145.44156,"run_day_11652_liz21_del_07_29.json","07",11652
145.441656,-14.693481,46,3.55,2021-11-26 08:04:00,0.0535179768776485,5950.92751307531,"moving",29,-14.69295,145.44156,"run_day_11652_liz21_del_07_29.json","07",11652
145.44176,-14.693965,46,3.55,2021-11-26 08:16:00,0.0549685578106682,6112.22475351443,"moving",29,-14.69295,145.44156,"run_day_11652_liz21_del_07_29.json","07",11652
145.441892,-14.694413,46,3.55,2021-11-26 08:28:00,0.0517990418203595,5759.79065547331,"moving",29,-14.69295,145.44156,"run_day_11652_liz21_del_07_29.json","07",11652
145.441751,-14.693555,47,3.55,2021-11-26 07:53:00,0.0516312756629536,5741.13590990712,"moving",29,-14.69295,145.44156,"run_day_11652_liz21_del_07_29.json","07",11652
145.441851,-14.693987,47,3.55,2021-11-26 08:05:00,0.0492256565271719,5473.64326656913,"moving",29,-14.69295,145.44156,"run_day_11652_liz21_del_07_29.json","07",11652
145.441971,-14.6944,47,3.55,2021-11-26 08:17:00,0.0477028121855275,5304.3107017089,"moving",29,-14.69295,145.44156,"run_day_11652_liz21_del_07_29.json","07",11652
145.441712,-14.693578,48,3.55,2021-11-26 07:41:00,0.0537168446596605,5973.0406015081,"moving",29,-14.69295,145.44156,"run_day_11652_liz21_del_07_29.json","07",11652
145.44183,-14.694047,48,3.55,2021-11-26 07:53:00,0.0536726206843373,5968.12311981611,"moving",29,-14.69295,145.44156,"run_day_11652_liz21_del_07_29.json","07",11652
145.441966,-14.694494,48,3.55,2021-11-26 08:05:00,0.0518119312112327,5761.22389034594,"moving",29,-14.69295,145.44156,"run_day_11652_liz21_del_07_29.json","07",11652
145.441772,-14.693322,49,3.55,2021-11-26 07:21:00,0.0474494421487108,5276.13723905114,"moving",29,-14.69295,145.44156,"run_day_11652_liz21_del_07_29.json","07",11652
145.441853,-14.693714,49,3.55,2021-11-26 07:33:00,0.0444505639530966,4942.67719807384,"moving",29,-14.69295,145.44156,"run_day_11652_liz21_del_07_29.json","07",11652
145.441962,-14.694106,49,3.55,2021-11-26 07:45:00,0.0451375483969826,5019.0663829177,"moving",29,-14.69295,145.44156,"run_day_11652_liz21_del_07_29.json","07",11652
145.442079,-14.694515,49,3.55,2021-11-26 07:57:00,0.0471876984228942,5247.03266465928,"moving",29,-14.69295,145.44156,"run_day_11652_liz21_del_07_29.json","07",11652
145.44172,-14.693196,50,3.55,2021-11-26 07:24:00,0.0488587281436998,5432.84269188514,"moving",29,-14.69295,145.44156,"run_day_11652_liz21_del_07_29.json","07",11652
145.441799,-14.693622,50,3.55,2021-11-26 07:36:00,0.0481251173715659,5351.26889589205,"moving",29,-14.69295,145.44156,"run_day_11652_liz21_del_07_29.json","07",11652
145.441908,-14.694034,50,3.55,2021-11-26 07:48:00,0.0472886509731528,5258.25807607987,"moving",29,-14.69295,145.44156,"run_day_11652_liz21_del_07_29.json","07",11652
145.442028,-14.694449,50,3.55,2021-11-26 08:00:00,0.0479169439489629,5328.12106743636,"moving",29,-14.69295,145.44156,"run_day_11652_liz21_del_07_29.json","07",11652
145.44161,-14.69357,51,3.55,2021-11-26 07:16:00,0.0568954468347397,6326.48503719827,"moving",29,-14.69295,145.44156,"run_day_11652_liz21_del_07_29.json","07",11652
145.441757,-14.694086,51,3.55,2021-11-26 07:28:00,0.0595152261476957,6617.79120572734,"moving",29,-14.69295,145.44156,"run_day_11652_liz21_del_07_29.json","07",11652
145.441917,-14.694583,51,3.55,2021-11-26 07:40:00,0.0578813951126038,6436.1174836307,"moving",29,-14.69295,145.44156,"run_day_11652_liz21_del_07_29.json","07",11652
145.441772,-14.69339,52,3.55,2021-11-26 07:13:00,0.0492386727495156,5475.09060445782,"moving",29,-14.69295,145.44156,"run_day_11652_liz21_del_07_29.json","07",11652
145.441863,-14.693793,52,3.55,2021-11-26 07:25:00,0.0458680373569992,5100.29304924141,"moving",29,-14.69295,145.44156,"run_day_11652_liz21_del_07_29.json","07",11652
145.441981,-14.6942,52,3.55,2021-11-26 07:37:00,0.0470023344323175,5226.42112932456,"moving",29,-14.69295,145.44156,"run_day_11652_liz21_del_07_29.json","07",11652
145.442107,-14.694625,52,3.55,2021-11-26 07:49:00,0.0491626780846005,5466.6403832672,"moving",29,-14.69295,145.44156,"run_day_11652_liz21_del_07_29.json","07",11652
145.441649,-14.693404,53,3.55,2021-11-26 07:24:00,0.0532919203628551,5925.79117549533,"moving",29,-14.69295,145.44156,"run_day_11652_liz21_del_07_29.json","07",11652
145.441766,-14.693897,53,3.55,2021-11-26 07:36:00,0.0562449909669329,6254.15764469197,"moving",29,-14.69295,145.44156,"run_day_11652_liz21_del_07_29.json","07",11652
145.441906,-14.694369,53,3.55,2021-11-26 07:48:00,0.0546014510267754,6071.40434160875,"moving",29,-14.69295,145.44156,"run_day_11652_liz21_del_07_29.json","07",11652
145.441636,-14.693511,54,3.55,2021-11-26 07:49:00,0.054664566551162,6078.42246771305,"moving",29,-14.69295,145.44156,"run_day_11652_liz21_del_07_29.json","07",11652
145.441755,-14.694015,54,3.55,2021-11-26 08:01:00,0.0574852913717937,6392.07275722769,"moving",29,-14.69295,145.44156,"run_day_11652_liz21_del_07_29.json","07",11652
145.4419,-14.694483,54,3.55,2021-11-26 08:13:00,0.0543259961938337,6040.77516166592,"moving",29,-14.69295,145.44156,"run_day_11652_liz21_del_07_29.json","07",11652
145.441478,-14.693312,55,3.55,2021-11-26 08:08:00,0.0557522502751156,6199.36737961055,"moving",29,-14.69295,145.44156,"run_day_11652_liz21_del_07_29.json","07",11652
145.441593,-14.693816,55,3.55,2021-11-26 08:20:00,0.0573910324854507,6381.59164727517,"moving",29,-14.69295,145.44156,"run_day_11652_liz21_del_07_29.json","07",11652
145.441736,-14.694322,55,3.55,2021-11-26 08:32:00,0.0583290541700255,6485.89489968248,"moving",29,-14.69295,145.44156,"run_day_11652_liz21_del_07_29.json","07",11652
145.441559,-14.693456,56,3.55,2021-11-26 07:36:00,0.0556193866537613,6184.59361898034,"moving",29,-14.69295,145.44156,"run_day_11652_liz21_del_07_29.json","07",11652
145.44169,-14.693975,56,3.55,2021-11-26 07:48:00,0.0594053496042618,6605.57349154026,"moving",29,-14.69295,145.44156,"run_day_11652_liz21_del_07_29.json","07",11652
145.44185,-14.694482,56,3.55,2021-11-26 08:00:00,0.0589439893216273,6554.272568756,"moving",29,-14.69295,145.44156,"run_day_11652_liz21_del_07_29.json","07",11652
145.441641,-14.693291,57,3.55,2021-11-26 07:12:00,0.0530521858842093,5899.13391772815,"moving",29,-14.69295,145.44156,"run_day_11652_liz21_del_07_29.json","07",11652
145.441749,-14.69378,57,3.55,2021-11-26 07:24:00,0.0556013066252614,6182.58321153755,"moving",29,-14.69295,145.44156,"run_day_11652_liz21_del_07_29.json","07",11652
145.441888,-14.694249,57,3.55,2021-11-26 07:36:00,0.0542511434133098,6032.45191222642,"moving",29,-14.69295,145.44156,"run_day_11652_liz21_del_07_29.json","07",11652
145.441525,-14.693252,58,3.55,2021-11-26 07:27:00,0.0540221960019888,6006.99412161912,"moving",29,-14.69295,145.44156,"run_day_11652_liz21_del_07_29.json","07",11652
145.441644,-14.693756,58,3.55,2021-11-26 07:39:00,0.0574852947494583,6392.07313280686,"moving",29,-14.69295,145.44156,"run_day_11652_liz21_del_07_29.json","07",11652
145.441794,-14.694272,58,3.55,2021-11-26 07:51:00,0.0596017574514665,6627.4130477026,"moving",29,-14.69295,145.44156,"run_day_11652_liz21_del_07_29.json","07",11652
145.441608,-14.693329,59,3.55,2021-11-26 08:04:00,0.053008554398112,5894.28231783217,"moving",29,-14.69295,145.44156,"run_day_11652_liz21_del_07_29.json","07",11652
145.441705,-14.693816,59,3.55,2021-11-26 08:16:00,0.0551478234913646,6132.15818772936,"moving",29,-14.69295,145.44156,"run_day_11652_liz21_del_07_29.json","07",11652
145.441832,-14.694284,59,3.55,2021-11-26 08:28:00,0.0538021712294314,5982.52848317461,"moving",29,-14.69295,145.44156,"run_day_11652_liz21_del_07_29.json","07",11652
145.441686,-14.693169,60,3.55,2021-11-26 07:23:00,0.0495054508701334,5504.7549780103,"moving",29,-14.69295,145.44156,"run_day_11652_liz21_del_07_29.json","07",11652
145.44177,-14.693621,60,3.55,2021-11-26 07:35:00,0.0510657227456602,5678.24929475506,"moving",29,-14.69295,145.44156,"run_day_11652_liz21_del_07_29.json","07",11652
145.441885,-14.694054,60,3.55,2021-11-26 07:47:00,0.049710860598973,5527.59549774069,"moving",29,-14.69295,145.44156,"run_day_11652_liz21_del_07_29.json","07",11652
145.442012,-14.694484,60,3.55,2021-11-26 07:59:00,0.0497267883750967,5529.36658563837,"moving",29,-14.69295,145.44156,"run_day_11652_liz21_del_07_29.json","07",11652
145.44174,-14.693593,61,3.55,2021-11-26 07:44:00,0.0528362173950829,5875.1193174222,"moving",29,-14.69295,145.44156,"run_day_11652_liz21_del_07_29.json","07",11652
145.441852,-14.694042,61,3.55,2021-11-26 07:56:00,0.0513592884507332,5710.89231179601,"moving",29,-14.69295,145.44156,"run_day_11652_liz21_del_07_29.json","07",11652
145.441982,-14.694474,61,3.55,2021-11-26 08:08:00,0.0500298818264935,5563.06903973288,"moving",29,-14.69295,145.44156,"run_day_11652_liz21_del_07_29.json","07",11652
145.441626,-14.693581,62,3.55,2021-11-26 07:22:00,0.0561502994912596,6243.62843300061,"moving",29,-14.69295,145.44156,"run_day_11652_liz21_del_07_29.json","07",11652
145.44177,-14.694092,62,3.55,2021-11-26 07:34:00,0.0588937333772158,6548.68436270371,"moving",29,-14.69295,145.44156,"run_day_11652_liz21_del_07_29.json","07",11652
145.441927,-14.694583,62,3.55,2021-11-26 07:46:00,0.0571485641561411,6354.63039918397,"moving",29,-14.69295,145.44156,"run_day_11652_liz21_del_07_29.json","07",11652
145.44168,-14.693267,63,3.55,2021-11-26 07:31:00,0.0504405061089207,5608.72837669585,"moving",29,-14.69295,145.44156,"run_day_11652_liz21_del_07_29.json","07",11652
145.441772,-14.693735,63,3.55,2021-11-26 07:43:00,0.0529716861406342,5890.18275464641,"moving",29,-14.69295,145.44156,"run_day_11652_liz21_del_07_29.json","07",11652
145.441894,-14.694178,63,3.55,2021-11-26 07:55:00,0.050977185720577,5668.40442674561,"moving",29,-14.69295,145.44156,"run_day_11652_liz21_del_07_29.json","07",11652
145.442031,-14.694613,63,3.55,2021-11-26 08:07:00,0.0505645167963188,5622.51773598422,"moving",29,-14.69295,145.44156,"run_day_11652_liz21_del_07_29.json","07",11652
145.441688,-14.693477,64,3.55,2021-11-26 07:17:00,0.0539472669757087,5998.66239403835,"moving",29,-14.69295,145.44156,"run_day_11652_liz21_del_07_29.json","07",11652
145.44181,-14.693956,64,3.55,2021-11-26 07:29:00,0.0548549913553064,6099.59673984119,"moving",29,-14.69295,145.44156,"run_day_11652_liz21_del_07_29.json","07",11652
145.441947,-14.694419,64,3.55,2021-11-26 07:41:00,0.0535505277840041,5954.54700871974,"moving",29,-14.69295,145.44156,"run_day_11652_liz21_del_07_29.json","07",11652
145.441655,-14.693258,65,3.55,2021-11-26 07:45:00,0.0511158714160136,5683.82557247633,"moving",29,-14.69295,145.44156,"run_day_11652_liz21_del_07_29.json","07",11652
145.441746,-14.693739,65,3.55,2021-11-26 07:57:00,0.054372979995832,6045.9995220826,"moving",29,-14.69295,145.44156,"run_day_11652_liz21_del_07_29.json","07",11652
145.441865,-14.69419,65,3.55,2021-11-26 08:09:00,0.0517565337388746,5755.06397247079,"moving",29,-14.69295,145.44156,"run_day_11652_liz21_del_07_29.json","07",11652
145.442003,-14.69462,65,3.55,2021-11-26 08:21:00,0.0500647190345906,5566.94276053175,"moving",29,-14.69295,145.44156,"run_day_11652_liz21_del_07_29.json","07",11652
145.441649,-14.693303,66,3.55,2021-11-26 07:14:00,0.052921386678812,5884.58970967883,"moving",29,-14.69295,145.44156,"run_day_11652_liz21_del_07_29.json","07",11652
145.441757,-14.693789,66,3.55,2021-11-26 07:26:00,0.0552751270800608,6146.31370093602,"moving",29,-14.69295,145.44156,"run_day_11652_liz21_del_07_29.json","07",11652
145.441894,-14.694255,66,3.55,2021-11-26 07:38:00,0.0538713160376238,5990.21703504942,"moving",29,-14.69295,145.44156,"run_day_11652_liz21_del_07_29.json","07",11652
145.441544,-14.69324,67,3.55,2021-11-26 07:22:00,0.0537303197114033,5974.53895889818,"moving",29,-14.69295,145.44156,"run_day_11652_liz21_del_07_29.json","07",11652
145.44166,-14.69374,67,3.55,2021-11-26 07:34:00,0.0569802425066072,6335.91388571136,"moving",29,-14.69295,145.44156,"run_day_11652_liz21_del_07_29.json","07",11652
145.441809,-14.694249,67,3.55,2021-11-26 07:46:00,0.0588234352836104,6540.86757134201,"moving",29,-14.69295,145.44156,"run_day_11652_liz21_del_07_29.json","07",11652
145.441641,-14.693377,68,3.55,2021-11-26 07:14:00,0.0541202641796545,6017.89880544082,"moving",29,-14.69295,145.44156,"run_day_11652_liz21_del_07_29.json","07",11652
145.441759,-14.693872,68,3.55,2021-11-26 07:26:00,0.0564858353661157,6280.93831999186,"moving",29,-14.69295,145.44156,"run_day_11652_liz21_del_07_29.json","07",11652
145.441901,-14.694348,68,3.55,2021-11-26 07:38:00,0.0550883722056433,6125.54750637466,"moving",29,-14.69295,145.44156,"run_day_11652_liz21_del_07_29.json","07",11652
145.441626,-14.693563,69,3.55,2021-11-26 07:23:00,0.0559099293568295,6216.90049353512,"moving",29,-14.69295,145.44156,"run_day_11652_liz21_del_07_29.json","07",11652
145.441767,-14.694073,69,3.55,2021-11-26 07:35:00,0.058702270772901,6527.39469246176,"moving",29,-14.69295,145.44156,"run_day_11652_liz21_del_07_29.json","07",11652
145.441923,-14.694563,69,3.55,2021-11-26 07:47:00,0.0570105957825541,6339.2890160037,"moving",29,-14.69295,145.44156,"run_day_11652_liz21_del_07_29.json","07",11652
145.441695,-14.693298,70,3.55,2021-11-26 07:41:00,0.0506668547741858,5633.8971999261,"moving",29,-14.69295,145.44156,"run_day_11652_liz21_del_07_29.json","07",11652
145.441784,-14.69376,70,3.55,2021-11-26 07:53:00,0.052256337208524,5810.63958261515,"moving",29,-14.69295,145.44156,"run_day_11652_liz21_del_07_29.json","07",11652
145.4419,-14.694191,70,3.55,2021-11-26 08:05:00,0.0495224830173356,5506.64886636904,"moving",29,-14.69295,145.44156,"run_day_11652_liz21_del_07_29.json","07",11652
145.442033,-14.694612,70,3.55,2021-11-26 08:17:00,0.0489499970247928,5442.9913284232,"moving",29,-14.69295,145.44156,"run_day_11652_liz21_del_07_29.json","07",11652
145.441694,-14.693311,71,3.55,2021-11-26 08:03:00,0.05071839444058,5639.62814935009,"moving",29,-14.69295,145.44156,"run_day_11652_liz21_del_07_29.json","07",11652
145.441776,-14.693763,71,3.55,2021-11-26 08:15:00,0.0510281009368812,5674.06594048764,"moving",29,-14.69295,145.44156,"run_day_11652_liz21_del_07_29.json","07",11652
145.441883,-14.694183,71,3.55,2021-11-26 08:27:00,0.048099017420774,5348.36671377832,"moving",29,-14.69295,145.44156,"run_day_11652_liz21_del_07_29.json","07",11652
145.442013,-14.694592,71,3.55,2021-11-26 08:39:00,0.0475796801423978,5290.61904320549,"moving",29,-14.69295,145.44156,"run_day_11652_liz21_del_07_29.json","07",11652
145.441603,-14.693337,72,3.55,2021-11-26 08:04:00,0.0531391538065758,5908.80430947612,"moving",29,-14.69295,145.44156,"run_day_11652_liz21_del_07_29.json","07",11652
145.441701,-14.693826,72,3.55,2021-11-26 08:16:00,0.0553865821503459,6158.70693930054,"moving",29,-14.69295,145.44156,"run_day_11652_liz21_del_07_29.json","07",11652
145.44183,-14.694296,72,3.55,2021-11-26 08:28:00,0.0540721024786235,6012.54346862761,"moving",29,-14.69295,145.44156,"run_day_11652_liz21_del_07_29.json","07",11652
145.441529,-14.693567,73,3.55,2021-11-26 07:38:00,0.0576829860510508,6414.0554025857,"moving",29,-14.69295,145.44156,"run_day_11652_liz21_del_07_29.json","07",11652
145.441675,-14.694098,73,3.55,2021-11-26 07:50:00,0.0610970866201356,6793.68606492223,"moving",29,-14.69295,145.44156,"run_day_11652_liz21_del_07_29.json","07",11652
145.441849,-14.694615,73,3.55,2021-11-26 08:02:00,0.0604574187202098,6722.5582397131,"moving",29,-14.69295,145.44156,"run_day_11652_liz21_del_07_29.json","07",11652
145.441672,-14.693505,74,3.55,2021-11-26 07:41:00,0.0537083103930701,5972.09163436062,"moving",29,-14.69295,145.44156,"run_day_11652_liz21_del_07_29.json","07",11652
145.441788,-14.693996,74,3.55,2021-11-26 07:53:00,0.0560041995629491,6227.38286218936,"moving",29,-14.69295,145.44156,"run_day_11652_liz21_del_07_29.json","07",11652
145.441928,-14.694455,74,3.55,2021-11-26 08:05:00,0.0532134663180469,5917.06748373792,"moving",29,-14.69295,145.44156,"run_day_11652_liz21_del_07_29.json","07",11652
145.441466,-14.693435,75,3.55,2021-11-26 07:31:00,0.0575971543396923,6404.51135173741,"moving",29,-14.69295,145.44156,"run_day_11652_liz21_del_07_29.json","07",11652
145.44161,-14.693964,75,3.55,2021-11-26 07:43:00,0.0608270667324992,6763.66122332392,"moving",29,-14.69295,145.44156,"run_day_11652_liz21_del_07_29.json","07",11652
145.441784,-14.694498,75,3.55,2021-11-26 07:55:00,0.06225763437641,6922.73308754867,"moving",29,-14.69295,145.44156,"run_day_11652_liz21_del_07_29.json","07",11652
145.441534,-14.693425,76,3.55,2021-11-26 07:51:00,0.0560525236518511,6232.75625570998,"moving",29,-14.69295,145.44156,"run_day_11652_liz21_del_07_29.json","07",11652
145.441657,-14.693941,76,3.55,2021-11-26 08:03:00,0.0588820568777224,6547.38599519908,"moving",29,-14.69295,145.44156,"run_day_11652_liz21_del_07_29.json","07",11652
145.441811,-14.694445,76,3.55,2021-11-26 08:15:00,0.0584388354615524,6498.10202234076,"moving",29,-14.69295,145.44156,"run_day_11652_liz21_del_07_29.json","07",11652
145.441523,-14.693605,77,3.55,2021-11-26 07:29:00,0.0582967736856445,6482.30547358968,"moving",29,-14.69295,145.44156,"run_day_11652_liz21_del_07_29.json","07",11652
145.441679,-14.694138,77,3.55,2021-11-26 07:41:00,0.0615962895801253,6849.19490143903,"moving",29,-14.69295,145.44156,"run_day_11652_liz21_del_07_29.json","07",11652
145.441859,-14.694662,77,3.55,2021-11-26 07:53:00,0.0613984532197062,6827.1965018546,"moving",29,-14.69295,145.44156,"run_day_11652_liz21_del_07_29.json","07",11652
145.441734,-14.693509,78,3.55,2021-11-26 08:03:00,0.0517234030411521,5751.38000696785,"moving",29,-14.69295,145.44156,"run_day_11652_liz21_del_07_29.json","07",11652
145.441827,-14.693942,78,3.55,2021-11-26 08:15:00,0.0491755120922078,5468.06745980166,"moving",29,-14.69295,145.44156,"run_day_11652_liz21_del_07_29.json","07",11652
145.441944,-14.694353,78,3.55,2021-11-26 08:27:00,0.0474020736881096,5270.87010654932,"moving",29,-14.69295,145.44156,"run_day_11652_liz21_del_07_29.json","07",11652
145.441725,-14.693452,79,3.55,2021-11-26 07:24:00,0.0520180503108906,5784.14328851245,"moving",29,-14.69295,145.44156,"run_day_11652_liz21_del_07_29.json","07",11652
145.441833,-14.693901,79,3.55,2021-11-26 07:36:00,0.0512600833878922,5699.86121211064,"moving",29,-14.69295,145.44156,"run_day_11652_liz21_del_07_29.json","07",11652
145.44196,-14.694339,79,3.55,2021-11-26 07:48:00,0.0505827195504069,5624.54178988978,"moving",29,-14.69295,145.44156,"run_day_11652_liz21_del_07_29.json","07",11652
145.4415,-14.693291,80,3.55,2021-11-26 07:14:00,0.0560639002871443,6234.02127983687,"moving",29,-14.69295,145.44156,"run_day_11652_liz21_del_07_29.json","07",11652
145.441631,-14.693803,80,3.55,2021-11-26 07:26:00,0.0586494895994369,6521.52569375019,"moving",29,-14.69295,145.44156,"run_day_11652_liz21_del_07_29.json","07",11652
145.441792,-14.694327,80,3.55,2021-11-26 07:38:00,0.0607850078965141,6758.9844941418,"moving",29,-14.69295,145.44156,"run_day_11652_liz21_del_07_29.json","07",11652
145.441744,-14.693637,81,3.55,2021-11-26 07:12:00,0.0549091395496143,6105.6177443352,"moving",29,-14.69295,145.44156,"run_day_11652_liz21_del_07_29.json","07",11652
145.441875,-14.694095,81,3.55,2021-11-26 07:24:00,0.0528405091110559,5875.596534465,"moving",29,-14.69295,145.44156,"run_day_11652_liz21_del_07_29.json","07",11652
145.442012,-14.694552,81,3.55,2021-11-26 07:36:00,0.0529094297358627,5883.26015828469,"moving",29,-14.69295,145.44156,"run_day_11652_liz21_del_07_29.json","07",11652
145.44155,-14.693376,82,3.55,2021-11-26 07:32:00,0.0548868297405127,6103.1370067487,"moving",29,-14.69295,145.44156,"run_day_11652_liz21_del_07_29.json","07",11652
145.441675,-14.693889,82,3.55,2021-11-26 07:44:00,0.0586060253084055,6516.6926850973,"moving",29,-14.69295,145.44156,"run_day_11652_liz21_del_07_29.json","07",11652
145.44183,-14.6944,82,3.55,2021-11-26 07:56:00,0.0592158829377407,6584.50575945485,"moving",29,-14.69295,145.44156,"run_day_11652_liz21_del_07_29.json","07",11652
145.441458,-14.693521,83,3.55,2021-11-26 08:03:00,0.0588397420341112,6542.68079926776,"moving",29,-14.69295,145.44156,"run_day_11652_liz21_del_07_29.json","07",11652
145.441593,-14.694045,83,3.55,2021-11-26 08:15:00,0.0600481849954792,6677.0535257112,"moving",29,-14.69295,145.44156,"run_day_11652_liz21_del_07_29.json","07",11652
145.441764,-14.694561,83,3.55,2021-11-26 08:27:00,0.06025241631001,6699.76301174897,"moving",29,-14.69295,145.44156,"run_day_11652_liz21_del_07_29.json","07",11652
145.441725,-14.693243,84,3.55,2021-11-26 07:13:00,0.0503192601885518,5595.24644547448,"moving",29,-14.69295,145.44156,"run_day_11652_liz21_del_07_29.json","07",11652
145.44181,-14.693671,84,3.55,2021-11-26 07:25:00,0.0484616225677696,5388.68656649943,"moving",29,-14.69295,145.44156,"run_day_11652_liz21_del_07_29.json","07",11652
145.441927,-14.694088,84,3.55,2021-11-26 07:37:00,0.0480456332973722,5342.43067009267,"moving",29,-14.69295,145.44156,"run_day_11652_liz21_del_07_29.json","07",11652
145.44205,-14.694516,84,3.55,2021-11-26 07:49:00,0.0493960274508936,5492.58764893473,"moving",29,-14.69295,145.44156,"run_day_11652_liz21_del_07_29.json","07",11652
145.441507,-14.693557,85,3.55,2021-11-26 08:07:00,0.057750223960279,6421.53191697007,"moving",29,-14.69295,145.44156,"run_day_11652_liz21_del_07_29.json","07",11652
145.441638,-14.694073,85,3.55,2021-11-26 08:19:00,0.0590813354029162,6569.54475618983,"moving",29,-14.69295,145.44156,"run_day_11652_liz21_del_07_29.json","07",11652
145.441804,-14.694576,85,3.55,2021-11-26 08:31:00,0.0587117556049128,6528.44935766154,"moving",29,-14.69295,145.44156,"run_day_11652_liz21_del_07_29.json","07",11652
145.441688,-14.693501,86,3.55,2021-11-26 07:27:00,0.0533809871015668,5935.69494497286,"moving",29,-14.69295,145.44156,"run_day_11652_liz21_del_07_29.json","07",11652
145.44181,-14.693982,86,3.55,2021-11-26 07:39:00,0.0550709498345239,6123.61022709606,"moving",29,-14.69295,145.44156,"run_day_11652_liz21_del_07_29.json","07",11652
145.441947,-14.694442,86,3.55,2021-11-26 07:51:00,0.0532298994750646,5918.89476742704,"moving",29,-14.69295,145.44156,"run_day_11652_liz21_del_07_29.json","07",11652
145.441616,-14.69321,87,3.55,2021-11-26 07:26:00,0.051420739683028,5717.72537706325,"moving",29,-14.69295,145.44156,"run_day_11652_liz21_del_07_29.json","07",11652
145.441716,-14.693697,87,3.55,2021-11-26 07:38:00,0.0552097793166953,6139.04736118221,"moving",29,-14.69295,145.44156,"run_day_11652_liz21_del_07_29.json","07",11652
145.441848,-14.694173,87,3.55,2021-11-26 07:50:00,0.054799914914823,6093.4725190818,"moving",29,-14.69295,145.44156,"run_day_11652_liz21_del_07_29.json","07",11652
145.441996,-14.694631,87,3.55,2021-11-26 08:02:00,0.0533571823426022,5933.04797654599,"moving",29,-14.69295,145.44156,"run_day_11652_liz21_del_07_29.json","07",11652
145.441684,-14.693601,88,3.55,2021-11-26 07:49:00,0.0546705284823823,6079.08540421776,"moving",29,-14.69295,145.44156,"run_day_11652_liz21_del_07_29.json","07",11652
145.441805,-14.694088,88,3.55,2021-11-26 08:01:00,0.0556938960780901,6192.87868895291,"moving",29,-14.69295,145.44156,"run_day_11652_liz21_del_07_29.json","07",11652
145.441947,-14.694541,88,3.55,2021-11-26 08:13:00,0.0526359199335213,5852.84725587677,"moving",29,-14.69295,145.44156,"run_day_11652_liz21_del_07_29.json","07",11652
145.441735,-14.69319,89,3.55,2021-11-26 07:47:00,0.0479596251978812,5332.86700577893,"moving",29,-14.69295,145.44156,"run_day_11652_liz21_del_07_29.json","07",11652
145.441805,-14.693603,89,3.55,2021-11-26 07:59:00,0.0465366046779313,5174.6343434494,"moving",29,-14.69295,145.44156,"run_day_11652_liz21_del_07_29.json","07",11652
145.441897,-14.693993,89,3.55,2021-11-26 08:11:00,0.044480670739999,4946.02492003496,"moving",29,-14.69295,145.44156,"run_day_11652_liz21_del_07_29.json","07",11652
145.442006,-14.694378,89,3.55,2021-11-26 08:23:00,0.0443863541785852,4935.53739690718,"moving",29,-14.69295,145.44156,"run_day_11652_liz21_del_07_29.json","07",11652
145.441598,-14.693464,90,3.55,2021-11-26 07:15:00,0.0560887942522091,6236.78936245613,"moving",29,-14.69295,145.44156,"run_day_11652_liz21_del_07_29.json","07",11652
145.441735,-14.693976,90,3.55,2021-11-26 07:27:00,0.0588078646707655,6539.1361981889,"moving",29,-14.69295,145.44156,"run_day_11652_liz21_del_07_29.json","07",11652
145.441889,-14.694473,90,3.55,2021-11-26 07:39:00,0.0576928130606347,6415.14811619552,"moving",29,-14.69295,145.44156,"run_day_11652_liz21_del_07_29.json","07",11652
145.441746,-14.693531,91,3.55,2021-11-26 07:23:00,0.0520887614245963,5792.00600561391,"moving",29,-14.69295,145.44156,"run_day_11652_liz21_del_07_29.json","07",11652
145.441861,-14.693972,91,3.55,2021-11-26 07:35:00,0.0505729280282807,5623.45302230522,"moving",29,-14.69295,145.44156,"run_day_11652_liz21_del_07_29.json","07",11652
145.441988,-14.69441,91,3.55,2021-11-26 07:47:00,0.0505827183525062,5624.5416566893,"moving",29,-14.69295,145.44156,"run_day_11652_liz21_del_07_29.json","07",11652
145.441754,-14.693312,92,3.55,2021-11-26 08:07:00,0.0476687206928056,5300.51990067648,"moving",29,-14.69295,145.44156,"run_day_11652_liz21_del_07_29.json","07",11652
145.441824,-14.693708,92,3.55,2021-11-26 08:19:00,0.0446722412365036,4967.32658734105,"moving",29,-14.69295,145.44156,"run_day_11652_liz21_del_07_29.json","07",11652
145.441915,-14.694086,92,3.55,2021-11-26 08:31:00,0.0431562671794988,4798.75796327734,"moving",29,-14.69295,145.44156,"run_day_11652_liz21_del_07_29.json","07",11652
145.442028,-14.694466,92,3.55,2021-11-26 08:43:00,0.0439673500881518,4888.94626780767,"moving",29,-14.69295,145.44156,"run_day_11652_liz21_del_07_29.json","07",11652
145.441563,-14.693266,93,3.55,2021-11-26 07:25:00,0.0533314477666358,5930.18642225918,"moving",29,-14.69295,145.44156,"run_day_11652_liz21_del_07_29.json","07",11652
145.441678,-14.693767,93,3.55,2021-11-26 07:37:00,0.057065333402927,6345.37556168575,"moving",29,-14.69295,145.44156,"run_day_11652_liz21_del_07_29.json","07",11652
145.441824,-14.69427,93,3.55,2021-11-26 07:49:00,0.0580937347821447,6459.72857760903,"moving",29,-14.69295,145.44156,"run_day_11652_liz21_del_07_29.json","07",11652
145.441674,-14.693579,94,3.55,2021-11-26 07:33:00,0.054446541005552,6054.17913316231,"moving",29,-14.69295,145.44156,"run_day_11652_liz21_del_07_29.json","07",11652
145.441804,-14.694073,94,3.55,2021-11-26 07:45:00,0.0566820051928488,6302.75140948532,"moving",29,-14.69295,145.44156,"run_day_11652_liz21_del_07_29.json","07",11652
145.441951,-14.694541,94,3.55,2021-11-26 07:57:00,0.0543881409548744,6047.68534381118,"moving",29,-14.69295,145.44156,"run_day_11652_liz21_del_07_29.json","07",11652
145.441647,-14.693261,95,3.55,2021-11-26 07:11:00,0.0528125178124687,5872.48404407191,"moving",29,-14.69295,145.44156,"run_day_11652_liz21_del_07_29.json","07",11652
145.441751,-14.693747,95,3.55,2021-11-26 07:23:00,0.0551863150011722,6136.43824833885,"moving",29,-14.69295,145.44156,"run_day_11652_liz21_del_07_29.json","07",11652
145.441888,-14.694211,95,3.55,2021-11-26 07:35:00,0.0536574427018722,5966.43540516929,"moving",29,-14.69295,145.44156,"run_day_11652_liz21_del_07_29.json","07",11652
145.442034,-14.69467,95,3.55,2021-11-26 07:47:00,0.0533996674356136,5937.77210334689,"moving",29,-14.69295,145.44156,"run_day_11652_liz21_del_07_29.json","07",11652
145.441583,-14.693271,96,3.55,2021-11-26 08:07:00,0.0527257140724615,5862.83190856933,"moving",29,-14.69295,145.44156,"run_day_11652_liz21_del_07_29.json","07",11652
145.441679,-14.693756,96,3.55,2021-11-26 08:19:00,0.0549091384915348,6105.61762668212,"moving",29,-14.69295,145.44156,"run_day_11652_liz21_del_07_29.json","07",11652
145.441802,-14.694233,96,3.55,2021-11-26 08:31:00,0.0546650109616324,6078.47188390271,"moving",29,-14.69295,145.44156,"run_day_11652_liz21_del_07_29.json","07",11652
145.441952,-14.694678,96,3.55,2021-11-26 08:43:00,0.0520455481953147,5787.20091375387,"moving",29,-14.69295,145.44156,"run_day_11652_liz21_del_07_29.json","07",11652
145.441715,-14.693267,97,3.55,2021-11-26 07:11:00,0.0512528769024026,5699.05988748525,"moving",29,-14.69295,145.44156,"run_day_11652_liz21_del_07_29.json","07",11652
145.441805,-14.693709,97,3.55,2021-11-26 07:23:00,0.0500924033841493,5570.02111975013,"moving",29,-14.69295,145.44156,"run_day_11652_liz21_del_07_29.json","07",11652
145.441928,-14.694135,97,3.55,2021-11-26 07:35:00,0.0491818044842751,5468.767141876,"moving",29,-14.69295,145.44156,"run_day_11652_liz21_del_07_29.json","07",11652
145.442057,-14.694573,97,3.55,2021-11-26 07:47:00,0.0506412313144175,5631.04800119678,"moving",29,-14.69295,145.44156,"run_day_11652_liz21_del_07_29.json","07",11652
145.44164,-14.693543,98,3.55,2021-11-26 07:23:00,0.055275129829164,6146.31400662235,"moving",29,-14.69295,145.44156,"run_day_11652_liz21_del_07_29.json","07",11652
145.441776,-14.694048,98,3.55,2021-11-26 07:35:00,0.0580274502426069,6452.35807309746,"moving",29,-14.69295,145.44156,"run_day_11652_liz21_del_07_29.json","07",11652
145.441928,-14.694532,98,3.55,2021-11-26 07:47:00,0.0562467632667834,6254.35471544384,"moving",29,-14.69295,145.44156,"run_day_11652_liz21_del_07_29.json","07",11652
145.441659,-14.693433,99,3.55,2021-11-26 07:44:00,0.0531628154194504,5911.435360784,"moving",29,-14.69295,145.44156,"run_day_11652_liz21_del_07_29.json","07",11652
145.441767,-14.693925,99,3.55,2021-11-26 07:56:00,0.055927571828435,6218.86224687112,"moving",29,-14.69295,145.44156,"run_day_11652_liz21_del_07_29.json","07",11652
145.441902,-14.694384,99,3.55,2021-11-26 08:08:00,0.0530637928108703,5900.42454908679,"moving",29,-14.69295,145.44156,"run_day_11652_liz21_del_07_29.json","07",11652
145.441621,-14.693645,100,3.55,2021-11-26 08:01:00,0.0564276855772108,6274.47235848018,"moving",29,-14.69295,145.44156,"run_day_11652_liz21_del_07_29.json","07",11652
145.441749,-14.69415,100,3.55,2021-11-26 08:13:00,0.0578165332301224,6428.90517136616,"moving",29,-14.69295,145.44156,"run_day_11652_liz21_del_07_29.json","07",11652
145.441905,-14.69462,100,3.55,2021-11-26 08:25:00,0.0548890979515925,6103.38922031332,"moving",29,-14.69295,145.44156,"run_day_11652_liz21_del_07_29.json","07",11652
145.441709,-14.693565,101,3.55,2021-11-26 07:30:00,0.0535581682193507,5955.39658636764,"moving",29,-14.69295,145.44156,"run_day_11652_liz21_del_07_29.json","07",11652
145.441832,-14.694037,101,3.55,2021-11-26 07:42:00,0.0541257339384233,6018.50701486588,"moving",29,-14.69295,145.44156,"run_day_11652_liz21_del_07_29.json","07",11652
145.44197,-14.694492,101,3.55,2021-11-26 07:54:00,0.0527260540149728,5862.86970845194,"moving",29,-14.69295,145.44156,"run_day_11652_liz21_del_07_29.json","07",11652
145.441491,-14.693532,102,3.55,2021-11-26 07:51:00,0.0583566746252219,6488.96615417194,"moving",29,-14.69295,145.44156,"run_day_11652_liz21_del_07_29.json","07",11652
145.44163,-14.694062,102,3.55,2021-11-26 08:03:00,0.0608001299174886,6760.66598615479,"moving",29,-14.69295,145.44156,"run_day_11652_liz21_del_07_29.json","07",11652
145.441802,-14.694578,102,3.55,2021-11-26 08:15:00,0.0602853356573672,6703.42347616354,"moving",29,-14.69295,145.44156,"run_day_11652_liz21_del_07_29.json","07",11652
145.441759,-14.693251,103,3.55,2021-11-26 07:25:00,0.0473210605645694,5261.86185822001,"moving",29,-14.69295,145.44156,"run_day_11652_liz21_del_07_29.json","07",11652
145.441835,-14.693646,103,3.55,2021-11-26 07:37:00,0.0446762049970131,4967.76733740014,"moving",29,-14.69295,145.44156,"run_day_11652_liz21_del_07_29.json","07",11652
145.441938,-14.694035,103,3.55,2021-11-26 07:49:00,0.0446510165880084,4964.96651410857,"moving",29,-14.69295,145.44156,"run_day_11652_liz21_del_07_29.json","07",11652
145.442052,-14.694435,103,3.55,2021-11-26 08:01:00,0.0461371574467547,5130.21783788034,"moving",29,-14.69295,145.44156,"run_day_11652_liz21_del_07_29.json","07",11652
145.441604,-14.693581,104,3.55,2021-11-26 07:27:00,0.0562210274450312,6251.49302263197,"moving",29,-14.69295,145.44156,"run_day_11652_liz21_del_07_29.json","07",11652
145.441749,-14.694098,104,3.55,2021-11-26 07:39:00,0.0595657475304747,6623.40892717944,"moving",29,-14.69295,145.44156,"run_day_11652_liz21_del_07_29.json","07",11652
145.441911,-14.694595,104,3.55,2021-11-26 07:51:00,0.0579457171202226,6443.26976454951,"moving",29,-14.69295,145.44156,"run_day_11652_liz21_del_07_29.json","07",11652
145.441694,-14.693241,105,3.55,2021-11-26 07:14:00,0.0510746635358836,5679.2434652681,"moving",29,-14.69295,145.44156,"run_day_11652_liz21_del_07_29.json","07",11652
145.441786,-14.693697,105,3.55,2021-11-26 07:26:00,0.0516614370009884,5744.4896976774,"moving",29,-14.69295,145.44156,"run_day_11652_liz21_del_07_29.json","07",11652
145.44191,-14.694132,105,3.55,2021-11-26 07:38:00,0.0501748786191571,5579.19194745682,"moving",29,-14.69295,145.44156,"run_day_11652_liz21_del_07_29.json","07",11652
145.442042,-14.694573,105,3.55,2021-11-26 07:50:00,0.0510509286884476,5676.60427064854,"moving",29,-14.69295,145.44156,"run_day_11652_liz21_del_07_29.json","07",11652
145.441734,-14.693548,106,3.55,2021-11-26 07:56:00,0.052562090687032,5844.63781822917,"moving",29,-14.69295,145.44156,"run_day_11652_liz21_del_07_29.json","07",11652
145.441835,-14.693992,106,3.55,2021-11-26 08:08:00,0.0505515997189436,5621.08142251303,"moving",29,-14.69295,145.44156,"run_day_11652_liz21_del_07_29.json","07",11652
145.441957,-14.694411,106,3.55,2021-11-26 08:20:00,0.048403307708691,5382.2022500219,"moving",29,-14.69295,145.44156,"run_day_11652_liz21_del_07_29.json","07",11652
145.441627,-14.693493,107,3.55,2021-11-26 07:14:00,0.0557553076721249,6199.70734664673,"moving",29,-14.69295,145.44156,"run_day_11652_liz21_del_07_29.json","07",11652
145.441764,-14.694,107,3.55,2021-11-26 07:26:00,0.0582697925714518,6479.30531057624,"moving",29,-14.69295,145.44156,"run_day_11652_liz21_del_07_29.json","07",11652
145.441914,-14.694488,107,3.55,2021-11-26 07:38:00,0.0566108064988205,6294.83447592566,"moving",29,-14.69295,145.44156,"run_day_11652_liz21_del_07_29.json","07",11652
145.441558,-14.693314,108,3.55,2021-11-26 07:53:00,0.0542116778939808,6028.06354669964,"moving",29,-14.69295,145.44156,"run_day_11652_liz21_del_07_29.json","07",11652
145.441666,-14.693817,108,3.55,2021-11-26 08:05:00,0.0571246078540787,6351.96657993346,"moving",29,-14.69295,145.44156,"run_day_11652_liz21_del_07_29.json","07",11652
145.441804,-14.694311,108,3.55,2021-11-26 08:17:00,0.056900375368779,6327.03306517924,"moving",29,-14.69295,145.44156,"run_day_11652_liz21_del_07_29.json","07",11652
145.441742,-14.69356,109,3.55,2021-11-26 07:52:00,0.0522152114790291,5806.06661014076,"moving",29,-14.69295,145.44156,"run_day_11652_liz21_del_07_29.json","07",11652
145.441846,-14.694001,109,3.55,2021-11-26 08:04:00,0.0502966378956319,5592.73096127273,"moving",29,-14.69295,145.44156,"run_day_11652_liz21_del_07_29.json","07",11652
145.441969,-14.694421,109,3.55,2021-11-26 08:16:00,0.0485395527696747,5397.35200958367,"moving",29,-14.69295,145.44156,"run_day_11652_liz21_del_07_29.json","07",11652
145.441561,-14.693675,110,3.55,2021-11-26 07:13:00,0.0596985016494747,6638.17051170341,"moving",29,-14.69295,145.44156,"run_day_11652_liz21_del_07_29.json","07",11652
145.441726,-14.694208,110,3.55,2021-11-26 07:25:00,0.0618669936768522,6879.29582361696,"moving",29,-14.69295,145.44156,"run_day_11652_liz21_del_07_29.json","07",11652
145.441905,-14.69472,110,3.55,2021-11-26 07:37:00,0.0600991143353831,6682.71660992587,"moving",29,-14.69295,145.44156,"run_day_11652_liz21_del_07_29.json","07",11652
145.441693,-14.693431,111,3.55,2021-11-26 07:27:00,0.052466632692573,5834.02337353766,"moving",29,-14.69295,145.44156,"run_day_11652_liz21_del_07_29.json","07",11652
145.441803,-14.693904,111,3.55,2021-11-26 07:39:00,0.0539095320797608,5994.46646505149,"moving",29,-14.69295,145.44156,"run_day_11652_liz21_del_07_29.json","07",11652
145.441936,-14.694355,111,3.55,2021-11-26 07:51:00,0.0521493347285141,5798.74144969966,"moving",29,-14.69295,145.44156,"run_day_11652_liz21_del_07_29.json","07",11652
145.441723,-14.693619,112,3.55,2021-11-26 08:05:00,0.0534751700084376,5946.16760639353,"moving",29,-14.69295,145.44156,"run_day_11652_liz21_del_07_29.json","07",11652
145.441829,-14.694068,112,3.55,2021-11-26 08:17:00,0.0512117613603347,5694.48804780106,"moving",29,-14.69295,145.44156,"run_day_11652_liz21_del_07_29.json","07",11652
145.441958,-14.694493,112,3.55,2021-11-26 08:29:00,0.0492526062800794,5476.63994236676,"moving",29,-14.69295,145.44156,"run_day_11652_liz21_del_07_29.json","07",11652
145.441733,-14.693356,113,3.55,2021-11-26 07:53:00,0.0502060165578776,5582.6543282687,"moving",29,-14.69295,145.44156,"run_day_11652_liz21_del_07_29.json","07",11652
145.441815,-14.693786,113,3.55,2021-11-26 08:05:00,0.0486204684937475,5406.34942758634,"moving",29,-14.69295,145.44156,"run_day_11652_liz21_del_07_29.json","07",11652
145.441921,-14.694189,113,3.55,2021-11-26 08:17:00,0.0462391849592989,5141.56277965342,"moving",29,-14.69295,145.44156,"run_day_11652_liz21_del_07_29.json","07",11652
145.442046,-14.694591,113,3.55,2021-11-26 08:29:00,0.0466785135806603,5190.41389347856,"moving",29,-14.69295,145.44156,"run_day_11652_liz21_del_07_29.json","07",11652
145.441679,-14.693634,114,3.55,2021-11-26 07:31:00,0.0550774340860815,6124.33124297235,"moving",29,-14.69295,145.44156,"run_day_11652_liz21_del_07_29.json","07",11652
145.441815,-14.694129,114,3.55,2021-11-26 07:43:00,0.0569521000148764,6332.78458340775,"moving",29,-14.69295,145.44156,"run_day_11652_liz21_del_07_29.json","07",11652
145.441966,-14.694601,114,3.55,2021-11-26 07:55:00,0.0549395075038656,6108.99450678052,"moving",29,-14.69295,145.44156,"run_day_11652_liz21_del_07_29.json","07",11652
145.441702,-14.693169,115,3.55,2021-11-26 07:24:00,0.0489877787688995,5447.19246668766,"moving",29,-14.69295,145.44156,"run_day_11652_liz21_del_07_29.json","07",11652
145.441784,-14.693609,115,3.55,2021-11-26 07:36:00,0.049714380194258,5527.98685888023,"moving",29,-14.69295,145.44156,"run_day_11652_liz21_del_07_29.json","07",11652
145.441894,-14.69403,115,3.55,2021-11-26 07:48:00,0.0482850425222953,5369.05176129602,"moving",29,-14.69295,145.44156,"run_day_11652_liz21_del_07_29.json","07",11652
145.442016,-14.69445,115,3.55,2021-11-26 08:00:00,0.0485103472877406,5394.10450816238,"moving",29,-14.69295,145.44156,"run_day_11652_liz21_del_07_29.json","07",11652
145.441712,-14.693501,116,3.55,2021-11-26 07:48:00,0.0528549355504829,5877.20068133883,"moving",29,-14.69295,145.44156,"run_day_11652_liz21_del_07_29.json","07",11652
145.441816,-14.693963,116,3.55,2021-11-26 08:00:00,0.0525758146122577,5846.16384908791,"moving",29,-14.69295,145.44156,"run_day_11652_liz21_del_07_29.json","07",11652
145.441943,-14.694396,116,3.55,2021-11-26 08:12:00,0.0500476256986274,5565.0420682932,"moving",29,-14.69295,145.44156,"run_day_11652_liz21_del_07_29.json","07",11652
145.441743,-14.693399,117,3.55,2021-11-26 07:22:00,0.0506280226928008,5629.57926948504,"moving",29,-14.69295,145.44156,"run_day_11652_liz21_del_07_29.json","07",11652
145.441839,-14.693827,117,3.55,2021-11-26 07:34:00,0.0486986883498929,5415.04707875257,"moving",29,-14.69295,145.44156,"run_day_11652_liz21_del_07_29.json","07",11652
145.441961,-14.694249,117,3.55,2021-11-26 07:46:00,0.048724486793315,5417.91573477643,"moving",29,-14.69295,145.44156,"run_day_11652_liz21_del_07_29.json","07",11652
145.442096,-14.694677,117,3.55,2021-11-26 07:58:00,0.0497572510591049,5532.75388155206,"moving",29,-14.69295,145.44156,"run_day_11652_liz21_del_07_29.json","07",11652
145.441511,-14.693467,118,3.55,2021-11-26 07:36:00,0.0568450754921564,6320.88399945473,"moving",29,-14.69295,145.44156,"run_day_11652_liz21_del_07_29.json","07",11652
145.44165,-14.693993,118,3.55,2021-11-26 07:48:00,0.0603691070207283,6712.7384267674,"moving",29,-14.69295,145.44156,"run_day_11652_liz21_del_07_29.json","07",11652
145.441819,-14.694516,118,3.55,2021-11-26 08:00:00,0.0609295717575408,6775.05926206412,"moving",29,-14.69295,145.44156,"run_day_11652_liz21_del_07_29.json","07",11652
145.441761,-14.693318,119,3.55,2021-11-26 08:01:00,0.0475590063554071,5288.3202229776,"moving",29,-14.69295,145.44156,"run_day_11652_liz21_del_07_29.json","07",11652
145.441831,-14.693713,119,3.55,2021-11-26 08:13:00,0.0445626408966307,4955.13958558866,"moving",29,-14.69295,145.44156,"run_day_11652_liz21_del_07_29.json","07",11652
145.441924,-14.694089,119,3.55,2021-11-26 08:25:00,0.0429892465954202,4780.1861216826,"moving",29,-14.69295,145.44156,"run_day_11652_liz21_del_07_29.json","07",11652
145.442035,-14.694468,119,3.55,2021-11-26 08:37:00,0.0438013762531049,4870.49081939472,"moving",29,-14.69295,145.44156,"run_day_11652_liz21_del_07_29.json","07",11652
145.441631,-14.693521,120,3.55,2021-11-26 08:05:00,0.0545135462939202,6061.62978128721,"moving",29,-14.69295,145.44156,"run_day_11652_liz21_del_07_29.json","07",11652
145.441742,-14.694015,120,3.55,2021-11-26 08:17:00,0.0562127770352038,6250.57561891642,"moving",29,-14.69295,145.44156,"run_day_11652_liz21_del_07_29.json","07",11652
145.441883,-14.694475,120,3.55,2021-11-26 08:29:00,0.0533506005299939,5932.31611237583,"moving",29,-14.69295,145.44156,"run_day_11652_liz21_del_07_29.json","07",11652
145.441684,-14.693476,121,3.55,2021-11-26 08:06:00,0.0526550007869205,5854.96894997081,"moving",29,-14.69295,145.44156,"run_day_11652_liz21_del_07_29.json","07",11652
145.441781,-14.693944,121,3.55,2021-11-26 08:18:00,0.0530747761442934,5901.64584004108,"moving",29,-14.69295,145.44156,"run_day_11652_liz21_del_07_29.json","07",11652
145.441907,-14.694377,121,3.55,2021-11-26 08:30:00,0.05001837638013,5561.78969246848,"moving",29,-14.69295,145.44156,"run_day_11652_liz21_del_07_29.json","07",11652
145.441534,-14.693367,122,3.55,2021-11-26 07:34:00,0.0551281959432538,6129.97570395697,"moving",29,-14.69295,145.44156,"run_day_11652_liz21_del_07_29.json","07",11652
145.441659,-14.693881,122,3.55,2021-11-26 07:46:00,0.0587142603175048,6528.72786899447,"moving",29,-14.69295,145.44156,"run_day_11652_liz21_del_07_29.json","07",11652
145.441816,-14.694397,122,3.55,2021-11-26 07:58:00,0.0598099527720712,6650.56331110498,"moving",29,-14.69295,145.44156,"run_day_11652_liz21_del_07_29.json","07",11652
145.441545,-14.693316,123,3.55,2021-11-26 07:32:00,0.0541879169021936,6025.42144496086,"moving",29,-14.69295,145.44156,"run_day_11652_liz21_del_07_29.json","07",11652
145.441664,-14.693824,123,3.55,2021-11-26 07:44:00,0.0579189929758137,6440.29817527231,"moving",29,-14.69295,145.44156,"run_day_11652_liz21_del_07_29.json","07",11652
145.441815,-14.694335,123,3.55,2021-11-26 07:56:00,0.0590961994727868,6571.19756534874,"moving",29,-14.69295,145.44156,"run_day_11652_liz21_del_07_29.json","07",11652
145.441527,-14.693578,124,3.55,2021-11-26 08:02:00,0.0577260794086519,6418.84716532302,"moving",29,-14.69295,145.44156,"run_day_11652_liz21_del_07_29.json","07",11652
145.441659,-14.694095,124,3.55,2021-11-26 08:14:00,0.0592150240998199,6584.41026103525,"moving",29,-14.69295,145.44156,"run_day_11652_liz21_del_07_29.json","07",11652
145.441825,-14.694595,124,3.55,2021-11-26 08:26:00,0.058394057681772,6493.12296040276,"moving",29,-14.69295,145.44156,"run_day_11652_liz21_del_07_29.json","07",11652
145.441635,-14.693197,125,3.55,2021-11-26 07:14:00,0.0518109265868112,5761.11218120709,"moving",29,-14.69295,145.44156,"run_day_11652_liz21_del_07_29.json","07",11652
145.441734,-14.693678,125,3.55,2021-11-26 07:26:00,0.0545344444316751,6063.95354818188,"moving",29,-14.69295,145.44156,"run_day_11652_liz21_del_07_29.json","07",11652
145.441866,-14.694144,125,3.55,2021-11-26 07:38:00,0.0537267056753371,5974.13709642291,"moving",29,-14.69295,145.44156,"run_day_11652_liz21_del_07_29.json","07",11652
145.442009,-14.694602,125,3.55,2021-11-26 07:50:00,0.0531992149438309,5915.48280322739,"moving",29,-14.69295,145.44156,"run_day_11652_liz21_del_07_29.json","07",11652
145.441484,-14.693438,126,3.55,2021-11-26 07:50:00,0.0573846561045589,6380.88262606966,"moving",29,-14.69295,145.44156,"run_day_11652_liz21_del_07_29.json","07",11652
145.441616,-14.693964,126,3.55,2021-11-26 08:02:00,0.060187067741001,6692.49658241169,"moving",29,-14.69295,145.44156,"run_day_11652_liz21_del_07_29.json","07",11652
145.44178,-14.694482,126,3.55,2021-11-26 08:14:00,0.0602394771149223,6698.32423890036,"moving",29,-14.69295,145.44156,"run_day_11652_liz21_del_07_29.json","07",11652
145.441718,-14.693428,127,3.55,2021-11-26 08:08:00,0.0510829645676385,5680.16649788516,"moving",29,-14.69295,145.44156,"run_day_11652_liz21_del_07_29.json","07",11652
145.441804,-14.693867,127,3.55,2021-11-26 08:20:00,0.0496832509310899,5524.52544274574,"moving",29,-14.69295,145.44156,"run_day_11652_liz21_del_07_29.json","07",11652
145.441916,-14.694278,127,3.55,2021-11-26 08:32:00,0.0472621462136482,5255.31088129102,"moving",29,-14.69295,145.44156,"run_day_11652_liz21_del_07_29.json","07",11652
145.44205,-14.694684,127,3.55,2021-11-26 08:44:00,0.0473899949488859,5269.52701202738,"moving",29,-14.69295,145.44156,"run_day_11652_liz21_del_07_29.json","07",11652
145.441686,-14.693674,128,3.55,2021-11-26 07:31:00,0.0555567634913554,6177.63024103036,"moving",29,-14.69295,145.44156,"run_day_11652_liz21_del_07_29.json","07",11652
145.441826,-14.694168,128,3.55,2021-11-26 07:43:00,0.0569568718131407,6333.31518316571,"moving",29,-14.69295,145.44156,"run_day_11652_liz21_del_07_29.json","07",11652
145.441979,-14.694639,128,3.55,2021-11-26 07:55:00,0.0548973918559966,6104.31146040514,"moving",29,-14.69295,145.44156,"run_day_11652_liz21_del_07_29.json","07",11652
145.44159,-14.693549,129,3.55,2021-11-26 07:47:00,0.0561271163171912,6241.05058166069,"moving",29,-14.69295,145.44156,"run_day_11652_liz21_del_07_29.json","07",11652
145.441721,-14.694068,129,3.55,2021-11-26 07:59:00,0.0594053481823162,6605.57333342712,"moving",29,-14.69295,145.44156,"run_day_11652_liz21_del_07_29.json","07",11652
145.441879,-14.694557,129,3.55,2021-11-26 08:11:00,0.0569681362852405,6334.56773531454,"moving",29,-14.69295,145.44156,"run_day_11652_liz21_del_07_29.json","07",11652
145.441626,-14.693409,130,3.55,2021-11-26 08:05:00,0.0534018975643872,5938.02008235227,"moving",29,-14.69295,145.44156,"run_day_11652_liz21_del_07_29.json","07",11652
145.441727,-14.693897,130,3.55,2021-11-26 08:17:00,0.0553398595509422,6153.5116232872,"moving",29,-14.69295,145.44156,"run_day_11652_liz21_del_07_29.json","07",11652
145.441858,-14.694357,130,3.55,2021-11-26 08:29:00,0.0530548754131782,5899.43297970455,"moving",29,-14.69295,145.44156,"run_day_11652_liz21_del_07_29.json","07",11652
145.441555,-14.693242,131,3.55,2021-11-26 07:20:00,0.0537054451901731,5971.77303833467,"moving",29,-14.69295,145.44156,"run_day_11652_liz21_del_07_29.json","07",11652
145.44167,-14.69374,131,3.55,2021-11-26 07:32:00,0.0567397256770325,6309.16963449001,"moving",29,-14.69295,145.44156,"run_day_11652_liz21_del_07_29.json","07",11652
145.441818,-14.694246,131,3.55,2021-11-26 07:44:00,0.058473167246691,6501.91954267082,"moving",29,-14.69295,145.44156,"run_day_11652_liz21_del_07_29.json","07",11652
145.441561,-14.693323,132,3.55,2021-11-26 07:33:00,0.0538973081297858,5993.10722383072,"moving",29,-14.69295,145.44156,"run_day_11652_liz21_del_07_29.json","07",11652
145.441678,-14.69383,132,3.55,2021-11-26 07:45:00,0.0577633056542198,6422.9865349682,"moving",29,-14.69295,145.44156,"run_day_11652_liz21_del_07_29.json","07",11652
145.441827,-14.694335,132,3.55,2021-11-26 07:57:00,0.0583956050006258,6493.29501440921,"moving",29,-14.69295,145.44156,"run_day_11652_liz21_del_07_29.json","07",11652
145.44175,-14.693224,133,3.55,2021-11-26 07:56:00,0.0473573132953976,5265.89297796512,"moving",29,-14.69295,145.44156,"run_day_11652_liz21_del_07_29.json","07",11652
145.441818,-14.693623,133,3.55,2021-11-26 08:08:00,0.0449655987148851,4999.94645063032,"moving",29,-14.69295,145.44156,"run_day_11652_liz21_del_07_29.json","07",11652
145.441905,-14.693999,133,3.55,2021-11-26 08:20:00,0.0428436822768514,4764.00010795728,"moving",29,-14.69295,145.44156,"run_day_11652_liz21_del_07_29.json","07",11652
145.442012,-14.694374,133,3.55,2021-11-26 08:32:00,0.043257160870591,4809.97682985724,"moving",29,-14.69295,145.44156,"run_day_11652_liz21_del_07_29.json","07",11652
145.441595,-14.693529,134,3.55,2021-11-26 07:12:00,0.0571361464750923,6353.24961605065,"moving",29,-14.69295,145.44156,"run_day_11652_liz21_del_07_29.json","07",11652
145.441741,-14.694048,134,3.55,2021-11-26 07:24:00,0.0598085592973491,6650.40836378548,"moving",29,-14.69295,145.44156,"run_day_11652_liz21_del_07_29.json","07",11652
145.441901,-14.694548,134,3.55,2021-11-26 07:36:00,0.0581999798578685,6471.54249101049,"moving",29,-14.69295,145.44156,"run_day_11652_liz21_del_07_29.json","07",11652
145.441662,-14.693138,135,3.55,2021-11-26 07:43:00,0.0493555435048776,5488.08603952719,"moving",29,-14.69295,145.44156,"run_day_11652_liz21_del_07_29.json","07",11652
145.441744,-14.693605,135,3.55,2021-11-26 07:55:00,0.0526717119524448,5856.82714679543,"moving",29,-14.69295,145.44156,"run_day_11652_liz21_del_07_29.json","07",11652
145.44185,-14.694046,135,3.55,2021-11-26 08:07:00,0.0503449165616231,5598.09930399611,"moving",29,-14.69295,145.44156,"run_day_11652_liz21_del_07_29.json","07",11652
145.441976,-14.694466,135,3.55,2021-11-26 08:19:00,0.048628489208174,5407.24129033862,"moving",29,-14.69295,145.44156,"run_day_11652_liz21_del_07_29.json","07",11652
145.441744,-14.693279,136,3.55,2021-11-26 07:46:00,0.048525797941831,5395.82254251058,"moving",29,-14.69295,145.44156,"run_day_11652_liz21_del_07_29.json","07",11652
145.441819,-14.693694,136,3.55,2021-11-26 07:58:00,0.0468456852528998,5209.00253531028,"moving",29,-14.69295,145.44156,"run_day_11652_liz21_del_07_29.json","07",11652
145.441918,-14.694087,136,3.55,2021-11-26 08:10:00,0.0449782304774159,5001.35103853831,"moving",29,-14.69295,145.44156,"run_day_11652_liz21_del_07_29.json","07",11652
145.442034,-14.69448,136,3.55,2021-11-26 08:22:00,0.045445842021921,5053.34706992771,"moving",29,-14.69295,145.44156,"run_day_11652_liz21_del_07_29.json","07",11652
145.441729,-14.693445,137,3.55,2021-11-26 07:34:00,0.0514130975594868,5716.87561169667,"moving",29,-14.69295,145.44156,"run_day_11652_liz21_del_07_29.json","07",11652
145.44183,-14.69389,137,3.55,2021-11-26 07:46:00,0.0506602034931902,5633.1576112237,"moving",29,-14.69295,145.44156,"run_day_11652_liz21_del_07_29.json","07",11652
145.441954,-14.69432,137,3.55,2021-11-26 07:58:00,0.0496391225356779,5519.61858905496,"moving",29,-14.69295,145.44156,"run_day_11652_liz21_del_07_29.json","07",11652
145.441575,-14.693629,138,3.55,2021-11-26 07:26:00,0.0575243011029648,6396.41044142368,"moving",29,-14.69295,145.44156,"run_day_11652_liz21_del_07_29.json","07",11652
145.441729,-14.694156,138,3.55,2021-11-26 07:38:00,0.0608957565714946,6771.29918493225,"moving",29,-14.69295,145.44156,"run_day_11652_liz21_del_07_29.json","07",11652
145.441901,-14.694664,138,3.55,2021-11-26 07:50:00,0.059439321764526,6609.35102340879,"moving",29,-14.69295,145.44156,"run_day_11652_liz21_del_07_29.json","07",11652
145.441648,-14.693451,139,3.55,2021-11-26 07:30:00,0.0535095657925177,5949.99224308119,"moving",29,-14.69295,145.44156,"run_day_11652_liz21_del_07_29.json","07",11652
145.441768,-14.693948,139,3.55,2021-11-26 07:42:00,0.0567510971790821,6310.43408782626,"moving",29,-14.69295,145.44156,"run_day_11652_liz21_del_07_29.json","07",11652
145.441911,-14.694421,139,3.55,2021-11-26 07:54:00,0.0547980336497968,6093.26333195522,"moving",29,-14.69295,145.44156,"run_day_11652_liz21_del_07_29.json","07",11652
145.441669,-14.693543,140,3.55,2021-11-26 07:28:00,0.0542716284674029,6034.72974631361,"moving",29,-14.69295,145.44156,"run_day_11652_liz21_del_07_29.json","07",11652
145.441798,-14.694037,140,3.55,2021-11-26 07:40:00,0.0566555686563489,6299.81180074847,"moving",29,-14.69295,145.44156,"run_day_11652_liz21_del_07_29.json","07",11652
145.441943,-14.694508,140,3.55,2021-11-26 07:52:00,0.054645622663081,6076.31600346753,"moving",29,-14.69295,145.44156,"run_day_11652_liz21_del_07_29.json","07",11652
145.441667,-14.69325,141,3.55,2021-11-26 07:14:00,0.0518332251484289,5763.59166813044,"moving",29,-14.69295,145.44156,"run_day_11652_liz21_del_07_29.json","07",11652
145.441765,-14.693724,141,3.55,2021-11-26 07:26:00,0.0537500799601001,5976.7361983025,"moving",29,-14.69295,145.44156,"run_day_11652_liz21_del_07_29.json","07",11652
145.441896,-14.694177,141,3.55,2021-11-26 07:38:00,0.0523048736707352,5816.03659097031,"moving",29,-14.69295,145.44156,"run_day_11652_liz21_del_07_29.json","07",11652
145.442037,-14.694628,141,3.55,2021-11-26 07:50:00,0.0523919006487456,5825.71354940628,"moving",29,-14.69295,145.44156,"run_day_11652_liz21_del_07_29.json","07",11652
145.441742,-14.693505,142,3.55,2021-11-26 07:20:00,0.0522173606949328,5806.30559204552,"moving",29,-14.69295,145.44156,"run_day_11652_liz21_del_07_29.json","07",11652
145.441855,-14.693946,142,3.55,2021-11-26 07:32:00,0.0505207453724256,5617.6505757153,"moving",29,-14.69295,145.44156,"run_day_11652_liz21_del_07_29.json","07",11652
145.441982,-14.694385,142,3.55,2021-11-26 07:44:00,0.0506897912876174,5636.44762385461,"moving",29,-14.69295,145.44156,"run_day_11652_liz21_del_07_29.json","07",11652
145.44156,-14.693443,143,3.55,2021-11-26 07:13:00,0.0568004148530451,6315.91796296486,"moving",29,-14.69295,145.44156,"run_day_11652_liz21_del_07_29.json","07",11652
145.4417,-14.693961,143,3.55,2021-11-26 07:25:00,0.0595347806255284,6619.96556445552,"moving",29,-14.69295,145.44156,"run_day_11652_liz21_del_07_29.json","07",11652
145.441861,-14.694471,143,3.55,2021-11-26 07:37:00,0.05929444319811,6593.2412618438,"moving",29,-14.69295,145.44156,"run_day_11652_liz21_del_07_29.json","07",11652
145.441591,-14.693326,144,3.55,2021-11-26 08:01:00,0.0535317231817873,5952.45603235566,"moving",29,-14.69295,145.44156,"run_day_11652_liz21_del_07_29.json","07",11652
145.441691,-14.693818,144,3.55,2021-11-26 08:13:00,0.0557552052506297,6199.69595789608,"moving",29,-14.69295,145.44156,"run_day_11652_liz21_del_07_29.json","07",11652
145.441821,-14.694294,144,3.55,2021-11-26 08:25:00,0.0547445743307753,6087.31892689815,"moving",29,-14.69295,145.44156,"run_day_11652_liz21_del_07_29.json","07",11652
145.441569,-14.69326,145,3.55,2021-11-26 07:52:00,0.0532735288598311,5923.74613366571,"moving",29,-14.69295,145.44156,"run_day_11652_liz21_del_07_29.json","07",11652
145.441672,-14.693758,145,3.55,2021-11-26 08:04:00,0.0564724039158305,6279.44481086267,"moving",29,-14.69295,145.44156,"run_day_11652_liz21_del_07_29.json","07",11652
145.441803,-14.694247,145,3.55,2021-11-26 08:16:00,0.0561702612944145,6245.84808423811,"moving",29,-14.69295,145.44156,"run_day_11652_liz21_del_07_29.json","07",11652
145.441958,-14.694702,145,3.55,2021-11-26 08:28:00,0.0532696925667248,5923.31955733516,"moving",29,-14.69295,145.44156,"run_day_11652_liz21_del_07_29.json","07",11652
145.441697,-14.693167,146,3.55,2021-11-26 07:22:00,0.0492463230717292,5475.94128147517,"moving",29,-14.69295,145.44156,"run_day_11652_liz21_del_07_29.json","07",11652
145.44178,-14.69361,146,3.55,2021-11-26 07:34:00,0.0500617770158175,5566.61562297008,"moving",29,-14.69295,145.44156,"run_day_11652_liz21_del_07_29.json","07",11652
145.441892,-14.694035,146,3.55,2021-11-26 07:46:00,0.0487690752533408,5422.87374531819,"moving",29,-14.69295,145.44156,"run_day_11652_liz21_del_07_29.json","07",11652
145.442016,-14.69446,146,3.55,2021-11-26 07:58:00,0.0491038167713766,5460.09530386107,"moving",29,-14.69295,145.44156,"run_day_11652_liz21_del_07_29.json","07",11652
145.441715,-14.693254,147,3.55,2021-11-26 07:33:00,0.0494249958164722,5495.80878422025,"moving",29,-14.69295,145.44156,"run_day_11652_liz21_del_07_29.json","07",11652
145.441798,-14.693694,147,3.55,2021-11-26 07:45:00,0.0497335741121113,5530.12112516794,"moving",29,-14.69295,145.44156,"run_day_11652_liz21_del_07_29.json","07",11652
145.441909,-14.694112,147,3.55,2021-11-26 07:57:00,0.0479883418397022,5336.06015065969,"moving",29,-14.69295,145.44156,"run_day_11652_liz21_del_07_29.json","07",11652
145.442035,-14.69453,147,3.55,2021-11-26 08:09:00,0.0484149487955358,5383.49667981968,"moving",29,-14.69295,145.44156,"run_day_11652_liz21_del_07_29.json","07",11652
145.441521,-14.693494,148,3.55,2021-11-26 07:59:00,0.0570517697048153,6343.8673472692,"moving",29,-14.69295,145.44156,"run_day_11652_liz21_del_07_29.json","07",11652
145.441648,-14.694011,148,3.55,2021-11-26 08:11:00,0.0590883883846264,6570.32901197373,"moving",29,-14.69295,145.44156,"run_day_11652_liz21_del_07_29.json","07",11652
145.441808,-14.694514,148,3.55,2021-11-26 08:23:00,0.0585187317511075,6506.98608439701,"moving",29,-14.69295,145.44156,"run_day_11652_liz21_del_07_29.json","07",11652
145.44161,-14.693195,149,3.55,2021-11-26 07:51:00,0.0514404474641279,5719.91678233697,"moving",29,-14.69295,145.44156,"run_day_11652_liz21_del_07_29.json","07",11652
145.441702,-14.693681,149,3.55,2021-11-26 08:03:00,0.054939235067171,6108.96421320224,"moving",29,-14.69295,145.44156,"run_day_11652_liz21_del_07_29.json","07",11652
145.441819,-14.694151,149,3.55,2021-11-26 08:15:00,0.0537553856276209,5977.32616161327,"moving",29,-14.69295,145.44156,"run_day_11652_liz21_del_07_29.json","07",11652
145.441961,-14.69459,149,3.55,2021-11-26 08:27:00,0.0511481614815256,5687.41606394228,"moving",29,-14.69295,145.44156,"run_day_11652_liz21_del_07_29.json","07",11652
145.441703,-14.69328,150,3.55,2021-11-26 08:07:00,0.0497861876149215,5535.97147975344,"moving",29,-14.69295,145.44156,"run_day_11652_liz21_del_07_29.json","07",11652
145.44178,-14.693721,150,3.55,2021-11-26 08:19:00,0.0497314313322766,5529.88285892141,"moving",29,-14.69295,145.44156,"run_day_11652_liz21_del_07_29.json","07",11652
145.441881,-14.694131,150,3.55,2021-11-26 08:31:00,0.0468663409151801,5211.29934016233,"moving",29,-14.69295,145.44156,"run_day_11652_liz21_del_07_29.json","07",11652
145.442005,-14.694533,150,3.55,2021-11-26 08:43:00,0.0466476485029671,5186.98185342859,"moving",29,-14.69295,145.44156,"run_day_11652_liz21_del_07_29.json","07",11652
145.441689,-14.693582,151,3.55,2021-11-26 07:59:00,0.0541349023438656,6019.52649503649,"moving",29,-14.69295,145.44156,"run_day_11652_liz21_del_07_29.json","07",11652
145.4418,-14.694058,151,3.55,2021-11-26 08:11:00,0.0542585970302684,6033.28071661737,"moving",29,-14.69295,145.44156,"run_day_11652_liz21_del_07_29.json","07",11652
145.441936,-14.6945,151,3.55,2021-11-26 08:23:00,0.0512788146666198,5701.94403527471,"moving",29,-14.69295,145.44156,"run_day_11652_liz21_del_07_29.json","07",11652
145.441724,-14.693619,152,3.55,2021-11-26 07:59:00,0.0537309911021709,5974.61361414533,"moving",29,-14.69295,145.44156,"run_day_11652_liz21_del_07_29.json","07",11652
145.441833,-14.694074,152,3.55,2021-11-26 08:11:00,0.0519342891787238,5774.82947556549,"moving",29,-14.69295,145.44156,"run_day_11652_liz21_del_07_29.json","07",11652
145.441964,-14.694503,152,3.55,2021-11-26 08:23:00,0.0497400386523437,5530.83994924488,"moving",29,-14.69295,145.44156,"run_day_11652_liz21_del_07_29.json","07",11652
145.441716,-14.693269,153,3.55,2021-11-26 08:09:00,0.0491833105607483,5468.93460993896,"moving",29,-14.69295,145.44156,"run_day_11652_liz21_del_07_29.json","07",11652
145.44179,-14.693696,153,3.55,2021-11-26 08:21:00,0.0481427406742999,5353.2285177468,"moving",29,-14.69295,145.44156,"run_day_11652_liz21_del_07_29.json","07",11652
145.441886,-14.694096,153,3.55,2021-11-26 08:33:00,0.0456607902707765,5077.24822469157,"moving",29,-14.69295,145.44156,"run_day_11652_liz21_del_07_29.json","07",11652
145.442005,-14.694492,153,3.55,2021-11-26 08:45:00,0.0458557175212166,5098.92314600529,"moving",29,-14.69295,145.44156,"run_day_11652_liz21_del_07_29.json","07",11652
145.441699,-14.693134,154,3.55,2021-11-26 07:34:00,0.048292460843412,5369.87664096843,"moving",29,-14.69295,145.44156,"run_day_11652_liz21_del_07_29.json","07",11652
145.441776,-14.693575,154,3.55,2021-11-26 07:46:00,0.0497314322536769,5529.88296137644,"moving",29,-14.69295,145.44156,"run_day_11652_liz21_del_07_29.json","07",11652
145.441878,-14.693993,154,3.55,2021-11-26 07:58:00,0.0477567139792349,5310.3043077062,"moving",29,-14.69295,145.44156,"run_day_11652_liz21_del_07_29.json","07",11652
145.441996,-14.694402,154,3.55,2021-11-26 08:10:00,0.0472164982014571,5250.23505392397,"moving",29,-14.69295,145.44156,"run_day_11652_liz21_del_07_29.json","07",11652
145.441594,-14.693487,155,3.55,2021-11-26 08:02:00,0.0551863176989914,6136.43854832266,"moving",29,-14.69295,145.44156,"run_day_11652_liz21_del_07_29.json","07",11652
145.441709,-14.693988,155,3.55,2021-11-26 08:14:00,0.0570653306911262,6345.37526014727,"moving",29,-14.69295,145.44156,"run_day_11652_liz21_del_07_29.json","07",11652
145.441854,-14.694464,155,3.55,2021-11-26 08:26:00,0.0551787023743796,6135.59176286108,"moving",29,-14.69295,145.44156,"run_day_11652_liz21_del_07_29.json","07",11652
145.441581,-14.693559,156,3.55,2021-11-26 07:23:00,0.0567756612958652,6313.16549299004,"moving",29,-14.69295,145.44156,"run_day_11652_liz21_del_07_29.json","07",11652
145.441728,-14.69408,156,3.55,2021-11-26 07:35:00,0.0600514039724361,6677.41145961779,"moving",29,-14.69295,145.44156,"run_day_11652_liz21_del_07_29.json","07",11652
145.441893,-14.694585,156,3.55,2021-11-26 07:47:00,0.0588911489425269,6548.39698667806,"moving",29,-14.69295,145.44156,"run_day_11652_liz21_del_07_29.json","07",11652
145.441528,-14.69343,157,3.55,2021-11-26 07:47:00,0.05618524128957,6247.51378370057,"moving",29,-14.69295,145.44156,"run_day_11652_liz21_del_07_29.json","07",11652
145.441654,-14.69395,157,3.55,2021-11-26 07:59:00,0.059388350836081,6603.68331475935,"moving",29,-14.69295,145.44156,"run_day_11652_liz21_del_07_29.json","07",11652
145.441812,-14.694459,157,3.55,2021-11-26 08:11:00,0.059094504813066,6571.00912778539,"moving",29,-14.69295,145.44156,"run_day_11652_liz21_del_07_29.json","07",11652
145.441694,-14.693261,158,3.55,2021-11-26 08:04:00,0.0500427108443125,5564.49556142819,"moving",29,-14.69295,145.44156,"run_day_11652_liz21_del_07_29.json","07",11652
145.441772,-14.69371,158,3.55,2021-11-26 08:16:00,0.0506264983880425,5629.40977452925,"moving",29,-14.69295,145.44156,"run_day_11652_liz21_del_07_29.json","07",11652
145.441874,-14.694126,158,3.55,2021-11-26 08:28:00,0.0475402977545456,5286.23992147718,"moving",29,-14.69295,145.44156,"run_day_11652_liz21_del_07_29.json","07",11652
145.441999,-14.694532,158,3.55,2021-11-26 08:40:00,0.0471046195874065,5237.79471964151,"moving",29,-14.69295,145.44156,"run_day_11652_liz21_del_07_29.json","07",11652
145.441645,-14.693333,159,3.55,2021-11-26 07:20:00,0.0528345275706245,5874.93141751551,"moving",29,-14.69295,145.44156,"run_day_11652_liz21_del_07_29.json","07",11652
145.441755,-14.693821,159,3.55,2021-11-26 07:32:00,0.0555379988686321,6175.54371018313,"moving",29,-14.69295,145.44156,"run_day_11652_liz21_del_07_29.json","07",11652
145.441893,-14.69429,159,3.55,2021-11-26 07:44:00,0.0542216002141713,6029.16685836537,"moving",29,-14.69295,145.44156,"run_day_11652_liz21_del_07_29.json","07",11652
145.441671,-14.693166,160,3.55,2021-11-26 07:35:00,0.0493963118439947,5492.61927200473,"moving",29,-14.69295,145.44156,"run_day_11652_liz21_del_07_29.json","07",11652
145.441755,-14.693631,160,3.55,2021-11-26 07:47:00,0.0524890750235201,5836.51884688106,"moving",29,-14.69295,145.44156,"run_day_11652_liz21_del_07_29.json","07",11652
145.441866,-14.694071,160,3.55,2021-11-26 07:59:00,0.0503613916431169,5599.93124947428,"moving",29,-14.69295,145.44156,"run_day_11652_liz21_del_07_29.json","07",11652
145.441995,-14.694497,160,3.55,2021-11-26 08:11:00,0.0493593076176106,5488.50458976642,"moving",29,-14.69295,145.44156,"run_day_11652_liz21_del_07_29.json","07",11652
145.441686,-14.693599,161,3.55,2021-11-26 08:03:00,0.054244308573268,6031.69191268934,"moving",29,-14.69295,145.44156,"run_day_11652_liz21_del_07_29.json","07",11652
145.441798,-14.694074,161,3.55,2021-11-26 08:15:00,0.05417394862371,6023.86824325952,"moving",29,-14.69295,145.44156,"run_day_11652_liz21_del_07_29.json","07",11652
145.441935,-14.694515,161,3.55,2021-11-26 08:27:00,0.0512030993393868,5693.52487501716,"moving",29,-14.69295,145.44156,"run_day_11652_liz21_del_07_29.json","07",11652
145.441702,-14.693477,162,3.55,2021-11-26 07:19:00,0.0534489774488158,5943.25512664775,"moving",29,-14.69295,145.44156,"run_day_11652_liz21_del_07_29.json","07",11652
145.44182,-14.693946,162,3.55,2021-11-26 07:31:00,0.0536726220718548,5968.12327410102,"moving",29,-14.69295,145.44156,"run_day_11652_liz21_del_07_29.json","07",11652
145.441954,-14.694402,162,3.55,2021-11-26 07:43:00,0.0527135090824463,5861.4747755999,"moving",29,-14.69295,145.44156,"run_day_11652_liz21_del_07_29.json","07",11652
145.441696,-14.693463,163,3.55,2021-11-26 08:07:00,0.0522700196969397,5812.16100591085,"moving",29,-14.69295,145.44156,"run_day_11652_liz21_del_07_29.json","07",11652
145.44179,-14.693921,163,3.55,2021-11-26 08:19:00,0.0519211847885847,5773.37233386526,"moving",29,-14.69295,145.44156,"run_day_11652_liz21_del_07_29.json","07",11652
145.441911,-14.694347,163,3.55,2021-11-26 08:31:00,0.0491243727637434,5462.3810259244,"moving",29,-14.69295,145.44156,"run_day_11652_liz21_del_07_29.json","07",11652
145.441665,-14.693502,164,3.55,2021-11-26 08:04:00,0.0536075156539643,5960.8837707396,"moving",29,-14.69295,145.44156,"run_day_11652_liz21_del_07_29.json","07",11652
145.441769,-14.693982,164,3.55,2021-11-26 08:16:00,0.0545331600043204,6063.81072637639,"moving",29,-14.69295,145.44156,"run_day_11652_liz21_del_07_29.json","07",11652
145.441902,-14.694427,164,3.55,2021-11-26 08:28:00,0.0515080812335751,5727.43731436935,"moving",29,-14.69295,145.44156,"run_day_11652_liz21_del_07_29.json","07",11652
145.441774,-14.69335,165,3.55,2021-11-26 07:29:00,0.046973823276155,5223.25083340653,"moving",29,-14.69295,145.44156,"run_day_11652_liz21_del_07_29.json","07",11652
145.441855,-14.693745,165,3.55,2021-11-26 07:41:00,0.0447777261051255,4979.05596956957,"moving",29,-14.69295,145.44156,"run_day_11652_liz21_del_07_29.json","07",11652
145.441963,-14.694135,165,3.55,2021-11-26 07:53:00,0.0448948775403696,4992.08261481784,"moving",29,-14.69295,145.44156,"run_day_11652_liz21_del_07_29.json","07",11652
145.442081,-14.694539,165,3.55,2021-11-26 08:05:00,0.0466812228813844,5190.71515397384,"moving",29,-14.69295,145.44156,"run_day_11652_liz21_del_07_29.json","07",11652
145.441642,-14.693251,166,3.55,2021-11-26 07:35:00,0.0510919941373615,5681.17054022814,"moving",29,-14.69295,145.44156,"run_day_11652_liz21_del_07_29.json","07",11652
145.441739,-14.693737,166,3.55,2021-11-26 07:47:00,0.0550386413237293,6120.01768460826,"moving",29,-14.69295,145.44156,"run_day_11652_liz21_del_07_29.json","07",11652
145.441865,-14.694199,166,3.55,2021-11-26 07:59:00,0.0531295963640429,5907.74157035477,"moving",29,-14.69295,145.44156,"run_day_11652_liz21_del_07_29.json","07",11652
145.442009,-14.694643,166,3.55,2021-11-26 08:11:00,0.0517430194601119,5753.56125323512,"moving",29,-14.69295,145.44156,"run_day_11652_liz21_del_07_29.json","07",11652
145.441697,-14.693239,167,3.55,2021-11-26 07:58:00,0.0498238178028957,5540.15576574485,"moving",29,-14.69295,145.44156,"run_day_11652_liz21_del_07_29.json","07",11652
145.441775,-14.693688,167,3.55,2021-11-26 08:10:00,0.050626498528531,5629.40979015087,"moving",29,-14.69295,145.44156,"run_day_11652_liz21_del_07_29.json","07",11652
145.441876,-14.694103,167,3.55,2021-11-26 08:22:00,0.0474073488979649,5271.4566831222,"moving",29,-14.69295,145.44156,"run_day_11652_liz21_del_07_29.json","07",11652
145.441999,-14.694508,167,3.55,2021-11-26 08:34:00,0.046936975555038,5219.1535537599,"moving",29,-14.69295,145.44156,"run_day_11652_liz21_del_07_29.json","07",11652
145.441622,-14.693282,168,3.55,2021-11-26 08:06:00,0.0519211905462612,5773.37297408967,"moving",29,-14.69295,145.44156,"run_day_11652_liz21_del_07_29.json","07",11652
145.441713,-14.693762,168,3.55,2021-11-26 08:18:00,0.0542636050171103,6033.83757934689,"moving",29,-14.69295,145.44156,"run_day_11652_liz21_del_07_29.json","07",11652
145.441832,-14.69422,168,3.55,2021-11-26 08:30:00,0.052511073692556,5838.96498727078,"moving",29,-14.69295,145.44156,"run_day_11652_liz21_del_07_29.json","07",11652
145.441975,-14.694653,168,3.55,2021-11-26 08:42:00,0.0505444486542815,5620.28626040249,"moving",29,-14.69295,145.44156,"run_day_11652_liz21_del_07_29.json","07",11652
145.441727,-14.693648,169,3.55,2021-11-26 07:12:00,0.0557552068644055,6199.69613733977,"moving",29,-14.69295,145.44156,"run_day_11652_liz21_del_07_29.json","07",11652
145.441863,-14.694118,169,3.55,2021-11-26 07:24:00,0.0542701821740658,6034.56892583209,"moving",29,-14.69295,145.44156,"run_day_11652_liz21_del_07_29.json","07",11652
145.442005,-14.694581,169,3.55,2021-11-26 07:36:00,0.0537009970830193,5971.278431386,"moving",29,-14.69295,145.44156,"run_day_11652_liz21_del_07_29.json","07",11652
145.44159,-14.693356,170,3.55,2021-11-26 07:35:00,0.0537775091902582,5979.78618953785,"moving",29,-14.69295,145.44156,"run_day_11652_liz21_del_07_29.json","07",11652
145.441706,-14.693861,170,3.55,2021-11-26 07:47:00,0.0575228522728871,6396.24933886947,"moving",29,-14.69295,145.44156,"run_day_11652_liz21_del_07_29.json","07",11652
145.441851,-14.694355,170,3.55,2021-11-26 07:59:00,0.0571014040187938,6349.38643117109,"moving",29,-14.69295,145.44156,"run_day_11652_liz21_del_07_29.json","07",11652
145.441527,-14.693316,171,3.55,2021-11-26 07:51:00,0.0550047692917469,6116.25128649667,"moving",29,-14.69295,145.44156,"run_day_11652_liz21_del_07_29.json","07",11652
145.441641,-14.693825,171,3.55,2021-11-26 08:03:00,0.0579111956400261,6439.43115109139,"moving",29,-14.69295,145.44156,"run_day_11652_liz21_del_07_29.json","07",11652
145.441785,-14.694329,171,3.55,2021-11-26 08:15:00,0.0581431239991812,6465.22040797444,"moving",29,-14.69295,145.44156,"run_day_11652_liz21_del_07_29.json","07",11652
145.441677,-14.693205,172,3.55,2021-11-26 07:44:00,0.0497925112041836,5536.67463079757,"moving",29,-14.69295,145.44156,"run_day_11652_liz21_del_07_29.json","07",11652
145.441761,-14.693671,172,3.55,2021-11-26 07:56:00,0.0525986134946648,5848.69896914475,"moving",29,-14.69295,145.44156,"run_day_11652_liz21_del_07_29.json","07",11652
145.44187,-14.694105,172,3.55,2021-11-26 08:08:00,0.0496622694293123,5522.19240619469,"moving",29,-14.69295,145.44156,"run_day_11652_liz21_del_07_29.json","07",11652
145.441998,-14.694525,172,3.55,2021-11-26 08:20:00,0.048688877396615,5413.95615052251,"moving",29,-14.69295,145.44156,"run_day_11652_liz21_del_07_29.json","07",11652
145.441742,-14.693246,173,3.55,2021-11-26 07:58:00,0.0482702702454628,5367.40915905727,"moving",29,-14.69295,145.44156,"run_day_11652_liz21_del_07_29.json","07",11652
145.441812,-14.693653,173,3.55,2021-11-26 08:10:00,0.0458783514723526,5101.43992654153,"moving",29,-14.69295,145.44156,"run_day_11652_liz21_del_07_29.json","07",11652
145.441902,-14.694037,173,3.55,2021-11-26 08:22:00,0.0437824065706693,4868.38148694781,"moving",29,-14.69295,145.44156,"run_day_11652_liz21_del_07_29.json","07",11652
145.442013,-14.694419,173,3.55,2021-11-26 08:34:00,0.0441224245842183,4906.18976502223,"moving",29,-14.69295,145.44156,"run_day_11652_liz21_del_07_29.json","07",11652
145.441718,-14.69325,174,3.55,2021-11-26 07:22:00,0.0498819488230148,5546.61964026276,"moving",29,-14.69295,145.44156,"run_day_11652_liz21_del_07_29.json","07",11652
145.441803,-14.693683,174,3.55,2021-11-26 07:34:00,0.049007726089798,5449.41050757172,"moving",29,-14.69295,145.44156,"run_day_11652_liz21_del_07_29.json","07",11652
145.441918,-14.694102,174,3.55,2021-11-26 07:46:00,0.0482046478496752,5360.11228157142,"moving",29,-14.69295,145.44156,"run_day_11652_liz21_del_07_29.json","07",11652
145.442044,-14.694526,174,3.55,2021-11-26 07:58:00,0.0490558027299779,5454.75638604984,"moving",29,-14.69295,145.44156,"run_day_11652_liz21_del_07_29.json","07",11652
145.441525,-14.693313,175,3.55,2021-11-26 07:29:00,0.0546390933714635,6075.58997936508,"moving",29,-14.69295,145.44156,"run_day_11652_liz21_del_07_29.json","07",11652
145.441648,-14.693824,175,3.55,2021-11-26 07:41:00,0.0583404325048176,6487.16011278503,"moving",29,-14.69295,145.44156,"run_day_11652_liz21_del_07_29.json","07",11652
145.441803,-14.694342,175,3.55,2021-11-26 07:53:00,0.0599631644082031,6667.59966774576,"moving",29,-14.69295,145.44156,"run_day_11652_liz21_del_07_29.json","07",11652
145.441557,-14.693315,176,3.55,2021-11-26 07:58:00,0.0541885188423777,6025.48837765547,"moving",29,-14.69295,145.44156,"run_day_11652_liz21_del_07_29.json","07",11652
145.441663,-14.693814,176,3.55,2021-11-26 08:10:00,0.0566455047529264,6298.69274574566,"moving",29,-14.69295,145.44156,"run_day_11652_liz21_del_07_29.json","07",11652
145.441799,-14.694304,176,3.55,2021-11-26 08:22:00,0.0564149546952344,6273.05674899269,"moving",29,-14.69295,145.44156,"run_day_11652_liz21_del_07_29.json","07",11652
145.441624,-14.693495,177,3.55,2021-11-26 07:14:00,0.0558868538871299,6214.33461837458,"moving",29,-14.69295,145.44156,"run_day_11652_liz21_del_07_29.json","07",11652
145.441761,-14.694004,177,3.55,2021-11-26 07:26:00,0.0584849809936398,6503.23317139619,"moving",29,-14.69295,145.44156,"run_day_11652_liz21_del_07_29.json","07",11652
145.441913,-14.694493,177,3.55,2021-11-26 07:38:00,0.0567789649077962,6313.53283787637,"moving",29,-14.69295,145.44156,"run_day_11652_liz21_del_07_29.json","07",11652
145.441463,-14.693448,178,3.55,2021-11-26 07:56:00,0.0579760518019388,6446.64282725772,"moving",29,-14.69295,145.44156,"run_day_11652_liz21_del_07_29.json","07",11652
145.441595,-14.693974,178,3.55,2021-11-26 08:08:00,0.0601870675879117,6692.49656538894,"moving",29,-14.69295,145.44156,"run_day_11652_liz21_del_07_29.json","07",11652
145.44176,-14.694492,178,3.55,2021-11-26 08:20:00,0.0602710601539267,6701.83611260567,"moving",29,-14.69295,145.44156,"run_day_11652_liz21_del_07_29.json","07",11652
145.441557,-14.693641,179,3.55,2021-11-26 07:26:00,0.0580839675445541,6458.64251034162,"moving",29,-14.69295,145.44156,"run_day_11652_liz21_del_07_29.json","07",11652
145.441714,-14.694172,179,3.55,2021-11-26 07:38:00,0.0614118276303699,6828.68366846727,"moving",29,-14.69295,145.44156,"run_day_11652_liz21_del_07_29.json","07",11652
145.441891,-14.694686,179,3.55,2021-11-26 07:50:00,0.0602414997967844,6698.54915086165,"moving",29,-14.69295,145.44156,"run_day_11652_liz21_del_07_29.json","07",11652
145.441554,-14.693229,180,3.55,2021-11-26 07:27:00,0.053006696240202,5894.07570009967,"moving",29,-14.69295,145.44156,"run_day_11652_liz21_del_07_29.json","07",11652
145.441666,-14.693727,180,3.55,2021-11-26 07:39:00,0.0566702577856495,6301.44515740353,"moving",29,-14.69295,145.44156,"run_day_11652_liz21_del_07_29.json","07",11652
145.44181,-14.694233,180,3.55,2021-11-26 07:51:00,0.0583575101511782,6489.05906041935,"moving",29,-14.69295,145.44156,"run_day_11652_liz21_del_07_29.json","07",11652
145.441684,-14.693301,181,3.55,2021-11-26 07:48:00,0.0510343285108431,5674.75841511751,"moving",29,-14.69295,145.44156,"run_day_11652_liz21_del_07_29.json","07",11652
145.441772,-14.693771,181,3.55,2021-11-26 08:00:00,0.0531118197721648,5905.76490352489,"moving",29,-14.69295,145.44156,"run_day_11652_liz21_del_07_29.json","07",11652
145.441888,-14.694204,181,3.55,2021-11-26 08:12:00,0.0497377305252331,5530.58329722013,"moving",29,-14.69295,145.44156,"run_day_11652_liz21_del_07_29.json","07",11652
145.442022,-14.694625,181,3.55,2021-11-26 08:24:00,0.0489815376902446,5446.49849040444,"moving",29,-14.69295,145.44156,"run_day_11652_liz21_del_07_29.json","07",11652
145.441596,-14.693515,182,3.55,2021-11-26 07:45:00,0.0555380023984577,6175.54410268184,"moving",29,-14.69295,145.44156,"run_day_11652_liz21_del_07_29.json","07",11652
145.441724,-14.694031,182,3.55,2021-11-26 07:57:00,0.0590052143085383,6561.08047668439,"moving",29,-14.69295,145.44156,"run_day_11652_liz21_del_07_29.json","07",11652
145.441878,-14.694519,182,3.55,2021-11-26 08:09:00,0.0567349180723036,6308.63505323485,"moving",29,-14.69295,145.44156,"run_day_11652_liz21_del_07_29.json","07",11652
145.44162,-14.69361,183,3.55,2021-11-26 07:55:00,0.0562318158008752,6252.69263306866,"moving",29,-14.69295,145.44156,"run_day_11652_liz21_del_07_29.json","07",11652
145.441748,-14.69412,183,3.55,2021-11-26 08:07:00,0.0583566658837765,6488.96518216755,"moving",29,-14.69295,145.44156,"run_day_11652_liz21_del_07_29.json","07",11652
145.441903,-14.694593,183,3.55,2021-11-26 08:19:00,0.0551742141693878,6135.09269723625,"moving",29,-14.69295,145.44156,"run_day_11652_liz21_del_07_29.json","07",11652
145.44171,-14.69333,184,3.55,2021-11-26 07:52:00,0.0506995725612162,5637.53525185492,"moving",29,-14.69295,145.44156,"run_day_11652_liz21_del_07_29.json","07",11652
145.441795,-14.69378,184,3.55,2021-11-26 08:04:00,0.0508660774186131,5656.04974725913,"moving",29,-14.69295,145.44156,"run_day_11652_liz21_del_07_29.json","07",11652
145.441904,-14.694195,184,3.55,2021-11-26 08:16:00,0.0476118910301341,5294.20073050449,"moving",29,-14.69295,145.44156,"run_day_11652_liz21_del_07_29.json","07",11652
145.442034,-14.694605,184,3.55,2021-11-26 08:28:00,0.0476859760450153,5302.43860829966,"moving",29,-14.69295,145.44156,"run_day_11652_liz21_del_07_29.json","07",11652
145.441762,-14.693386,185,3.55,2021-11-26 07:13:00,0.0499332594913834,5552.3251262681,"moving",29,-14.69295,145.44156,"run_day_11652_liz21_del_07_29.json","07",11652
145.441855,-14.693798,185,3.55,2021-11-26 07:25:00,0.0468916453163916,5214.11306119883,"moving",29,-14.69295,145.44156,"run_day_11652_liz21_del_07_29.json","07",11652
145.441975,-14.69421,185,3.55,2021-11-26 07:37:00,0.0475957773579213,5292.4089719048,"moving",29,-14.69295,145.44156,"run_day_11652_liz21_del_07_29.json","07",11652
145.442103,-14.694638,185,3.55,2021-11-26 07:49:00,0.0495427702453314,5508.90470319785,"moving",29,-14.69295,145.44156,"run_day_11652_liz21_del_07_29.json","07",11652
145.441582,-14.693651,186,3.55,2021-11-26 07:48:00,0.0575937050483681,6404.12780804164,"moving",29,-14.69295,145.44156,"run_day_11652_liz21_del_07_29.json","07",11652
145.441725,-14.694176,186,3.55,2021-11-26 08:00:00,0.0603695568912081,6712.7884500824,"moving",29,-14.69295,145.44156,"run_day_11652_liz21_del_07_29.json","07",11652
145.441893,-14.69467,186,3.55,2021-11-26 08:12:00,0.0578260572659156,6429.96419582754,"moving",29,-14.69295,145.44156,"run_day_11652_liz21_del_07_29.json","07",11652
145.441613,-14.693492,187,3.55,2021-11-26 07:53:00,0.0550774355627129,6124.33140716627,"moving",29,-14.69295,145.44156,"run_day_11652_liz21_del_07_29.json","07",11652
145.44173,-14.693998,187,3.55,2021-11-26 08:05:00,0.0576547846075888,6410.91954514867,"moving",29,-14.69295,145.44156,"run_day_11652_liz21_del_07_29.json","07",11652
145.441876,-14.694472,187,3.55,2021-11-26 08:17:00,0.0549960315704019,6115.27969621267,"moving",29,-14.69295,145.44156,"run_day_11652_liz21_del_07_29.json","07",11652
145.441659,-14.693232,188,3.55,2021-11-26 07:14:00,0.0517671428410767,5756.24365081192,"moving",29,-14.69295,145.44156,"run_day_11652_liz21_del_07_29.json","07",11652
145.441756,-14.693708,188,3.55,2021-11-26 07:26:00,0.0539472648427552,5998.66215686475,"moving",29,-14.69295,145.44156,"run_day_11652_liz21_del_07_29.json","07",11652
145.441887,-14.694164,188,3.55,2021-11-26 07:38:00,0.0526262036830908,5851.76685812289,"moving",29,-14.69295,145.44156,"run_day_11652_liz21_del_07_29.json","07",11652
145.442028,-14.694616,188,3.55,2021-11-26 07:50:00,0.0524983452441353,5837.54964838234,"moving",29,-14.69295,145.44156,"run_day_11652_liz21_del_07_29.json","07",11652
145.441739,-14.693149,189,3.55,2021-11-26 08:02:00,0.0468832279932728,5213.17709757209,"moving",29,-14.69295,145.44156,"run_day_11652_liz21_del_07_29.json","07",11652
145.441804,-14.693546,189,3.55,2021-11-26 08:14:00,0.0446945763326721,4969.8101367211,"moving",29,-14.69295,145.44156,"run_day_11652_liz21_del_07_29.json","07",11652
145.441884,-14.69392,189,3.55,2021-11-26 08:26:00,0.042467761652644,4722.19964172435,"moving",29,-14.69295,145.44156,"run_day_11652_liz21_del_07_29.json","07",11652
145.441985,-14.694288,189,3.55,2021-11-26 08:38:00,0.0423371877786303,4707.68048938171,"moving",29,-14.69295,145.44156,"run_day_11652_liz21_del_07_29.json","07",11652
145.442107,-14.694667,189,3.55,2021-11-26 08:50:00,0.0441385424802123,4907.98199328495,"moving",29,-14.69295,145.44156,"run_day_11652_liz21_del_07_29.json","07",11652
145.441724,-14.693299,190,3.55,2021-11-26 07:42:00,0.0498048898420161,5538.05107252331,"moving",29,-14.69295,145.44156,"run_day_11652_liz21_del_07_29.json","07",11652
145.441806,-14.693735,190,3.55,2021-11-26 07:54:00,0.0492767182218628,5479.32106796462,"moving",29,-14.69295,145.44156,"run_day_11652_liz21_del_07_29.json","07",11652
145.441915,-14.694146,190,3.55,2021-11-26 08:06:00,0.0471809340803911,5246.28050409085,"moving",29,-14.69295,145.44156,"run_day_11652_liz21_del_07_29.json","07",11652
145.442039,-14.694554,190,3.55,2021-11-26 08:18:00,0.047287351759991,5258.11361016764,"moving",29,-14.69295,145.44156,"run_day_11652_liz21_del_07_29.json","07",11652
145.441697,-14.693393,191,3.55,2021-11-26 07:27:00,0.0518797292608738,5768.76268950243,"moving",29,-14.69295,145.44156,"run_day_11652_liz21_del_07_29.json","07",11652
145.441802,-14.69386,191,3.55,2021-11-26 07:39:00,0.0531419468241151,5909.11487885652,"moving",29,-14.69295,145.44156,"run_day_11652_liz21_del_07_29.json","07",11652
145.441931,-14.694305,191,3.55,2021-11-26 07:51:00,0.0513902578137282,5714.33594784247,"moving",29,-14.69295,145.44156,"run_day_11652_liz21_del_07_29.json","07",11652
145.441547,-14.693347,192,3.55,2021-11-26 07:21:00,0.0551281962205663,6129.97573479271,"moving",29,-14.69295,145.44156,"run_day_11652_liz21_del_07_29.json","07",11652
145.441673,-14.693856,192,3.55,2021-11-26 07:33:00,0.0581981504823449,6471.33907373334,"moving",29,-14.69295,145.44156,"run_day_11652_liz21_del_07_29.json","07",11652
145.44183,-14.694368,192,3.55,2021-11-26 07:45:00,0.0593834023217751,6603.1330650741,"moving",29,-14.69295,145.44156,"run_day_11652_liz21_del_07_29.json","07",11652
145.441699,-14.693669,193,3.55,2021-11-26 07:30:00,0.0551863158099609,6136.43833827205,"moving",29,-14.69295,145.44156,"run_day_11652_liz21_del_07_29.json","07",11652
145.441835,-14.694156,193,3.55,2021-11-26 07:42:00,0.0560928480518439,6237.24012440916,"moving",29,-14.69295,145.44156,"run_day_11652_liz21_del_07_29.json","07",11652
145.441985,-14.694623,193,3.55,2021-11-26 07:54:00,0.0543766199244229,6046.40426367526,"moving",29,-14.69295,145.44156,"run_day_11652_liz21_del_07_29.json","07",11652
145.44174,-14.69317,194,3.55,2021-11-26 07:49:00,0.0474848835419215,5280.07814216937,"moving",29,-14.69295,145.44156,"run_day_11652_liz21_del_07_29.json","07",11652
145.441808,-14.693576,194,3.55,2021-11-26 08:01:00,0.0457337729583991,5085.36352928809,"moving",29,-14.69295,145.44156,"run_day_11652_liz21_del_07_29.json","07",11652
145.441895,-14.693958,194,3.55,2021-11-26 08:13:00,0.0434949886306271,4836.4220701885,"moving",29,-14.69295,145.44156,"run_day_11652_liz21_del_07_29.json","07",11652
145.442001,-14.694335,194,3.55,2021-11-26 08:25:00,0.0434432249608918,4830.66621272943,"moving",29,-14.69295,145.44156,"run_day_11652_liz21_del_07_29.json","07",11652
145.441769,-14.693175,195,3.55,2021-11-26 07:59:00,0.0452025787192209,5026.29742482867,"moving",29,-14.69295,145.44156,"run_day_11652_liz21_del_07_29.json","07",11652
145.44183,-14.693549,195,3.55,2021-11-26 08:11:00,0.0421012839823785,4681.44918406231,"moving",29,-14.69295,145.44156,"run_day_11652_liz21_del_07_29.json","07",11652
145.441906,-14.693904,195,3.55,2021-11-26 08:23:00,0.0403117076232468,4482.45737208383,"moving",29,-14.69295,145.44156,"run_day_11652_liz21_del_07_29.json","07",11652
145.442002,-14.694257,195,3.55,2021-11-26 08:35:00,0.0405872175974795,4513.09268345848,"moving",29,-14.69295,145.44156,"run_day_11652_liz21_del_07_29.json","07",11652
145.442117,-14.694626,195,3.55,2021-11-26 08:47:00,0.0428547946441159,4765.2357468201,"moving",29,-14.69295,145.44156,"run_day_11652_liz21_del_07_29.json","07",11652
145.441689,-14.693403,196,3.55,2021-11-26 07:31:00,0.0518797291744949,5768.76267989754,"moving",29,-14.69295,145.44156,"run_day_11652_liz21_del_07_29.json","07",11652
145.441795,-14.693877,196,3.55,2021-11-26 07:43:00,0.0539254229145352,5996.23344525855,"moving",29,-14.69295,145.44156,"run_day_11652_liz21_del_07_29.json","07",11652
145.441926,-14.694326,196,3.55,2021-11-26 07:55:00,0.051876672007296,5768.42273841512,"moving",29,-14.69295,145.44156,"run_day_11652_liz21_del_07_29.json","07",11652
145.441589,-14.69331,197,3.55,2021-11-26 07:40:00,0.0532966508021855,5926.31717634968,"moving",29,-14.69295,145.44156,"run_day_11652_liz21_del_07_29.json","07",11652
145.441697,-14.693812,197,3.55,2021-11-26 07:52:00,0.0570157407632288,6339.8611117524,"moving",29,-14.69295,145.44156,"run_day_11652_liz21_del_07_29.json","07",11652
145.441837,-14.694302,197,3.55,2021-11-26 08:04:00,0.0565280375882536,6285.63099298672,"moving",29,-14.69295,145.44156,"run_day_11652_liz21_del_07_29.json","07",11652
145.441671,-14.693172,198,3.55,2021-11-26 07:13:00,0.050767792272979,5645.12093770009,"moving",29,-14.69295,145.44156,"run_day_11652_liz21_del_07_29.json","07",11652
145.441762,-14.693636,198,3.55,2021-11-26 07:25:00,0.0525146490879627,5839.36255310076,"moving",29,-14.69295,145.44156,"run_day_11652_liz21_del_07_29.json","07",11652
145.441885,-14.694079,198,3.55,2021-11-26 07:37:00,0.0510049798803466,5671.49499630233,"moving",29,-14.69295,145.44156,"run_day_11652_liz21_del_07_29.json","07",11652
145.442016,-14.694523,198,3.55,2021-11-26 07:49:00,0.0513418161366403,5708.94947911214,"moving",29,-14.69295,145.44156,"run_day_11652_liz21_del_07_29.json","07",11652
145.441466,-14.693472,199,3.55,2021-11-26 07:54:00,0.0582178395018629,6473.52839281435,"moving",29,-14.69295,145.44156,"run_day_11652_liz21_del_07_29.json","07",11652
145.441601,-14.694,199,3.55,2021-11-26 08:06:00,0.0604798614058484,6725.05375249639,"moving",29,-14.69295,145.44156,"run_day_11652_liz21_del_07_29.json","07",11652
145.441769,-14.69452,199,3.55,2021-11-26 08:18:00,0.0605790896272994,6736.08742730171,"moving",29,-14.69295,145.44156,"run_day_11652_liz21_del_07_29.json","07",11652
145.441633,-14.693342,200,3.55,2021-11-26 07:36:00,0.0526169091668205,5850.73335506801,"moving",29,-14.69295,145.44156,"run_day_11652_liz21_del_07_29.json","07",11652
145.441739,-14.693838,200,3.55,2021-11-26 07:48:00,0.0563187864563887,6262.36332872871,"moving",29,-14.69295,145.44156,"run_day_11652_liz21_del_07_29.json","07",11652
145.441875,-14.694309,200,3.55,2021-11-26 08:00:00,0.0543772665488463,6046.47616503058,"moving",29,-14.69295,145.44156,"run_day_11652_liz21_del_07_29.json","07",11652
145.441568,-14.693519,201,3.55,2021-11-26 07:12:00,0.0575826198886242,6402.89519451707,"moving",29,-14.69295,145.44156,"run_day_11652_liz21_del_07_29.json","07",11652
145.441717,-14.694042,201,3.55,2021-11-26 07:24:00,0.0603227703059595,6707.58601916774,"moving",29,-14.69295,145.44156,"run_day_11652_liz21_del_07_29.json","07",11652
145.441881,-14.69455,201,3.55,2021-11-26 07:36:00,0.0591771624613745,6580.20023892568,"moving",29,-14.69295,145.44156,"run_day_11652_liz21_del_07_29.json","07",11652
145.441752,-14.693153,202,3.55,2021-11-26 08:00:00,0.0463171612068785,5150.23334278305,"moving",29,-14.69295,145.44156,"run_day_11652_liz21_del_07_29.json","07",11652
145.441815,-14.693539,202,3.55,2021-11-26 08:12:00,0.0434528447213205,4831.73588128463,"moving",29,-14.69295,145.44156,"run_day_11652_liz21_del_07_29.json","07",11652
145.441893,-14.693904,202,3.55,2021-11-26 08:24:00,0.0414441794400954,4608.38249268533,"moving",29,-14.69295,145.44156,"run_day_11652_liz21_del_07_29.json","07",11652
145.441991,-14.694265,202,3.55,2021-11-26 08:36:00,0.0415022391748313,4614.83844063029,"moving",29,-14.69295,145.44156,"run_day_11652_liz21_del_07_29.json","07",11652
145.442109,-14.69464,202,3.55,2021-11-26 08:48:00,0.0435868584945783,4846.6375329714,"moving",29,-14.69295,145.44156,"run_day_11652_liz21_del_07_29.json","07",11652
145.441623,-14.693226,203,3.55,2021-11-26 07:56:00,0.0514849984863191,5724.87062998147,"moving",29,-14.69295,145.44156,"run_day_11652_liz21_del_07_29.json","07",11652
145.441714,-14.693709,203,3.55,2021-11-26 08:08:00,0.0545917518842748,6070.32584616989,"moving",29,-14.69295,145.44156,"run_day_11652_liz21_del_07_29.json","07",11652
145.44183,-14.694169,203,3.55,2021-11-26 08:20:00,0.0526493858140634,5854.34459347585,"moving",29,-14.69295,145.44156,"run_day_11652_liz21_del_07_29.json","07",11652
145.44197,-14.694603,203,3.55,2021-11-26 08:32:00,0.0505533322887589,5621.27407548655,"moving",29,-14.69295,145.44156,"run_day_11652_liz21_del_07_29.json","07",11652
145.441537,-14.693511,204,3.55,2021-11-26 07:11:00,0.0582741406595453,6479.78879591284,"moving",29,-14.69295,145.44156,"run_day_11652_liz21_del_07_29.json","07",11652
145.441689,-14.694039,204,3.55,2021-11-26 07:23:00,0.060944710269934,6776.74258783919,"moving",29,-14.69295,145.44156,"run_day_11652_liz21_del_07_29.json","07",11652
145.441859,-14.694556,204,3.55,2021-11-26 07:35:00,0.060325625418097,6707.90349315242,"moving",29,-14.69295,145.44156,"run_day_11652_liz21_del_07_29.json","07",11652
145.441726,-14.693283,205,3.55,2021-11-26 07:53:00,0.0495302687552152,5507.51460092144,"moving",29,-14.69295,145.44156,"run_day_11652_liz21_del_07_29.json","07",11652
145.441803,-14.693713,205,3.55,2021-11-26 08:05:00,0.0485257951344507,5395.82223034413,"moving",29,-14.69295,145.44156,"run_day_11652_liz21_del_07_29.json","07",11652
145.441904,-14.694114,205,3.55,2021-11-26 08:17:00,0.0458934288661793,5103.11645624208,"moving",29,-14.69295,145.44156,"run_day_11652_liz21_del_07_29.json","07",11652
145.442024,-14.694512,205,3.55,2021-11-26 08:29:00,0.046099308631201,5126.00924161127,"moving",29,-14.69295,145.44156,"run_day_11652_liz21_del_07_29.json","07",11652
145.441724,-14.693654,206,3.55,2021-11-26 07:53:00,0.0543346689350843,6041.73952649309,"moving",29,-14.69295,145.44156,"run_day_11652_liz21_del_07_29.json","07",11652
145.441841,-14.694115,206,3.55,2021-11-26 08:05:00,0.0527829609040855,5869.1974658124,"moving",29,-14.69295,145.44156,"run_day_11652_liz21_del_07_29.json","07",11652
145.441977,-14.694552,206,3.55,2021-11-26 08:17:00,0.0507461878065184,5642.71863063682,"moving",29,-14.69295,145.44156,"run_day_11652_liz21_del_07_29.json","07",11652
145.441754,-14.6935,207,3.55,2021-11-26 07:14:00,0.0520887616581883,5792.00603158815,"moving",29,-14.69295,145.44156,"run_day_11652_liz21_del_07_29.json","07",11652
145.441866,-14.693933,207,3.55,2021-11-26 07:26:00,0.0496315572740924,5518.77737034793,"moving",29,-14.69295,145.44156,"run_day_11652_liz21_del_07_29.json","07",11652
145.44199,-14.694368,207,3.55,2021-11-26 07:38:00,0.0501748747900233,5579.19152167656,"moving",29,-14.69295,145.44156,"run_day_11652_liz21_del_07_29.json","07",11652
145.441595,-14.693374,208,3.55,2021-11-26 08:02:00,0.0538581299180563,5988.75080545139,"moving",29,-14.69295,145.44156,"run_day_11652_liz21_del_07_29.json","07",11652
145.441698,-14.693869,208,3.55,2021-11-26 08:14:00,0.0561453381232571,6243.07675404952,"moving",29,-14.69295,145.44156,"run_day_11652_liz21_del_07_29.json","07",11652
145.441832,-14.694344,208,3.55,2021-11-26 08:26:00,0.0547487577758655,6087.78410476807,"moving",29,-14.69295,145.44156,"run_day_11652_liz21_del_07_29.json","07",11652
145.441532,-14.693529,209,3.55,2021-11-26 07:22:00,0.0576263770490205,6407.76076875751,"moving",29,-14.69295,145.44156,"run_day_11652_liz21_del_07_29.json","07",11652
145.441682,-14.694055,209,3.55,2021-11-26 07:34:00,0.0606729441209642,6746.52357084002,"moving",29,-14.69295,145.44156,"run_day_11652_liz21_del_07_29.json","07",11652
145.441854,-14.694575,209,3.55,2021-11-26 07:46:00,0.060708808412277,6750.51149808172,"moving",29,-14.69295,145.44156,"run_day_11652_liz21_del_07_29.json","07",11652
145.44176,-14.693223,210,3.55,2021-11-26 07:55:00,0.0466638218488827,5188.78024744127,"moving",29,-14.69295,145.44156,"run_day_11652_liz21_del_07_29.json","07",11652
145.441826,-14.693613,210,3.55,2021-11-26 08:07:00,0.0439432093263468,4886.26193756962,"moving",29,-14.69295,145.44156,"run_day_11652_liz21_del_07_29.json","07",11652
145.44191,-14.693981,210,3.55,2021-11-26 08:19:00,0.041905297380395,4659.65646823144,"moving",29,-14.69295,145.44156,"run_day_11652_liz21_del_07_29.json","07",11652
145.442014,-14.694349,210,3.55,2021-11-26 08:31:00,0.0424211290096977,4717.0143284127,"moving",29,-14.69295,145.44156,"run_day_11652_liz21_del_07_29.json","07",11652
145.441601,-14.693625,211,3.55,2021-11-26 07:14:00,0.0579911572160251,6448.32247266899,"moving",29,-14.69295,145.44156,"run_day_11652_liz21_del_07_29.json","07",11652
145.441756,-14.694146,211,3.55,2021-11-26 07:26:00,0.0602836723159225,6703.23852103362,"moving",29,-14.69295,145.44156,"run_day_11652_liz21_del_07_29.json","07",11652
145.441922,-14.694647,211,3.55,2021-11-26 07:38:00,0.0584999358828112,6504.89607920059,"moving",29,-14.69295,145.44156,"run_day_11652_liz21_del_07_29.json","07",11652
145.441519,-14.693498,212,3.55,2021-11-26 08:02:00,0.0570517696531262,6343.86734152163,"moving",29,-14.69295,145.44156,"run_day_11652_liz21_del_07_29.json","07",11652
145.441645,-14.694012,212,3.55,2021-11-26 08:14:00,0.0587389812297272,6531.47670901563,"moving",29,-14.69295,145.44156,"run_day_11652_liz21_del_07_29.json","07",11652
145.441804,-14.694513,212,3.55,2021-11-26 08:26:00,0.0582745570441082,6479.83509576377,"moving",29,-14.69295,145.44156,"run_day_11652_liz21_del_07_29.json","07",11652
145.441768,-14.693201,213,3.55,2021-11-26 07:58:00,0.0455316694542869,5062.89064497373,"moving",29,-14.69295,145.44156,"run_day_11652_liz21_del_07_29.json","07",11652
145.441831,-14.693579,213,3.55,2021-11-26 08:10:00,0.0425743939798295,4734.05661552368,"moving",29,-14.69295,145.44156,"run_day_11652_liz21_del_07_29.json","07",11652
145.441911,-14.693938,213,3.55,2021-11-26 08:22:00,0.0408358317562519,4540.73731660597,"moving",29,-14.69295,145.44156,"run_day_11652_liz21_del_07_29.json","07",11652
145.442009,-14.694295,213,3.55,2021-11-26 08:34:00,0.0410721988789871,4567.0201414797,"moving",29,-14.69295,145.44156,"run_day_11652_liz21_del_07_29.json","07",11652
145.442127,-14.694667,213,3.55,2021-11-26 08:46:00,0.0432678375801318,4811.16402579144,"moving",29,-14.69295,145.44156,"run_day_11652_liz21_del_07_29.json","07",11652
145.441639,-14.69354,214,3.55,2021-11-26 07:27:00,0.0549264018813478,6107.53722804602,"moving",29,-14.69295,145.44156,"run_day_11652_liz21_del_07_29.json","07",11652
145.441774,-14.694046,214,3.55,2021-11-26 07:39:00,0.058108090338907,6461.32484269016,"moving",29,-14.69295,145.44156,"run_day_11652_liz21_del_07_29.json","07",11652
145.441925,-14.694528,214,3.55,2021-11-26 07:51:00,0.0560027249937871,6227.21889757955,"moving",29,-14.69295,145.44156,"run_day_11652_liz21_del_07_29.json","07",11652
145.441755,-14.693567,215,3.55,2021-11-26 08:01:00,0.0511573467830261,5688.43742286884,"moving",29,-14.69295,145.44156,"run_day_11652_liz21_del_07_29.json","07",11652
145.441851,-14.69399,215,3.55,2021-11-26 08:13:00,0.048155497497154,5354.64701172827,"moving",29,-14.69295,145.44156,"run_day_11652_liz21_del_07_29.json","07",11652
145.441969,-14.694396,215,3.55,2021-11-26 08:25:00,0.0468952765949166,5214.51684094804,"moving",29,-14.69295,145.44156,"run_day_11652_liz21_del_07_29.json","07",11652
145.441533,-14.693408,216,3.55,2021-11-26 07:50:00,0.0559442225995498,6220.71372814381,"moving",29,-14.69295,145.44156,"run_day_11652_liz21_del_07_29.json","07",11652
145.441655,-14.693924,216,3.55,2021-11-26 08:02:00,0.0588579840960721,6544.70922400935,"moving",29,-14.69295,145.44156,"run_day_11652_liz21_del_07_29.json","07",11652
145.441808,-14.694429,216,3.55,2021-11-26 08:14:00,0.058515139195975,6506.58661049258,"moving",29,-14.69295,145.44156,"run_day_11652_liz21_del_07_29.json","07",11652
145.441733,-14.693606,217,3.55,2021-11-26 07:57:00,0.0532559906361343,5921.79597216826,"moving",29,-14.69295,145.44156,"run_day_11652_liz21_del_07_29.json","07",11652
145.44184,-14.694054,217,3.55,2021-11-26 08:09:00,0.0511274670026617,5685.11494288307,"moving",29,-14.69295,145.44156,"run_day_11652_liz21_del_07_29.json","07",11652
145.441968,-14.694479,217,3.55,2021-11-26 08:21:00,0.0492224144388204,5473.28276279271,"moving",29,-14.69295,145.44156,"run_day_11652_liz21_del_07_29.json","07",11652
145.441519,-14.693563,218,3.55,2021-11-26 08:00:00,0.0578585638146136,6433.57875912548,"moving",29,-14.69295,145.44156,"run_day_11652_liz21_del_07_29.json","07",11652
145.441653,-14.694083,218,3.55,2021-11-26 08:12:00,0.0595905955159969,6626.17189710685,"moving",29,-14.69295,145.44156,"run_day_11652_liz21_del_07_29.json","07",11652
145.441819,-14.694587,218,3.55,2021-11-26 08:24:00,0.0588176935758781,6540.2291225719,"moving",29,-14.69295,145.44156,"run_day_11652_liz21_del_07_29.json","07",11652
145.441768,-14.693562,219,3.55,2021-11-26 07:31:00,0.0503711059506782,5601.01143119096,"moving",29,-14.69295,145.44156,"run_day_11652_liz21_del_07_29.json","07",11652
145.441878,-14.69399,219,3.55,2021-11-26 07:43:00,0.0490400498744892,5453.00474843933,"moving",29,-14.69295,145.44156,"run_day_11652_liz21_del_07_29.json","07",11652
145.442001,-14.694415,219,3.55,2021-11-26 07:55:00,0.0490747125684623,5456.85906415297,"moving",29,-14.69295,145.44156,"run_day_11652_liz21_del_07_29.json","07",11652
145.441753,-14.693391,220,3.55,2021-11-26 07:53:00,0.0492749629142132,5479.12588665929,"moving",29,-14.69295,145.44156,"run_day_11652_liz21_del_07_29.json","07",11652
145.441834,-14.693807,220,3.55,2021-11-26 08:05:00,0.0470703867853848,5233.98820573187,"moving",29,-14.69295,145.44156,"run_day_11652_liz21_del_07_29.json","07",11652
145.441939,-14.6942,220,3.55,2021-11-26 08:17:00,0.0451353661200839,5018.82372479803,"moving",29,-14.69295,145.44156,"run_day_11652_liz21_del_07_29.json","07",11652
145.442062,-14.694596,220,3.55,2021-11-26 08:29:00,0.0459776598243532,5112.48251145743,"moving",29,-14.69295,145.44156,"run_day_11652_liz21_del_07_29.json","07",11652
145.441577,-14.693384,221,3.55,2021-11-26 08:00:00,0.0544689615404555,6056.67218289624,"moving",29,-14.69295,145.44156,"run_day_11652_liz21_del_07_29.json","07",11652
145.441685,-14.693883,221,3.55,2021-11-26 08:12:00,0.0566891927722363,6303.55063184806,"moving",29,-14.69295,145.44156,"run_day_11652_liz21_del_07_29.json","07",11652
145.441824,-14.694367,221,3.55,2021-11-26 08:24:00,0.055856370911496,6210.94506613506,"moving",29,-14.69295,145.44156,"run_day_11652_liz21_del_07_29.json","07",11652
145.441482,-14.69343,222,3.55,2021-11-26 07:16:00,0.0580274606720997,6452.35923280415,"moving",29,-14.69295,145.44156,"run_day_11652_liz21_del_07_29.json","07",11652
145.44163,-14.693956,222,3.55,2021-11-26 07:28:00,0.0606160983350256,6740.20260784253,"moving",29,-14.69295,145.44156,"run_day_11652_liz21_del_07_29.json","07",11652
145.441803,-14.694487,222,3.55,2021-11-26 07:40:00,0.0619071460917093,6883.7605684416,"moving",29,-14.69295,145.44156,"run_day_11652_liz21_del_07_29.json","07",11652
145.44163,-14.693322,223,3.55,2021-11-26 07:54:00,0.0526387530866547,5853.16228813161,"moving",29,-14.69295,145.44156,"run_day_11652_liz21_del_07_29.json","07",11652
145.441727,-14.693812,223,3.55,2021-11-26 08:06:00,0.0554754201324472,6168.58527220355,"moving",29,-14.69295,145.44156,"run_day_11652_liz21_del_07_29.json","07",11652
145.441852,-14.694272,223,3.55,2021-11-26 08:18:00,0.052887147156213,5880.78244847508,"moving",29,-14.69295,145.44156,"run_day_11652_liz21_del_07_29.json","07",11652
145.441754,-14.693635,224,3.55,2021-11-26 07:30:00,0.0527133003273373,5861.45156309086,"moving",29,-14.69295,145.44156,"run_day_11652_liz21_del_07_29.json","07",11652
145.441876,-14.694082,224,3.55,2021-11-26 07:42:00,0.0514071062026743,5716.20940321541,"moving",29,-14.69295,145.44156,"run_day_11652_liz21_del_07_29.json","07",11652
145.442009,-14.694525,224,3.55,2021-11-26 07:54:00,0.0512944756219529,5703.68545405416,"moving",29,-14.69295,145.44156,"run_day_11652_liz21_del_07_29.json","07",11652
145.441498,-14.693453,225,3.55,2021-11-26 08:09:00,0.0566184163244563,6295.68064992901,"moving",29,-14.69295,145.44156,"run_day_11652_liz21_del_07_29.json","07",11652
145.44162,-14.693963,225,3.55,2021-11-26 08:21:00,0.0582077960650391,6472.41161359345,"moving",29,-14.69295,145.44156,"run_day_11652_liz21_del_07_29.json","07",11652
145.441776,-14.694466,225,3.55,2021-11-26 08:33:00,0.0583936571734412,6493.07842590831,"moving",29,-14.69295,145.44156,"run_day_11652_liz21_del_07_29.json","07",11652
145.441559,-14.693571,226,3.55,2021-11-26 07:39:00,0.0569921521565875,6337.23817836728,"moving",29,-14.69295,145.44156,"run_day_11652_liz21_del_07_29.json","07",11652
145.441702,-14.694097,226,3.55,2021-11-26 07:51:00,0.0604770903976963,6724.74563044818,"moving",29,-14.69295,145.44156,"run_day_11652_liz21_del_07_29.json","07",11652
145.441871,-14.694605,226,3.55,2021-11-26 08:03:00,0.05933968606317,6598.27203890533,"moving",29,-14.69295,145.44156,"run_day_11652_liz21_del_07_29.json","07",11652
145.441522,-14.693588,227,3.55,2021-11-26 07:16:00,0.0590776329564855,6569.13306293057,"moving",29,-14.69295,145.44156,"run_day_11652_liz21_del_07_29.json","07",11652
145.441682,-14.69412,227,3.55,2021-11-26 07:28:00,0.0616080992167157,6850.5080731134,"moving",29,-14.69295,145.44156,"run_day_11652_liz21_del_07_29.json","07",11652
145.44186,-14.694643,227,3.55,2021-11-26 07:40:00,0.0612253336117199,6807.94647974383,"moving",29,-14.69295,145.44156,"run_day_11652_liz21_del_07_29.json","07",11652
145.441719,-14.693658,228,3.55,2021-11-26 08:00:00,0.0543346689040154,6041.73952303838,"moving",29,-14.69295,145.44156,"run_day_11652_liz21_del_07_29.json","07",11652
145.441833,-14.694118,228,3.55,2021-11-26 08:12:00,0.0525988237428313,5848.7223476742,"moving",29,-14.69295,145.44156,"run_day_11652_liz21_del_07_29.json","07",11652
145.441969,-14.694551,228,3.55,2021-11-26 08:24:00,0.050320450814682,5595.37883705969,"moving",29,-14.69295,145.44156,"run_day_11652_liz21_del_07_29.json","07",11652
145.441668,-14.693667,229,3.55,2021-11-26 07:25:00,0.0562127810738092,6250.57606798885,"moving",29,-14.69295,145.44156,"run_day_11652_liz21_del_07_29.json","07",11652
145.441813,-14.694168,229,3.55,2021-11-26 07:37:00,0.0578505678116755,6432.68964416533,"moving",29,-14.69295,145.44156,"run_day_11652_liz21_del_07_29.json","07",11652
145.441969,-14.694649,229,3.55,2021-11-26 07:49:00,0.0560549380358026,6233.02472295635,"moving",29,-14.69295,145.44156,"run_day_11652_liz21_del_07_29.json","07",11652
145.441562,-14.693622,230,3.55,2021-11-26 07:56:00,0.0575462806210044,6398.85445231977,"moving",29,-14.69295,145.44156,"run_day_11652_liz21_del_07_29.json","07",11652
145.441698,-14.694143,230,3.55,2021-11-26 08:08:00,0.059750793737974,6643.98512664818,"moving",29,-14.69295,145.44156,"run_day_11652_liz21_del_07_29.json","07",11652
145.441864,-14.694636,230,3.55,2021-11-26 08:20:00,0.057653460537741,6410.77231529907,"moving",29,-14.69295,145.44156,"run_day_11652_liz21_del_07_29.json","07",11652
145.441701,-14.693294,231,3.55,2021-11-26 07:35:00,0.0503587886862911,5599.64181388097,"moving",29,-14.69295,145.44156,"run_day_11652_liz21_del_07_29.json","07",11652
145.44179,-14.693751,231,3.55,2021-11-26 07:47:00,0.0517098711235208,5749.87532637948,"moving",29,-14.69295,145.44156,"run_day_11652_liz21_del_07_29.json","07",11652
145.441907,-14.694182,231,3.55,2021-11-26 07:59:00,0.0495496908310356,5509.67423721757,"moving",29,-14.69295,145.44156,"run_day_11652_liz21_del_07_29.json","07",11652
145.44204,-14.694606,231,3.55,2021-11-26 08:11:00,0.0492691156098715,5478.47569608194,"moving",29,-14.69295,145.44156,"run_day_11652_liz21_del_07_29.json","07",11652
145.441539,-14.693459,232,3.55,2021-11-26 07:38:00,0.0562346365270726,6253.00628351126,"moving",29,-14.69295,145.44156,"run_day_11652_liz21_del_07_29.json","07",11652
145.441671,-14.69398,232,3.55,2021-11-26 07:50:00,0.0596469271406186,6632.43568797442,"moving",29,-14.69295,145.44156,"run_day_11652_liz21_del_07_29.json","07",11652
145.441834,-14.694493,232,3.55,2021-11-26 08:02:00,0.0596764070453686,6635.71370382059,"moving",29,-14.69295,145.44156,"run_day_11652_liz21_del_07_29.json","07",11652
145.441561,-14.693415,233,3.55,2021-11-26 07:47:00,0.0552821668993266,6147.09649312287,"moving",29,-14.69295,145.44156,"run_day_11652_liz21_del_07_29.json","07",11652
145.441681,-14.693929,233,3.55,2021-11-26 07:59:00,0.058593450984449,6515.29448406735,"moving",29,-14.69295,145.44156,"run_day_11652_liz21_del_07_29.json","07",11652
145.441832,-14.694428,233,3.55,2021-11-26 08:11:00,0.0578144021435852,6428.66820535497,"moving",29,-14.69295,145.44156,"run_day_11652_liz21_del_07_29.json","07",11652
145.44173,-14.693187,234,3.55,2021-11-26 07:59:00,0.0480510226708082,5343.02994107655,"moving",29,-14.69295,145.44156,"run_day_11652_liz21_del_07_29.json","07",11652
145.441798,-14.693599,234,3.55,2021-11-26 08:11:00,0.046392478066018,5158.60819541017,"moving",29,-14.69295,145.44156,"run_day_11652_liz21_del_07_29.json","07",11652
145.441886,-14.693986,234,3.55,2021-11-26 08:23:00,0.0440610863787613,4899.36926776593,"moving",29,-14.69295,145.44156,"run_day_11652_liz21_del_07_29.json","07",11652
145.441994,-14.694366,234,3.55,2021-11-26 08:35:00,0.0438217359045357,4872.75470934208,"moving",29,-14.69295,145.44156,"run_day_11652_liz21_del_07_29.json","07",11652
145.441584,-14.693173,235,3.55,2021-11-26 08:06:00,0.0515712130994449,5734.45725756368,"moving",29,-14.69295,145.44156,"run_day_11652_liz21_del_07_29.json","07",11652
145.441674,-14.693649,235,3.55,2021-11-26 08:18:00,0.0538067267170055,5983.03503028124,"moving",29,-14.69295,145.44156,"run_day_11652_liz21_del_07_29.json","07",11652
145.441788,-14.694125,235,3.55,2021-11-26 08:30:00,0.0543305088571927,6041.27694693709,"moving",29,-14.69295,145.44156,"run_day_11652_liz21_del_07_29.json","07",11652
145.441929,-14.694567,235,3.55,2021-11-26 08:42:00,0.0514348072739928,5719.28962180865,"moving",29,-14.69295,145.44156,"run_day_11652_liz21_del_07_29.json","07",11652
145.441508,-14.693506,236,3.55,2021-11-26 08:09:00,0.0570517695477988,6343.86732980976,"moving",29,-14.69295,145.44156,"run_day_11652_liz21_del_07_29.json","07",11652
145.441632,-14.694017,236,3.55,2021-11-26 08:21:00,0.0583649145326144,6489.88239007,"moving",29,-14.69295,145.44156,"run_day_11652_liz21_del_07_29.json","07",11652
145.441793,-14.694518,236,3.55,2021-11-26 08:33:00,0.0583380491663856,6486.89509764291,"moving",29,-14.69295,145.44156,"run_day_11652_liz21_del_07_29.json","07",11652
145.441722,-14.693616,237,3.55,2021-11-26 07:56:00,0.0538591125571102,5988.8600699289,"moving",29,-14.69295,145.44156,"run_day_11652_liz21_del_07_29.json","07",11652
145.441833,-14.694074,237,3.55,2021-11-26 08:08:00,0.0523079966216673,5816.38384727013,"moving",29,-14.69295,145.44156,"run_day_11652_liz21_del_07_29.json","07",11652
145.441965,-14.694506,237,3.55,2021-11-26 08:20:00,0.0500904286090902,5569.80153478229,"moving",29,-14.69295,145.44156,"run_day_11652_liz21_del_07_29.json","07",11652
145.441733,-14.69347,238,3.55,2021-11-26 08:01:00,0.0513942643750625,5714.78145713613,"moving",29,-14.69295,145.44156,"run_day_11652_liz21_del_07_29.json","07",11652
145.441823,-14.693903,238,3.55,2021-11-26 08:13:00,0.0491108923949256,5460.88207730257,"moving",29,-14.69295,145.44156,"run_day_11652_liz21_del_07_29.json","07",11652
145.441937,-14.694312,238,3.55,2021-11-26 08:25:00,0.047102675362398,5237.57853168431,"moving",29,-14.69295,145.44156,"run_day_11652_liz21_del_07_29.json","07",11652
145.441602,-14.693301,239,3.55,2021-11-26 07:32:00,0.0526220102760187,5851.30057253111,"moving",29,-14.69295,145.44156,"run_day_11652_liz21_del_07_29.json","07",11652
145.441711,-14.6938,239,3.55,2021-11-26 07:44:00,0.0567113314364704,6306.01233899359,"moving",29,-14.69295,145.44156,"run_day_11652_liz21_del_07_29.json","07",11652
145.441851,-14.694287,239,3.55,2021-11-26 07:56:00,0.0562065766974759,6249.8861728176,"moving",29,-14.69295,145.44156,"run_day_11652_liz21_del_07_29.json","07",11652
145.441492,-14.693423,240,3.55,2021-11-26 08:03:00,0.0568839029720078,6325.2014182286,"moving",29,-14.69295,145.44156,"run_day_11652_liz21_del_07_29.json","07",11652
145.441615,-14.693936,240,3.55,2021-11-26 08:15:00,0.0585570490847271,6511.24677749805,"moving",29,-14.69295,145.44156,"run_day_11652_liz21_del_07_29.json","07",11652
145.44177,-14.694443,240,3.55,2021-11-26 08:27:00,0.0587892269060368,6537.06377330708,"moving",29,-14.69295,145.44156,"run_day_11652_liz21_del_07_29.json","07",11652
145.441646,-14.693528,241,3.55,2021-11-26 07:41:00,0.054576857033771,6068.66961436074,"moving",29,-14.69295,145.44156,"run_day_11652_liz21_del_07_29.json","07",11652
145.44177,-14.694031,241,3.55,2021-11-26 07:53:00,0.0574992514948958,6393.62505209198,"moving",29,-14.69295,145.44156,"run_day_11652_liz21_del_07_29.json","07",11652
145.441917,-14.694503,241,3.55,2021-11-26 08:05:00,0.0548138648526326,6095.02368139323,"moving",29,-14.69295,145.44156,"run_day_11652_liz21_del_07_29.json","07",11652
145.441578,-14.693424,242,3.55,2021-11-26 07:53:00,0.0550805210637995,6124.67449923326,"moving",29,-14.69295,145.44156,"run_day_11652_liz21_del_07_29.json","07",11652
145.441693,-14.693932,242,3.55,2021-11-26 08:05:00,0.0578254371694167,6429.89524424283,"moving",29,-14.69295,145.44156,"run_day_11652_liz21_del_07_29.json","07",11652
145.441839,-14.69442,242,3.55,2021-11-26 08:17:00,0.0564896996965517,6281.36801393121,"moving",29,-14.69295,145.44156,"run_day_11652_liz21_del_07_29.json","07",11652
145.441671,-14.69324,243,3.55,2021-11-26 07:11:00,0.0518332252410238,5763.59167842653,"moving",29,-14.69295,145.44156,"run_day_11652_liz21_del_07_29.json","07",11652
145.441768,-14.693713,243,3.55,2021-11-26 07:23:00,0.0536200166172777,5962.27381443822,"moving",29,-14.69295,145.44156,"run_day_11652_liz21_del_07_29.json","07",11652
145.441898,-14.694162,243,3.55,2021-11-26 07:35:00,0.0518475645112229,5765.18613252446,"moving",29,-14.69295,145.44156,"run_day_11652_liz21_del_07_29.json","07",11652
145.442037,-14.694613,243,3.55,2021-11-26 07:47:00,0.052330037229603,5818.83465105273,"moving",29,-14.69295,145.44156,"run_day_11652_liz21_del_07_29.json","07",11652
145.441726,-14.693628,244,3.55,2021-11-26 07:32:00,0.0538857914568097,5991.82662822395,"moving",29,-14.69295,145.44156,"run_day_11652_liz21_del_07_29.json","07",11652
145.441852,-14.694093,244,3.55,2021-11-26 07:44:00,0.0534522154966773,5943.61518114218,"moving",29,-14.69295,145.44156,"run_day_11652_liz21_del_07_29.json","07",11652
145.441991,-14.694545,244,3.55,2021-11-26 07:56:00,0.052436608491347,5830.68483468477,"moving",29,-14.69295,145.44156,"run_day_11652_liz21_del_07_29.json","07",11652
145.441775,-14.693479,245,3.55,2021-11-26 07:53:00,0.0483271476907325,5373.73364241176,"moving",29,-14.69295,145.44156,"run_day_11652_liz21_del_07_29.json","07",11652
145.441862,-14.693884,245,3.55,2021-11-26 08:05:00,0.0459958749324692,5114.50793906821,"moving",29,-14.69295,145.44156,"run_day_11652_liz21_del_07_29.json","07",11652
145.441969,-14.694273,245,3.55,2021-11-26 08:17:00,0.044759700351917,4977.05159726384,"moving",29,-14.69295,145.44156,"run_day_11652_liz21_del_07_29.json","07",11652
145.442095,-14.694667,245,3.55,2021-11-26 08:29:00,0.0458590373834408,5099.29229784178,"moving",29,-14.69295,145.44156,"run_day_11652_liz21_del_07_29.json","07",11652
145.441608,-14.693404,246,3.55,2021-11-26 07:26:00,0.0541031186332691,6015.99230766821,"moving",29,-14.69295,145.44156,"run_day_11652_liz21_del_07_29.json","07",11652
145.441731,-14.693909,246,3.55,2021-11-26 07:38:00,0.0576908405188062,6414.92877955159,"moving",29,-14.69295,145.44156,"run_day_11652_liz21_del_07_29.json","07",11652
145.441879,-14.694398,246,3.55,2021-11-26 07:50:00,0.0566565846382837,6299.92477278519,"moving",29,-14.69295,145.44156,"run_day_11652_liz21_del_07_29.json","07",11652
145.441536,-14.693471,247,3.55,2021-11-26 07:57:00,0.056570173603058,6290.31630406199,"moving",29,-14.69295,145.44156,"run_day_11652_liz21_del_07_29.json","07",11652
145.441659,-14.693986,247,3.55,2021-11-26 08:09:00,0.0587737096309915,6535.3383310467,"moving",29,-14.69295,145.44156,"run_day_11652_liz21_del_07_29.json","07",11652
145.441815,-14.694485,247,3.55,2021-11-26 08:21:00,0.0579677753810079,6445.72253123943,"moving",29,-14.69295,145.44156,"run_day_11652_liz21_del_07_29.json","07",11652
145.441764,-14.693248,248,3.55,2021-11-26 07:39:00,0.0466081476749627,5182.58956175623,"moving",29,-14.69295,145.44156,"run_day_11652_liz21_del_07_29.json","07",11652
145.441834,-14.693641,248,3.55,2021-11-26 07:51:00,0.0443434645155854,4930.76828397611,"moving",29,-14.69295,145.44156,"run_day_11652_liz21_del_07_29.json","07",11652
145.441929,-14.694021,248,3.55,2021-11-26 08:03:00,0.0434720016810558,4833.86603801713,"moving",29,-14.69295,145.44156,"run_day_11652_liz21_del_07_29.json","07",11652
145.442038,-14.694403,248,3.55,2021-11-26 08:15:00,0.0440647038201009,4899.77150889033,"moving",29,-14.69295,145.44156,"run_day_11652_liz21_del_07_29.json","07",11652
145.441687,-14.693519,249,3.55,2021-11-26 07:51:00,0.0535879814733704,5958.71166896139,"moving",29,-14.69295,145.44156,"run_day_11652_liz21_del_07_29.json","07",11652
145.441797,-14.693999,249,3.55,2021-11-26 08:03:00,0.0546691856098632,6078.9360836065,"moving",29,-14.69295,145.44156,"run_day_11652_liz21_del_07_29.json","07",11652
145.44193,-14.694443,249,3.55,2021-11-26 08:15:00,0.0514012697153776,5715.56041543859,"moving",29,-14.69295,145.44156,"run_day_11652_liz21_del_07_29.json","07",11652
145.441566,-14.693438,250,3.55,2021-11-26 07:59:00,0.0554293659040044,6163.46427565018,"moving",29,-14.69295,145.44156,"run_day_11652_liz21_del_07_29.json","07",11652
145.441681,-14.693944,250,3.55,2021-11-26 08:11:00,0.0576082141840367,6405.74115031798,"moving",29,-14.69295,145.44156,"run_day_11652_liz21_del_07_29.json","07",11652
145.441828,-14.694433,250,3.55,2021-11-26 08:23:00,0.0566264577751972,6296.57481845425,"moving",29,-14.69295,145.44156,"run_day_11652_liz21_del_07_29.json","07",11652
145.441687,-14.693248,251,3.55,2021-11-26 07:21:00,0.0506380157582238,5630.69044766171,"moving",29,-14.69295,145.44156,"run_day_11652_liz21_del_07_29.json","07",11652
145.441779,-14.693708,251,3.55,2021-11-26 07:33:00,0.0520980508566088,5793.0389433251,"moving",29,-14.69295,145.44156,"run_day_11652_liz21_del_07_29.json","07",11652
145.441903,-14.694147,251,3.55,2021-11-26 07:45:00,0.0506037948874378,5626.88526044494,"moving",29,-14.69295,145.44156,"run_day_11652_liz21_del_07_29.json","07",11652
145.442037,-14.694586,251,3.55,2021-11-26 07:57:00,0.0508978454461198,5659.58219074738,"moving",29,-14.69295,145.44156,"run_day_11652_liz21_del_07_29.json","07",11652
145.441594,-14.693426,252,3.55,2021-11-26 08:08:00,0.0541627350415017,6022.62134980845,"moving",29,-14.69295,145.44156,"run_day_11652_liz21_del_07_29.json","07",11652
145.4417,-14.69392,252,3.55,2021-11-26 08:20:00,0.0561010184569119,6238.14863200135,"moving",29,-14.69295,145.44156,"run_day_11652_liz21_del_07_29.json","07",11652
145.441839,-14.694393,252,3.55,2021-11-26 08:32:00,0.0546788350054912,6080.00904744552,"moving",29,-14.69295,145.44156,"run_day_11652_liz21_del_07_29.json","07",11652
145.441688,-14.69325,253,3.55,2021-11-26 08:08:00,0.0496954135435144,5525.87786354209,"moving",29,-14.69295,145.44156,"run_day_11652_liz21_del_07_29.json","07",11652
145.441766,-14.693699,253,3.55,2021-11-26 08:20:00,0.0506264984585401,5629.40978236823,"moving",29,-14.69295,145.44156,"run_day_11652_liz21_del_07_29.json","07",11652
145.441867,-14.694117,253,3.55,2021-11-26 08:32:00,0.0477321184423285,5307.56940878411,"moving",29,-14.69295,145.44156,"run_day_11652_liz21_del_07_29.json","07",11652
145.441992,-14.694524,253,3.55,2021-11-26 08:44:00,0.0472111997936175,5249.6458978529,"moving",29,-14.69295,145.44156,"run_day_11652_liz21_del_07_29.json","07",11652
145.441602,-14.693602,254,3.55,2021-11-26 08:06:00,0.0559703497305706,6223.61893256109,"moving",29,-14.69295,145.44156,"run_day_11652_liz21_del_07_29.json","07",11652
145.441726,-14.694105,254,3.55,2021-11-26 08:18:00,0.0574992504471398,6393.62493558682,"moving",29,-14.69295,145.44156,"run_day_11652_liz21_del_07_29.json","07",11652
145.441879,-14.694578,254,3.55,2021-11-26 08:30:00,0.0551095963220758,6127.90752044446,"moving",29,-14.69295,145.44156,"run_day_11652_liz21_del_07_29.json","07",11652
145.44168,-14.693572,255,3.55,2021-11-26 08:00:00,0.0542636065523087,6033.83775005317,"moving",29,-14.69295,145.44156,"run_day_11652_liz21_del_07_29.json","07",11652
145.441791,-14.694051,255,3.55,2021-11-26 08:12:00,0.0545840555091982,6069.47004830782,"moving",29,-14.69295,145.44156,"run_day_11652_liz21_del_07_29.json","07",11652
145.441928,-14.694495,255,3.55,2021-11-26 08:24:00,0.0515226617352167,5729.05859217984,"moving",29,-14.69295,145.44156,"run_day_11652_liz21_del_07_29.json","07",11652
145.441656,-14.693376,256,3.55,2021-11-26 08:01:00,0.052425604251052,5829.46121899239,"moving",29,-14.69295,145.44156,"run_day_11652_liz21_del_07_29.json","07",11652
145.44175,-14.693857,256,3.55,2021-11-26 08:13:00,0.0544319900478995,6052.56114049354,"moving",29,-14.69295,145.44156,"run_day_11652_liz21_del_07_29.json","07",11652
145.441874,-14.694302,256,3.55,2021-11-26 08:25:00,0.0512476742775659,5698.48138199818,"moving",29,-14.69295,145.44156,"run_day_11652_liz21_del_07_29.json","07",11652
145.441674,-14.693601,257,3.55,2021-11-26 07:32:00,0.0548378676196196,6097.69266730763,"moving",29,-14.69295,145.44156,"run_day_11652_liz21_del_07_29.json","07",11652
145.441807,-14.694097,257,3.55,2021-11-26 07:44:00,0.056977704250401,6335.63164449871,"moving",29,-14.69295,145.44156,"run_day_11652_liz21_del_07_29.json","07",11652
145.441956,-14.694568,257,3.55,2021-11-26 07:56:00,0.0547699623498253,6090.14194581407,"moving",29,-14.69295,145.44156,"run_day_11652_liz21_del_07_29.json","07",11652
145.441618,-14.693626,258,3.55,2021-11-26 07:21:00,0.0570277337288712,6341.19466868726,"moving",29,-14.69295,145.44156,"run_day_11652_liz21_del_07_29.json","07",11652
145.441768,-14.694141,258,3.55,2021-11-26 07:33:00,0.0594947241095922,6615.51148310436,"moving",29,-14.69295,145.44156,"run_day_11652_liz21_del_07_29.json","07",11652
145.441931,-14.694637,258,3.55,2021-11-26 07:45:00,0.0578721702555806,6435.0917263307,"moving",29,-14.69295,145.44156,"run_day_11652_liz21_del_07_29.json","07",11652
145.441691,-14.693653,259,3.55,2021-11-26 08:07:00,0.0545917523338406,6070.32589615932,"moving",29,-14.69295,145.44156,"run_day_11652_liz21_del_07_29.json","07",11652
145.441806,-14.694124,259,3.55,2021-11-26 08:19:00,0.0538136453513342,5983.8043473179,"moving",29,-14.69295,145.44156,"run_day_11652_liz21_del_07_29.json","07",11652
145.441946,-14.694564,259,3.55,2021-11-26 08:31:00,0.0511906040526835,5692.13546252879,"moving",29,-14.69295,145.44156,"run_day_11652_liz21_del_07_29.json","07",11652
145.441724,-14.693594,260,3.55,2021-11-26 08:07:00,0.0528909750340466,5881.20808907,"moving",29,-14.69295,145.44156,"run_day_11652_liz21_del_07_29.json","07",11652
145.441826,-14.694039,260,3.55,2021-11-26 08:19:00,0.0506833751980972,5635.73418725107,"moving",29,-14.69295,145.44156,"run_day_11652_liz21_del_07_29.json","07",11652
145.441953,-14.694461,260,3.55,2021-11-26 08:31:00,0.0488720612008464,5434.32526019651,"moving",29,-14.69295,145.44156,"run_day_11652_liz21_del_07_29.json","07",11652
145.441667,-14.69328,261,3.55,2021-11-26 07:16:00,0.0520939254351424,5792.58021738778,"moving",29,-14.69295,145.44156,"run_day_11652_liz21_del_07_29.json","07",11652
145.441767,-14.693756,261,3.55,2021-11-26 07:28:00,0.0540105962747184,6005.70429079619,"moving",29,-14.69295,145.44156,"run_day_11652_liz21_del_07_29.json","07",11652
145.4419,-14.694211,261,3.55,2021-11-26 07:40:00,0.0525771970700638,5846.31757138225,"moving",29,-14.69295,145.44156,"run_day_11652_liz21_del_07_29.json","07",11652
145.442043,-14.694662,261,3.55,2021-11-26 07:52:00,0.0524545728960524,5832.68238534821,"moving",29,-14.69295,145.44156,"run_day_11652_liz21_del_07_29.json","07",11652
145.441594,-14.693251,262,3.55,2021-11-26 08:06:00,0.0522462907582843,5809.52246831771,"moving",29,-14.69295,145.44156,"run_day_11652_liz21_del_07_29.json","07",11652
145.441687,-14.693733,262,3.55,2021-11-26 08:18:00,0.0545214189010102,6062.50517525509,"moving",29,-14.69295,145.44156,"run_day_11652_liz21_del_07_29.json","07",11652
145.441808,-14.694205,262,3.55,2021-11-26 08:30:00,0.0540735540114072,6012.70487170901,"moving",29,-14.69295,145.44156,"run_day_11652_liz21_del_07_29.json","07",11652
145.441954,-14.694647,262,3.55,2021-11-26 08:42:00,0.051595933487672,5737.20603931922,"moving",29,-14.69295,145.44156,"run_day_11652_liz21_del_07_29.json","07",11652
145.441751,-14.693566,263,3.55,2021-11-26 08:05:00,0.0512498122680878,5698.71911569743,"moving",29,-14.69295,145.44156,"run_day_11652_liz21_del_07_29.json","07",11652
145.441846,-14.693989,263,3.55,2021-11-26 08:17:00,0.0481325492818685,5352.09528661298,"moving",29,-14.69295,145.44156,"run_day_11652_liz21_del_07_29.json","07",11652
145.441964,-14.694395,263,3.55,2021-11-26 08:29:00,0.0468952766114654,5214.51684278818,"moving",29,-14.69295,145.44156,"run_day_11652_liz21_del_07_29.json","07",11652
145.441542,-14.693619,264,3.55,2021-11-26 07:51:00,0.0581238608133944,6463.07843944394,"moving",29,-14.69295,145.44156,"run_day_11652_liz21_del_07_29.json","07",11652
145.441684,-14.694147,264,3.55,2021-11-26 08:03:00,0.0606650247079353,6745.64297228921,"moving",29,-14.69295,145.44156,"run_day_11652_liz21_del_07_29.json","07",11652
145.441856,-14.694651,264,3.55,2021-11-26 08:15:00,0.0590167965285828,6562.36836079261,"moving",29,-14.69295,145.44156,"run_day_11652_liz21_del_07_29.json","07",11652
145.441717,-14.693474,265,3.55,2021-11-26 07:29:00,0.0522563395040356,5810.63983786439,"moving",29,-14.69295,145.44156,"run_day_11652_liz21_del_07_29.json","07",11652
145.441827,-14.693932,265,3.55,2021-11-26 07:41:00,0.0522835537282532,5813.66592152996,"moving",29,-14.69295,145.44156,"run_day_11652_liz21_del_07_29.json","07",11652
145.441957,-14.694374,265,3.55,2021-11-26 07:53:00,0.0510984671778772,5681.89030949345,"moving",29,-14.69295,145.44156,"run_day_11652_liz21_del_07_29.json","07",11652
145.441517,-14.6933,266,3.55,2021-11-26 07:28:00,0.0547729206511597,6090.47089391394,"moving",29,-14.69295,145.44156,"run_day_11652_liz21_del_07_29.json","07",11652
145.441641,-14.69381,266,3.55,2021-11-26 07:40:00,0.0582566701960946,6477.84616901099,"moving",29,-14.69295,145.44156,"run_day_11652_liz21_del_07_29.json","07",11652
145.441797,-14.69433,266,3.55,2021-11-26 07:52:00,0.0602067049046638,6694.68013538469,"moving",29,-14.69295,145.44156,"run_day_11652_liz21_del_07_29.json","07",11652
145.441565,-14.693458,267,3.55,2021-11-26 07:39:00,0.0555466429203522,6176.50488488006,"moving",29,-14.69295,145.44156,"run_day_11652_liz21_del_07_29.json","07",11652
145.441694,-14.693975,267,3.55,2021-11-26 07:51:00,0.05913848940859,6575.89999165818,"moving",29,-14.69295,145.44156,"run_day_11652_liz21_del_07_29.json","07",11652
145.441852,-14.694479,267,3.55,2021-11-26 08:03:00,0.0585622335706302,6511.82326602774,"moving",29,-14.69295,145.44156,"run_day_11652_liz21_del_07_29.json","07",11652
145.441592,-14.693348,268,3.55,2021-11-26 07:14:00,0.0547161517797854,6084.15848342578,"moving",29,-14.69295,145.44156,"run_day_11652_liz21_del_07_29.json","07",11652
145.441715,-14.693852,268,3.55,2021-11-26 07:26:00,0.0575826152555863,6402.89467934677,"moving",29,-14.69295,145.44156,"run_day_11652_liz21_del_07_29.json","07",11652
145.441865,-14.694347,268,3.55,2021-11-26 07:38:00,0.057357323732502,6377.84340496377,"moving",29,-14.69295,145.44156,"run_day_11652_liz21_del_07_29.json","07",11652
145.441616,-14.693581,269,3.55,2021-11-26 07:59:00,0.0558398006629876,6209.10253856769,"moving",29,-14.69295,145.44156,"run_day_11652_liz21_del_07_29.json","07",11652
145.441739,-14.694087,269,3.55,2021-11-26 08:11:00,0.0577990753777877,6426.96394675642,"moving",29,-14.69295,145.44156,"run_day_11652_liz21_del_07_29.json","07",11652
145.441891,-14.694558,269,3.55,2021-11-26 08:23:00,0.0548652473664722,6100.73715625044,"moving",29,-14.69295,145.44156,"run_day_11652_liz21_del_07_29.json","07",11652
145.441765,-14.693172,270,3.55,2021-11-26 07:24:00,0.0459509201040568,5109.50919022058,"moving",29,-14.69295,145.44156,"run_day_11652_liz21_del_07_29.json","07",11652
145.441834,-14.693551,270,3.55,2021-11-26 07:36:00,0.0427913699100739,4758.18323817084,"moving",29,-14.69295,145.44156,"run_day_11652_liz21_del_07_29.json","07",11652
145.441926,-14.693923,270,3.55,2021-11-26 07:48:00,0.0425316496817569,4729.30366643502,"moving",29,-14.69295,145.44156,"run_day_11652_liz21_del_07_29.json","07",11652
145.442032,-14.694302,270,3.55,2021-11-26 08:00:00,0.0436578592554472,4854.53245736792,"moving",29,-14.69295,145.44156,"run_day_11652_liz21_del_07_29.json","07",11652
145.441761,-14.693275,271,3.55,2021-11-26 08:02:00,0.0469929406586197,5225.37658934732,"moving",29,-14.69295,145.44156,"run_day_11652_liz21_del_07_29.json","07",11652
145.441828,-14.693665,271,3.55,2021-11-26 08:14:00,0.0439607128679893,4888.20824259858,"moving",29,-14.69295,145.44156,"run_day_11652_liz21_del_07_29.json","07",11652
145.441916,-14.694035,271,3.55,2021-11-26 08:26:00,0.0422168563290907,4694.30024267712,"moving",29,-14.69295,145.44156,"run_day_11652_liz21_del_07_29.json","07",11652
145.442023,-14.694408,271,3.55,2021-11-26 08:38:00,0.0430428265083314,4786.14393616838,"moving",29,-14.69295,145.44156,"run_day_11652_liz21_del_07_29.json","07",11652
145.44171,-14.693296,272,3.55,2021-11-26 08:05:00,0.0500052454265716,5560.32959705079,"moving",29,-14.69295,145.44156,"run_day_11652_liz21_del_07_29.json","07",11652
145.441787,-14.693733,272,3.55,2021-11-26 08:17:00,0.0492929182624678,5481.12243029134,"moving",29,-14.69295,145.44156,"run_day_11652_liz21_del_07_29.json","07",11652
145.441889,-14.69414,272,3.55,2021-11-26 08:29:00,0.0465671282482669,5178.0284096138,"moving",29,-14.69295,145.44156,"run_day_11652_liz21_del_07_29.json","07",11652
145.442013,-14.694541,272,3.55,2021-11-26 08:41:00,0.0465411060751817,5175.13487598645,"moving",29,-14.69295,145.44156,"run_day_11652_liz21_del_07_29.json","07",11652
145.441737,-14.693451,273,3.55,2021-11-26 07:50:00,0.0512105763734392,5694.35628327015,"moving",29,-14.69295,145.44156,"run_day_11652_liz21_del_07_29.json","07",11652
145.441829,-14.693887,273,3.55,2021-11-26 08:02:00,0.0494805474190201,5501.98584059056,"moving",29,-14.69295,145.44156,"run_day_11652_liz21_del_07_29.json","07",11652
145.441945,-14.694299,273,3.55,2021-11-26 08:14:00,0.0474809117023649,5279.63649376124,"moving",29,-14.69295,145.44156,"run_day_11652_liz21_del_07_29.json","07",11652
145.441553,-14.693424,274,3.55,2021-11-26 07:56:00,0.0556076379002527,6183.28721719578,"moving",29,-14.69295,145.44156,"run_day_11652_liz21_del_07_29.json","07",11652
145.44167,-14.693934,274,3.55,2021-11-26 08:08:00,0.0580889218917529,6459.19340861496,"moving",29,-14.69295,145.44156,"run_day_11652_liz21_del_07_29.json","07",11652
145.441819,-14.694429,274,3.55,2021-11-26 08:20:00,0.0573271605227665,6374.48940906987,"moving",29,-14.69295,145.44156,"run_day_11652_liz21_del_07_29.json","07",11652
145.441512,-14.693625,275,3.55,2021-11-26 08:09:00,0.0582321425047244,6475.11881416832,"moving",29,-14.69295,145.44156,"run_day_11652_liz21_del_07_29.json","07",11652
145.441647,-14.694142,275,3.55,2021-11-26 08:21:00,0.0592932170475611,6593.10492012345,"moving",29,-14.69295,145.44156,"run_day_11652_liz21_del_07_29.json","07",11652
145.441818,-14.694644,275,3.55,2021-11-26 08:33:00,0.0587719084435706,6535.13804814356,"moving",29,-14.69295,145.44156,"run_day_11652_liz21_del_07_29.json","07",11652
145.441753,-14.693309,276,3.55,2021-11-26 08:06:00,0.0479056812182392,5326.86870891972,"moving",29,-14.69295,145.44156,"run_day_11652_liz21_del_07_29.json","07",11652
145.441823,-14.693707,276,3.55,2021-11-26 08:18:00,0.044891465392998,4991.70320134116,"moving",29,-14.69295,145.44156,"run_day_11652_liz21_del_07_29.json","07",11652
145.441915,-14.694086,276,3.55,2021-11-26 08:30:00,0.0432890317327635,4813.52070803861,"moving",29,-14.69295,145.44156,"run_day_11652_liz21_del_07_29.json","07",11652
145.442027,-14.694466,276,3.55,2021-11-26 08:42:00,0.0439377389825696,4885.6536630946,"moving",29,-14.69295,145.44156,"run_day_11652_liz21_del_07_29.json","07",11652
145.441654,-14.693605,277,3.55,2021-11-26 07:30:00,0.0553838458122662,6158.40267238849,"moving",29,-14.69295,145.44156,"run_day_11652_liz21_del_07_29.json","07",11652
145.441792,-14.694109,277,3.55,2021-11-26 07:42:00,0.0579745544650156,6446.47633098839,"moving",29,-14.69295,145.44156,"run_day_11652_liz21_del_07_29.json","07",11652
145.441945,-14.694589,277,3.55,2021-11-26 07:54:00,0.0558529310926392,6210.56257572961,"moving",29,-14.69295,145.44156,"run_day_11652_liz21_del_07_29.json","07",11652
145.441639,-14.693277,278,3.55,2021-11-26 07:34:00,0.0514623695875079,5722.35441123811,"moving",29,-14.69295,145.44156,"run_day_11652_liz21_del_07_29.json","07",11652
145.441739,-14.693766,278,3.55,2021-11-26 07:46:00,0.055427924340128,6163.30398106068,"moving",29,-14.69295,145.44156,"run_day_11652_liz21_del_07_29.json","07",11652
145.441869,-14.694232,278,3.55,2021-11-26 07:58:00,0.0536702590292346,5967.86051575021,"moving",29,-14.69295,145.44156,"run_day_11652_liz21_del_07_29.json","07",11652
145.442017,-14.694679,278,3.55,2021-11-26 08:10:00,0.0521910151306389,5803.37609895645,"moving",29,-14.69295,145.44156,"run_day_11652_liz21_del_07_29.json","07",11652
145.44168,-14.693643,279,3.55,2021-11-26 07:32:00,0.0552952073720176,6148.54652752716,"moving",29,-14.69295,145.44156,"run_day_11652_liz21_del_07_29.json","07",11652
145.441817,-14.694137,279,3.55,2021-11-26 07:44:00,0.0568724155702328,6323.9240774309,"moving",29,-14.69295,145.44156,"run_day_11652_liz21_del_07_29.json","07",11652
145.441969,-14.694609,279,3.55,2021-11-26 07:56:00,0.0549713997553416,6112.54076334392,"moving",29,-14.69295,145.44156,"run_day_11652_liz21_del_07_29.json","07",11652
145.441672,-14.693614,280,3.55,2021-11-26 07:13:00,0.0564715432696206,6279.34911137049,"moving",29,-14.69295,145.44156,"run_day_11652_liz21_del_07_29.json","07",11652
145.441815,-14.694113,280,3.55,2021-11-26 07:25:00,0.0575786077678485,6402.44906704174,"moving",29,-14.69295,145.44156,"run_day_11652_liz21_del_07_29.json","07",11652
145.441966,-14.694592,280,3.55,2021-11-26 07:37:00,0.0556835589560715,6191.72925342833,"moving",29,-14.69295,145.44156,"run_day_11652_liz21_del_07_29.json","07",11652
145.441777,-14.693262,281,3.55,2021-11-26 07:36:00,0.0454942415165524,5058.72884818288,"moving",29,-14.69295,145.44156,"run_day_11652_liz21_del_07_29.json","07",11652
145.441847,-14.693644,281,3.55,2021-11-26 07:48:00,0.0431385799894368,4796.79123747585,"moving",29,-14.69295,145.44156,"run_day_11652_liz21_del_07_29.json","07",11652
145.441941,-14.694016,281,3.55,2021-11-26 08:00:00,0.0425822114363331,4734.92587702615,"moving",29,-14.69295,145.44156,"run_day_11652_liz21_del_07_29.json","07",11652
145.442047,-14.694395,281,3.55,2021-11-26 08:12:00,0.0436578579873218,4854.53231635881,"moving",29,-14.69295,145.44156,"run_day_11652_liz21_del_07_29.json","07",11652
145.441588,-14.693625,282,3.55,2021-11-26 08:00:00,0.0569736276404232,6335.17834615126,"moving",29,-14.69295,145.44156,"run_day_11652_liz21_del_07_29.json","07",11652
145.44172,-14.694138,282,3.55,2021-11-26 08:12:00,0.0587833142306549,6536.40631380171,"moving",29,-14.69295,145.44156,"run_day_11652_liz21_del_07_29.json","07",11652
145.44188,-14.694619,282,3.55,2021-11-26 08:24:00,0.0561852207544858,6247.51150030339,"moving",29,-14.69295,145.44156,"run_day_11652_liz21_del_07_29.json","07",11652
145.441725,-14.693181,283,3.55,2021-11-26 07:48:00,0.0482883622538392,5369.42089860153,"moving",29,-14.69295,145.44156,"run_day_11652_liz21_del_07_29.json","07",11652
145.441797,-14.693603,283,3.55,2021-11-26 08:00:00,0.0475590047106223,5288.32004008587,"moving",29,-14.69295,145.44156,"run_day_11652_liz21_del_07_29.json","07",11652
145.44189,-14.693999,283,3.55,2021-11-26 08:12:00,0.0451550704491308,5021.01474622098,"moving",29,-14.69295,145.44156,"run_day_11652_liz21_del_07_29.json","07",11652
145.442001,-14.694388,283,3.55,2021-11-26 08:24:00,0.0448722473976104,4989.56625775378,"moving",29,-14.69295,145.44156,"run_day_11652_liz21_del_07_29.json","07",11652
145.44174,-14.693591,284,3.55,2021-11-26 07:41:00,0.0527454596129662,5865.02751249731,"moving",29,-14.69295,145.44156,"run_day_11652_liz21_del_07_29.json","07",11652
145.441854,-14.694041,284,3.55,2021-11-26 07:53:00,0.0515181630267123,5728.55835861769,"moving",29,-14.69295,145.44156,"run_day_11652_liz21_del_07_29.json","07",11652
145.441985,-14.694476,284,3.55,2021-11-26 08:05:00,0.0503802351273924,5602.02654932602,"moving",29,-14.69295,145.44156,"run_day_11652_liz21_del_07_29.json","07",11652
145.441537,-14.693625,285,3.55,2021-11-26 07:15:00,0.0592669770464685,6590.18716512681,"moving",29,-14.69295,145.44156,"run_day_11652_liz21_del_07_29.json","07",11652
145.4417,-14.694158,285,3.55,2021-11-26 07:27:00,0.0618056302412925,6872.47252090124,"moving",29,-14.69295,145.44156,"run_day_11652_liz21_del_07_29.json","07",11652
145.441878,-14.694677,285,3.55,2021-11-26 07:39:00,0.0608030172267577,6760.98704029717,"moving",29,-14.69295,145.44156,"run_day_11652_liz21_del_07_29.json","07",11652
145.441674,-14.693411,286,3.55,2021-11-26 07:20:00,0.05307478114777,5901.64639640229,"moving",29,-14.69295,145.44156,"run_day_11652_liz21_del_07_29.json","07",11652
145.441789,-14.693893,286,3.55,2021-11-26 07:32:00,0.0550047619465026,6116.25046974277,"moving",29,-14.69295,145.44156,"run_day_11652_liz21_del_07_29.json","07",11652
145.441925,-14.694355,286,3.55,2021-11-26 07:44:00,0.0534140795386887,5939.37465609111,"moving",29,-14.69295,145.44156,"run_day_11652_liz21_del_07_29.json","07",11652
145.441549,-14.693606,287,3.55,2021-11-26 07:43:00,0.0578237960400166,6429.71275897957,"moving",29,-14.69295,145.44156,"run_day_11652_liz21_del_07_29.json","07",11652
145.441694,-14.694135,287,3.55,2021-11-26 07:55:00,0.0608545400978227,6766.71612216576,"moving",29,-14.69295,145.44156,"run_day_11652_liz21_del_07_29.json","07",11652
145.441867,-14.694644,287,3.55,2021-11-26 08:07:00,0.0595785091522213,6624.82795477342,"moving",29,-14.69295,145.44156,"run_day_11652_liz21_del_07_29.json","07",11652
145.441606,-14.69348,288,3.55,2021-11-26 07:49:00,0.0549905518548691,6114.67037964597,"moving",29,-14.69295,145.44156,"run_day_11652_liz21_del_07_29.json","07",11652
145.441726,-14.69399,288,3.55,2021-11-26 08:01:00,0.0581596783125731,6467.0611636377,"moving",29,-14.69295,145.44156,"run_day_11652_liz21_del_07_29.json","07",11652
145.441873,-14.694469,288,3.55,2021-11-26 08:13:00,0.0555595994314321,6177.94558317916,"moving",29,-14.69295,145.44156,"run_day_11652_liz21_del_07_29.json","07",11652
145.441638,-14.693276,289,3.55,2021-11-26 07:40:00,0.0516582340549423,5744.13354632676,"moving",29,-14.69295,145.44156,"run_day_11652_liz21_del_07_29.json","07",11652
145.441735,-14.693766,289,3.55,2021-11-26 07:52:00,0.0554754205457274,6168.5853181582,"moving",29,-14.69295,145.44156,"run_day_11652_liz21_del_07_29.json","07",11652
145.441863,-14.694231,289,3.55,2021-11-26 08:04:00,0.0535071588218768,5949.72460015734,"moving",29,-14.69295,145.44156,"run_day_11652_liz21_del_07_29.json","07",11652
145.442008,-14.694672,289,3.55,2021-11-26 08:16:00,0.0514573231829863,5721.79327665752,"moving",29,-14.69295,145.44156,"run_day_11652_liz21_del_07_29.json","07",11652
145.441603,-14.69363,290,3.55,2021-11-26 08:05:00,0.0563406613155257,6264.79570208581,"moving",29,-14.69295,145.44156,"run_day_11652_liz21_del_07_29.json","07",11652
145.44173,-14.694136,290,3.55,2021-11-26 08:17:00,0.0578990657902703,6438.08237333758,"moving",29,-14.69295,145.44156,"run_day_11652_liz21_del_07_29.json","07",11652
145.441886,-14.69461,290,3.55,2021-11-26 08:29:00,0.055312753917108,6150.49761432136,"moving",29,-14.69295,145.44156,"run_day_11652_liz21_del_07_29.json","07",11652
145.44151,-14.693332,291,3.55,2021-11-26 07:40:00,0.0553696125159665,6156.82000205053,"moving",29,-14.69295,145.44156,"run_day_11652_liz21_del_07_29.json","07",11652
145.441633,-14.693847,291,3.55,2021-11-26 07:52:00,0.0587737115261375,6535.33854177731,"moving",29,-14.69295,145.44156,"run_day_11652_liz21_del_07_29.json","07",11652
145.441788,-14.694365,291,3.55,2021-11-26 08:04:00,0.0599631639200789,6667.59961346883,"moving",29,-14.69295,145.44156,"run_day_11652_liz21_del_07_29.json","07",11652
145.44168,-14.693528,292,3.55,2021-11-26 07:23:00,0.0542285520661748,6029.93986903895,"moving",29,-14.69295,145.44156,"run_day_11652_liz21_del_07_29.json","07",11652
145.441808,-14.694015,292,3.55,2021-11-26 07:35:00,0.0558746327371714,6212.97568850144,"moving",29,-14.69295,145.44156,"run_day_11652_liz21_del_07_29.json","07",11652
145.441949,-14.694483,292,3.55,2021-11-26 07:47:00,0.0542040516809217,6027.21555049796,"moving",29,-14.69295,145.44156,"run_day_11652_liz21_del_07_29.json","07",11652
145.441531,-14.693611,293,3.55,2021-11-26 07:31:00,0.0581361282776006,6464.44251922646,"moving",29,-14.69295,145.44156,"run_day_11652_liz21_del_07_29.json","07",11652
145.441685,-14.694143,293,3.55,2021-11-26 07:43:00,0.0614309550459021,6830.81054003427,"moving",29,-14.69295,145.44156,"run_day_11652_liz21_del_07_29.json","07",11652
145.441864,-14.694664,293,3.55,2021-11-26 07:55:00,0.0610479709338906,6788.22464979312,"moving",29,-14.69295,145.44156,"run_day_11652_liz21_del_07_29.json","07",11652
145.441644,-14.693195,294,3.55,2021-11-26 07:46:00,0.0505495926969179,5620.85825184611,"moving",29,-14.69295,145.44156,"run_day_11652_liz21_del_07_29.json","07",11652
145.441732,-14.693674,294,3.55,2021-11-26 07:58:00,0.0540968489760242,6015.29515359078,"moving",29,-14.69295,145.44156,"run_day_11652_liz21_del_07_29.json","07",11652
145.441846,-14.694127,294,3.55,2021-11-26 08:10:00,0.0518422214587441,5764.59201219602,"moving",29,-14.69295,145.44156,"run_day_11652_liz21_del_07_29.json","07",11652
145.441981,-14.694557,294,3.55,2021-11-26 08:22:00,0.0499700052568698,5556.41106896585,"moving",29,-14.69295,145.44156,"run_day_11652_liz21_del_07_29.json","07",11652
145.441705,-14.693409,295,3.55,2021-11-26 07:38:00,0.0516704830688869,5745.49557453379,"moving",29,-14.69295,145.44156,"run_day_11652_liz21_del_07_29.json","07",11652
145.441805,-14.693872,295,3.55,2021-11-26 07:50:00,0.0525948022820874,5848.27518164177,"moving",29,-14.69295,145.44156,"run_day_11652_liz21_del_07_29.json","07",11652
145.44193,-14.694309,295,3.55,2021-11-26 08:02:00,0.050417875194687,5606.21193384774,"moving",29,-14.69295,145.44156,"run_day_11652_liz21_del_07_29.json","07",11652
145.441519,-14.693429,296,3.55,2021-11-26 07:40:00,0.0562848113991183,6258.58547472778,"moving",29,-14.69295,145.44156,"run_day_11652_liz21_del_07_29.json","07",11652
145.44165,-14.693951,296,3.55,2021-11-26 07:52:00,0.0597294680496969,6641.61381830456,"moving",29,-14.69295,145.44156,"run_day_11652_liz21_del_07_29.json","07",11652
145.441813,-14.694468,296,3.55,2021-11-26 08:04:00,0.0601017021229044,6683.00435876947,"moving",29,-14.69295,145.44156,"run_day_11652_liz21_del_07_29.json","07",11652
145.441639,-14.693291,297,3.55,2021-11-26 07:17:00,0.0527257138677854,5862.83188581039,"moving",29,-14.69295,145.44156,"run_day_11652_liz21_del_07_29.json","07",11652
145.441746,-14.693779,297,3.55,2021-11-26 07:29:00,0.0554701547696764,6167.99979057649,"moving",29,-14.69295,145.44156,"run_day_11652_liz21_del_07_29.json","07",11652
145.441884,-14.694249,297,3.55,2021-11-26 07:41:00,0.054328556967463,6041.05990670178,"moving",29,-14.69295,145.44156,"run_day_11652_liz21_del_07_29.json","07",11652
145.44168,-14.693356,298,3.55,2021-11-26 07:21:00,0.0521814814263708,5802.31599940971,"moving",29,-14.69295,145.44156,"run_day_11652_liz21_del_07_29.json","07",11652
145.441785,-14.693831,298,3.55,2021-11-26 07:33:00,0.0540115173264291,6005.80670707359,"moving",29,-14.69295,145.44156,"run_day_11652_liz21_del_07_29.json","07",11652
145.441918,-14.694285,298,3.55,2021-11-26 07:45:00,0.0524702044286611,5834.42053246997,"moving",29,-14.69295,145.44156,"run_day_11652_liz21_del_07_29.json","07",11652
145.441517,-14.693607,299,3.55,2021-11-26 07:12:00,0.0596961211218376,6637.90580910742,"moving",29,-14.69295,145.44156,"run_day_11652_liz21_del_07_29.json","07",11652
145.441681,-14.694143,299,3.55,2021-11-26 07:24:00,0.0621560239721909,6911.4345261052,"moving",29,-14.69295,145.44156,"run_day_11652_liz21_del_07_29.json","07",11652
145.441861,-14.694667,299,3.55,2021-11-26 07:36:00,0.0613984530801859,6827.19648634065,"moving",29,-14.69295,145.44156,"run_day_11652_liz21_del_07_29.json","07",11652
145.441563,-14.693212,300,3.55,2021-11-26 07:37:00,0.0525844628948746,5847.1254942391,"moving",29,-14.69295,145.44156,"run_day_11652_liz21_del_07_29.json","07",11652
145.441668,-14.693709,300,3.55,2021-11-26 07:49:00,0.0564060511003992,6272.06671441812,"moving",29,-14.69295,145.44156,"run_day_11652_liz21_del_07_29.json","07",11652
145.441804,-14.69421,300,3.55,2021-11-26 08:01:00,0.057597141162611,6404.50988651282,"moving",29,-14.69295,145.44156,"run_day_11652_liz21_del_07_29.json","07",11652
145.441961,-14.694675,300,3.55,2021-11-26 08:13:00,0.0543932971893085,6048.25869092085,"moving",29,-14.69295,145.44156,"run_day_11652_liz21_del_07_29.json","07",11652
145.441591,-14.693263,301,3.55,2021-11-26 07:16:00,0.0535841378632701,5958.28427901824,"moving",29,-14.69295,145.44156,"run_day_11652_liz21_del_07_29.json","07",11652
145.441703,-14.693759,301,3.55,2021-11-26 07:28:00,0.0564529700013324,6277.28385816563,"moving",29,-14.69295,145.44156,"run_day_11652_liz21_del_07_29.json","07",11652
145.441848,-14.694251,301,3.55,2021-11-26 07:40:00,0.0568875043181455,6325.60186964821,"moving",29,-14.69295,145.44156,"run_day_11652_liz21_del_07_29.json","07",11652
145.441696,-14.693428,302,3.55,2021-11-26 07:59:00,0.0521792404431332,5802.06681344299,"moving",29,-14.69295,145.44156,"run_day_11652_liz21_del_07_29.json","07",11652
145.44179,-14.69389,302,3.55,2021-11-26 08:11:00,0.0523575221702889,5821.89083701614,"moving",29,-14.69295,145.44156,"run_day_11652_liz21_del_07_29.json","07",11652
145.441909,-14.694317,302,3.55,2021-11-26 08:23:00,0.0491751746294389,5468.02993565382,"moving",29,-14.69295,145.44156,"run_day_11652_liz21_del_07_29.json","07",11652
145.441755,-14.693516,303,3.55,2021-11-26 07:55:00,0.0507010332840897,5637.69767682769,"moving",29,-14.69295,145.44156,"run_day_11652_liz21_del_07_29.json","07",11652
145.441849,-14.69394,303,3.55,2021-11-26 08:07:00,0.0482185484699508,5361.65796002328,"moving",29,-14.69295,145.44156,"run_day_11652_liz21_del_07_29.json","07",11652
145.441964,-14.694344,303,3.55,2021-11-26 08:19:00,0.0465945307614021,5181.07543005175,"moving",29,-14.69295,145.44156,"run_day_11652_liz21_del_07_29.json","07",11652
145.441575,-14.693655,304,3.55,2021-11-26 07:46:00,0.0577502226448181,6421.53177069749,"moving",29,-14.69295,145.44156,"run_day_11652_liz21_del_07_29.json","07",11652
145.44172,-14.694182,304,3.55,2021-11-26 07:58:00,0.0606396035387127,6742.81626724228,"moving",29,-14.69295,145.44156,"run_day_11652_liz21_del_07_29.json","07",11652
145.441891,-14.69468,304,3.55,2021-11-26 08:10:00,0.0583496345957985,6488.18333861662,"moving",29,-14.69295,145.44156,"run_day_11652_liz21_del_07_29.json","07",11652
145.441734,-14.693596,305,3.55,2021-11-26 07:25:00,0.0535379676600388,5953.15038665677,"moving",29,-14.69295,145.44156,"run_day_11652_liz21_del_07_29.json","07",11652
145.441858,-14.694054,305,3.55,2021-11-26 07:37:00,0.0526447451169057,5853.82857149583,"moving",29,-14.69295,145.44156,"run_day_11652_liz21_del_07_29.json","07",11652
145.441993,-14.694506,305,3.55,2021-11-26 07:49:00,0.0523155679458397,5817.22574010608,"moving",29,-14.69295,145.44156,"run_day_11652_liz21_del_07_29.json","07",11652
145.441737,-14.69346,306,3.55,2021-11-26 08:03:00,0.0509379039964758,5664.03649831571,"moving",29,-14.69295,145.44156,"run_day_11652_liz21_del_07_29.json","07",11652
145.441825,-14.693888,306,3.55,2021-11-26 08:15:00,0.0485235294046782,5395.57029268828,"moving",29,-14.69295,145.44156,"run_day_11652_liz21_del_07_29.json","07",11652
145.441936,-14.694292,306,3.55,2021-11-26 08:27:00,0.0464821708763229,5168.58158087257,"moving",29,-14.69295,145.44156,"run_day_11652_liz21_del_07_29.json","07",11652
145.441572,-14.693246,307,3.55,2021-11-26 07:24:00,0.0529577847646686,5888.63699216566,"moving",29,-14.69295,145.44156,"run_day_11652_liz21_del_07_29.json","07",11652
145.441683,-14.693743,307,3.55,2021-11-26 07:36:00,0.0565387986922579,6286.82757315709,"moving",29,-14.69295,145.44156,"run_day_11652_liz21_del_07_29.json","07",11652
145.441827,-14.694243,307,3.55,2021-11-26 07:48:00,0.0577145386962851,6417.56389665796,"moving",29,-14.69295,145.44156,"run_day_11652_liz21_del_07_29.json","07",11652
145.441598,-14.693485,308,3.55,2021-11-26 07:33:00,0.0550181581696578,6117.74006179383,"moving",29,-14.69295,145.44156,"run_day_11652_liz21_del_07_29.json","07",11652
145.441729,-14.693999,308,3.55,2021-11-26 07:45:00,0.0588653874829957,6545.53244307523,"moving",29,-14.69295,145.44156,"run_day_11652_liz21_del_07_29.json","07",11652
145.441884,-14.694492,308,3.55,2021-11-26 07:57:00,0.0572981037539055,6371.25844378783,"moving",29,-14.69295,145.44156,"run_day_11652_liz21_del_07_29.json","07",11652
145.441779,-14.693535,309,3.55,2021-11-26 07:13:00,0.050371106141507,5601.01145241016,"moving",29,-14.69295,145.44156,"run_day_11652_liz21_del_07_29.json","07",11652
145.441891,-14.693953,309,3.55,2021-11-26 07:25:00,0.0480152163582658,5339.04846077998,"moving",29,-14.69295,145.44156,"run_day_11652_liz21_del_07_29.json","07",11652
145.442012,-14.694381,309,3.55,2021-11-26 07:37:00,0.0493388507431402,5486.22988911031,"moving",29,-14.69295,145.44156,"run_day_11652_liz21_del_07_29.json","07",11652
145.441637,-14.693513,310,3.55,2021-11-26 07:20:00,0.0552751301635037,6146.31404379923,"moving",29,-14.69295,145.44156,"run_day_11652_liz21_del_07_29.json","07",11652
145.441772,-14.694017,310,3.55,2021-11-26 07:32:00,0.0578927828596481,6437.38374332794,"moving",29,-14.69295,145.44156,"run_day_11652_liz21_del_07_29.json","07",11652
145.441922,-14.694502,310,3.55,2021-11-26 07:44:00,0.056291135623057,6259.28869634473,"moving",29,-14.69295,145.44156,"run_day_11652_liz21_del_07_29.json","07",11652
145.441521,-14.693247,311,3.55,2021-11-26 07:53:00,0.0543305199770124,6041.27818340463,"moving",29,-14.69295,145.44156,"run_day_11652_liz21_del_07_29.json","07",11652
145.44163,-14.69375,311,3.55,2021-11-26 08:05:00,0.0571465776758857,6354.40951265768,"moving",29,-14.69295,145.44156,"run_day_11652_liz21_del_07_29.json","07",11652
145.441766,-14.694253,311,3.55,2021-11-26 08:17:00,0.0578122662223343,6428.43070174817,"moving",29,-14.69295,145.44156,"run_day_11652_liz21_del_07_29.json","07",11652
145.441673,-14.693389,312,3.55,2021-11-26 07:25:00,0.0525297681538512,5841.04371652316,"moving",29,-14.69295,145.44156,"run_day_11652_liz21_del_07_29.json","07",11652
145.441783,-14.69387,312,3.55,2021-11-26 07:37:00,0.0547777520958271,6091.00812604932,"moving",29,-14.69295,145.44156,"run_day_11652_liz21_del_07_29.json","07",11652
145.441918,-14.694329,312,3.55,2021-11-26 07:49:00,0.053063793811072,5900.42466030414,"moving",29,-14.69295,145.44156,"run_day_11652_liz21_del_07_29.json","07",11652
145.441679,-14.693636,313,3.55,2021-11-26 07:32:00,0.0550774340652865,6124.33124066005,"moving",29,-14.69295,145.44156,"run_day_11652_liz21_del_07_29.json","07",11652
145.441815,-14.694131,313,3.55,2021-11-26 07:44:00,0.0569520999804852,6332.78457958362,"moving",29,-14.69295,145.44156,"run_day_11652_liz21_del_07_29.json","07",11652
145.441966,-14.694603,313,3.55,2021-11-26 07:56:00,0.0549395074599154,6108.99450189348,"moving",29,-14.69295,145.44156,"run_day_11652_liz21_del_07_29.json","07",11652
145.441604,-14.693683,314,3.55,2021-11-26 07:23:00,0.0578237949557394,6429.71263841345,"moving",29,-14.69295,145.44156,"run_day_11652_liz21_del_07_29.json","07",11652
145.441761,-14.694206,314,3.55,2021-11-26 07:35:00,0.060557052416276,6733.63700123851,"moving",29,-14.69295,145.44156,"run_day_11652_liz21_del_07_29.json","07",11652
145.441932,-14.694707,314,3.55,2021-11-26 07:47:00,0.0586663073722319,6523.39574476246,"moving",29,-14.69295,145.44156,"run_day_11652_liz21_del_07_29.json","07",11652
145.441714,-14.693415,315,3.55,2021-11-26 07:13:00,0.0529517017521204,5887.96059203158,"moving",29,-14.69295,145.44156,"run_day_11652_liz21_del_07_29.json","07",11652
145.441823,-14.693871,315,3.55,2021-11-26 07:25:00,0.0520426223060594,5786.87556971275,"moving",29,-14.69295,145.44156,"run_day_11652_liz21_del_07_29.json","07",11652
145.441953,-14.694315,315,3.55,2021-11-26 07:37:00,0.0513124060599814,5705.67922779544,"moving",29,-14.69295,145.44156,"run_day_11652_liz21_del_07_29.json","07",11652
145.441457,-14.693505,316,3.55,2021-11-26 07:50:00,0.0587543396580151,6533.18448832248,"moving",29,-14.69295,145.44156,"run_day_11652_liz21_del_07_29.json","07",11652
145.441599,-14.69404,316,3.55,2021-11-26 08:02:00,0.0614186315552157,6829.44023039139,"moving",29,-14.69295,145.44156,"run_day_11652_liz21_del_07_29.json","07",11652
145.441773,-14.694565,316,3.55,2021-11-26 08:14:00,0.0613039032525748,6816.68302519518,"moving",29,-14.69295,145.44156,"run_day_11652_liz21_del_07_29.json","07",11652
145.441677,-14.693353,317,3.55,2021-11-26 07:33:00,0.0515730620834282,5734.66285520208,"moving",29,-14.69295,145.44156,"run_day_11652_liz21_del_07_29.json","07",11652
145.441778,-14.693831,317,3.55,2021-11-26 07:45:00,0.0542499849764958,6032.32309992987,"moving",29,-14.69295,145.44156,"run_day_11652_liz21_del_07_29.json","07",11652
145.441907,-14.694282,317,3.55,2021-11-26 07:57:00,0.0520329624725025,5785.80144522899,"moving",29,-14.69295,145.44156,"run_day_11652_liz21_del_07_29.json","07",11652
145.441765,-14.693297,318,3.55,2021-11-26 07:28:00,0.0472115855998147,5249.6887975447,"moving",29,-14.69295,145.44156,"run_day_11652_liz21_del_07_29.json","07",11652
145.441842,-14.693694,318,3.55,2021-11-26 07:40:00,0.0449145673927647,4994.27202651056,"moving",29,-14.69295,145.44156,"run_day_11652_liz21_del_07_29.json","07",11652
145.441948,-14.694083,318,3.55,2021-11-26 07:52:00,0.0447321680130732,4973.99014086575,"moving",29,-14.69295,145.44156,"run_day_11652_liz21_del_07_29.json","07",11652
145.442063,-14.694485,318,3.55,2021-11-26 08:04:00,0.0463801555351465,5157.23799249384,"moving",29,-14.69295,145.44156,"run_day_11652_liz21_del_07_29.json","07",11652
145.441696,-14.693303,319,3.55,2021-11-26 07:14:00,0.0518797300382817,5768.76277594625,"moving",29,-14.69295,145.44156,"run_day_11652_liz21_del_07_29.json","07",11652
145.441794,-14.693763,319,3.55,2021-11-26 07:26:00,0.0522244704037282,5807.09615559349,"moving",29,-14.69295,145.44156,"run_day_11652_liz21_del_07_29.json","07",11652
145.441922,-14.694204,319,3.55,2021-11-26 07:38:00,0.0509329606182764,5663.48681973945,"moving",29,-14.69295,145.44156,"run_day_11652_liz21_del_07_29.json","07",11652
145.44206,-14.694648,319,3.55,2021-11-26 07:50:00,0.0515535233304561,5732.49024499861,"moving",29,-14.69295,145.44156,"run_day_11652_liz21_del_07_29.json","07",11652
145.441713,-14.693595,320,3.55,2021-11-26 07:16:00,0.0550591327926903,6122.29623199622,"moving",29,-14.69295,145.44156,"run_day_11652_liz21_del_07_29.json","07",11652
145.441845,-14.694066,320,3.55,2021-11-26 07:28:00,0.0542631168624062,6033.78329902038,"moving",29,-14.69295,145.44156,"run_day_11652_liz21_del_07_29.json","07",11652
145.441984,-14.69453,320,3.55,2021-11-26 07:40:00,0.0537169104416278,5973.04791612913,"moving",29,-14.69295,145.44156,"run_day_11652_liz21_del_07_29.json","07",11652
145.441703,-14.693318,321,3.55,2021-11-26 07:33:00,0.0505973325704095,5626.16668357703,"moving",29,-14.69295,145.44156,"run_day_11652_liz21_del_07_29.json","07",11652
145.441794,-14.693775,321,3.55,2021-11-26 07:45:00,0.0517501258577083,5754.35144859455,"moving",29,-14.69295,145.44156,"run_day_11652_liz21_del_07_29.json","07",11652
145.441915,-14.694207,321,3.55,2021-11-26 07:57:00,0.0497680188255952,5533.95120255707,"moving",29,-14.69295,145.44156,"run_day_11652_liz21_del_07_29.json","07",11652
145.44205,-14.694635,321,3.55,2021-11-26 08:09:00,0.0497572518734787,5532.75397210629,"moving",29,-14.69295,145.44156,"run_day_11652_liz21_del_07_29.json","07",11652
145.441581,-14.693369,322,3.55,2021-11-26 07:56:00,0.0542515181725519,6032.49358355285,"moving",29,-14.69295,145.44156,"run_day_11652_liz21_del_07_29.json","07",11652
145.441689,-14.693871,322,3.55,2021-11-26 08:08:00,0.0570157401235396,6339.86104062221,"moving",29,-14.69295,145.44156,"run_day_11652_liz21_del_07_29.json","07",11652
145.441828,-14.694354,322,3.55,2021-11-26 08:20:00,0.0557492413182646,6199.03279887423,"moving",29,-14.69295,145.44156,"run_day_11652_liz21_del_07_29.json","07",11652
145.441756,-14.693171,323,3.55,2021-11-26 07:37:00,0.0462611214993402,5144.00201161415,"moving",29,-14.69295,145.44156,"run_day_11652_liz21_del_07_29.json","07",11652
145.441824,-14.693561,323,3.55,2021-11-26 07:49:00,0.0439784733533709,4890.18311846776,"moving",29,-14.69295,145.44156,"run_day_11652_liz21_del_07_29.json","07",11652
145.441913,-14.693937,323,3.55,2021-11-26 08:01:00,0.0428911806494109,4769.28168600976,"moving",29,-14.69295,145.44156,"run_day_11652_liz21_del_07_29.json","07",11652
145.442017,-14.694312,323,3.55,2021-11-26 08:13:00,0.0431724335433839,4800.55558092366,"moving",29,-14.69295,145.44156,"run_day_11652_liz21_del_07_29.json","07",11652
145.441713,-14.693631,324,3.55,2021-11-26 07:11:00,0.0561242162433848,6240.72810816652,"moving",29,-14.69295,145.44156,"run_day_11652_liz21_del_07_29.json","07",11652
145.441851,-14.694109,324,3.55,2021-11-26 07:23:00,0.0551848107061432,6136.27097836345,"moving",29,-14.69295,145.44156,"run_day_11652_liz21_del_07_29.json","07",11652
145.441994,-14.694576,324,3.55,2021-11-26 07:35:00,0.0541580043169693,6022.0953172411,"moving",29,-14.69295,145.44156,"run_day_11652_liz21_del_07_29.json","07",11652
145.441702,-14.693259,325,3.55,2021-11-26 08:08:00,0.0494576566412715,5499.44050223796,"moving",29,-14.69295,145.44156,"run_day_11652_liz21_del_07_29.json","07",11652
145.441777,-14.693699,325,3.55,2021-11-26 08:20:00,0.0495863428185962,5513.74975228575,"moving",29,-14.69295,145.44156,"run_day_11652_liz21_del_07_29.json","07",11652
145.441876,-14.694109,325,3.55,2021-11-26 08:32:00,0.0468169458861138,5205.8068635287,"moving",29,-14.69295,145.44156,"run_day_11652_liz21_del_07_29.json","07",11652
145.441999,-14.694511,325,3.55,2021-11-26 08:44:00,0.0466170105047043,5183.57506345922,"moving",29,-14.69295,145.44156,"run_day_11652_liz21_del_07_29.json","07",11652
145.441536,-14.693351,326,3.55,2021-11-26 07:30:00,0.0548039387223954,6093.91994606965,"moving",29,-14.69295,145.44156,"run_day_11652_liz21_del_07_29.json","07",11652
145.441661,-14.693864,326,3.55,2021-11-26 07:42:00,0.058606025661312,6516.69272433872,"moving",29,-14.69295,145.44156,"run_day_11652_liz21_del_07_29.json","07",11652
145.441818,-14.694379,326,3.55,2021-11-26 07:54:00,0.0597032904527834,6638.70300233603,"moving",29,-14.69295,145.44156,"run_day_11652_liz21_del_07_29.json","07",11652
145.441713,-14.693426,327,3.55,2021-11-26 07:57:00,0.0517949277772743,5759.33319475424,"moving",29,-14.69295,145.44156,"run_day_11652_liz21_del_07_29.json","07",11652
145.441804,-14.693876,327,3.55,2021-11-26 08:09:00,0.0509860218057321,5669.38695458625,"moving",29,-14.69295,145.44156,"run_day_11652_liz21_del_07_29.json","07",11652
145.44192,-14.694294,327,3.55,2021-11-26 08:21:00,0.0481249546480544,5351.25080186312,"moving",29,-14.69295,145.44156,"run_day_11652_liz21_del_07_29.json","07",11652
145.441631,-14.693441,328,3.55,2021-11-26 07:35:00,0.0537715894525087,5979.12794473303,"moving",29,-14.69295,145.44156,"run_day_11652_liz21_del_07_29.json","07",11652
145.44175,-14.693944,328,3.55,2021-11-26 07:47:00,0.0573768940248256,6380.0195221831,"moving",29,-14.69295,145.44156,"run_day_11652_liz21_del_07_29.json","07",11652
145.441894,-14.694422,328,3.55,2021-11-26 07:59:00,0.0553618734230242,6155.95945417852,"moving",29,-14.69295,145.44156,"run_day_11652_liz21_del_07_29.json","07",11652
145.441686,-14.693475,329,3.55,2021-11-26 07:48:00,0.0530412487055847,5897.91775895329,"moving",29,-14.69295,145.44156,"run_day_11652_liz21_del_07_29.json","07",11652
145.441793,-14.693955,329,3.55,2021-11-26 08:00:00,0.0546002621063157,6071.27213968545,"moving",29,-14.69295,145.44156,"run_day_11652_liz21_del_07_29.json","07",11652
145.441924,-14.694399,329,3.55,2021-11-26 08:12:00,0.0513418183320606,5708.94972323173,"moving",29,-14.69295,145.44156,"run_day_11652_liz21_del_07_29.json","07",11652
145.441584,-14.693591,330,3.55,2021-11-26 08:08:00,0.0562539281471659,6255.15141379239,"moving",29,-14.69295,145.44156,"run_day_11652_liz21_del_07_29.json","07",11652
145.441708,-14.694096,330,3.55,2021-11-26 08:20:00,0.0577155981575109,6417.68170337125,"moving",29,-14.69295,145.44156,"run_day_11652_liz21_del_07_29.json","07",11652
145.441864,-14.694575,330,3.55,2021-11-26 08:32:00,0.0558427863545595,6209.43453232301,"moving",29,-14.69295,145.44156,"run_day_11652_liz21_del_07_29.json","07",11652
145.441489,-14.69342,331,3.55,2021-11-26 07:50:00,0.0571173632275911,6351.16101422261,"moving",29,-14.69295,145.44156,"run_day_11652_liz21_del_07_29.json","07",11652
145.441618,-14.693943,331,3.55,2021-11-26 08:02:00,0.0597872419191354,6648.03797947875,"moving",29,-14.69295,145.44156,"run_day_11652_liz21_del_07_29.json","07",11652
145.441779,-14.694459,331,3.55,2021-11-26 08:14:00,0.0599328435687193,6664.22814422355,"moving",29,-14.69295,145.44156,"run_day_11652_liz21_del_07_29.json","07",11652
145.441603,-14.693172,332,3.55,2021-11-26 07:11:00,0.0525530439585793,5843.63186792249,"moving",29,-14.69295,145.44156,"run_day_11652_liz21_del_07_29.json","07",11652
145.441706,-14.69366,332,3.55,2021-11-26 07:23:00,0.0553824917732905,6158.25211012391,"moving",29,-14.69295,145.44156,"run_day_11652_liz21_del_07_29.json","07",11652
145.441844,-14.694141,332,3.55,2021-11-26 07:35:00,0.0555061743942308,6172.00499008658,"moving",29,-14.69295,145.44156,"run_day_11652_liz21_del_07_29.json","07",11652
145.441991,-14.694609,332,3.55,2021-11-26 07:47:00,0.0543881395243319,6047.68518474211,"moving",29,-14.69295,145.44156,"run_day_11652_liz21_del_07_29.json","07",11652
145.441503,-14.693295,333,3.55,2021-11-26 07:49:00,0.0552112732981523,6139.21348434073,"moving",29,-14.69295,145.44156,"run_day_11652_liz21_del_07_29.json","07",11652
145.44162,-14.693807,333,3.55,2021-11-26 08:01:00,0.0583060518746753,6483.33716113836,"moving",29,-14.69295,145.44156,"run_day_11652_liz21_del_07_29.json","07",11652
145.441767,-14.694319,333,3.55,2021-11-26 08:13:00,0.0590865429340137,6570.12380722822,"moving",29,-14.69295,145.44156,"run_day_11652_liz21_del_07_29.json","07",11652
145.441759,-14.693455,334,3.55,2021-11-26 07:36:00,0.0495485995956896,5509.55289738332,"moving",29,-14.69295,145.44156,"run_day_11652_liz21_del_07_29.json","07",11652
145.441854,-14.693876,334,3.55,2021-11-26 07:48:00,0.0479152527834361,5327.93301840966,"moving",29,-14.69295,145.44156,"run_day_11652_liz21_del_07_29.json","07",11652
145.44197,-14.694286,334,3.55,2021-11-26 08:00:00,0.0472663735094058,5255.78093513269,"moving",29,-14.69295,145.44156,"run_day_11652_liz21_del_07_29.json","07",11652
145.441707,-14.693273,335,3.55,2021-11-26 07:15:00,0.0511636137670102,5689.13427969323,"moving",29,-14.69295,145.44156,"run_day_11652_liz21_del_07_29.json","07",11652
145.441798,-14.69372,335,3.55,2021-11-26 07:27:00,0.0506586832859481,5632.98857189094,"moving",29,-14.69295,145.44156,"run_day_11652_liz21_del_07_29.json","07",11652
145.441922,-14.694151,335,3.55,2021-11-26 07:39:00,0.049746240405474,5531.52955272927,"moving",29,-14.69295,145.44156,"run_day_11652_liz21_del_07_29.json","07",11652
145.442053,-14.694589,335,3.55,2021-11-26 07:51:00,0.0507005919220457,5637.64859960758,"moving",29,-14.69295,145.44156,"run_day_11652_liz21_del_07_29.json","07",11652
145.441514,-14.693338,336,3.55,2021-11-26 07:39:00,0.0553949926929692,6159.64214897058,"moving",29,-14.69295,145.44156,"run_day_11652_liz21_del_07_29.json","07",11652
145.441637,-14.693853,336,3.55,2021-11-26 07:51:00,0.0587737114436745,6535.33853260785,"moving",29,-14.69295,145.44156,"run_day_11652_liz21_del_07_29.json","07",11652
145.441793,-14.694372,336,3.55,2021-11-26 08:03:00,0.0600999225128087,6682.80647515543,"moving",29,-14.69295,145.44156,"run_day_11652_liz21_del_07_29.json","07",11652
145.441558,-14.693402,337,3.55,2021-11-26 07:51:00,0.0552586192474486,6144.47811369965,"moving",29,-14.69295,145.44156,"run_day_11652_liz21_del_07_29.json","07",11652
145.441675,-14.693913,337,3.55,2021-11-26 08:03:00,0.0581974813891224,6471.26467396154,"moving",29,-14.69295,145.44156,"run_day_11652_liz21_del_07_29.json","07",11652
145.441823,-14.694409,337,3.55,2021-11-26 08:15:00,0.0574040111379849,6383.03480759167,"moving",29,-14.69295,145.44156,"run_day_11652_liz21_del_07_29.json","07",11652
145.44168,-14.693371,338,3.55,2021-11-26 07:12:00,0.0534018979182765,5938.02012170297,"moving",29,-14.69295,145.44156,"run_day_11652_liz21_del_07_29.json","07",11652
145.44179,-14.69385,338,3.55,2021-11-26 07:24:00,0.054560632974507,6066.865581281,"moving",29,-14.69295,145.44156,"run_day_11652_liz21_del_07_29.json","07",11652
145.441926,-14.694307,338,3.55,2021-11-26 07:36:00,0.0528795798940664,5879.94100731579,"moving",29,-14.69295,145.44156,"run_day_11652_liz21_del_07_29.json","07",11652
145.441671,-14.693587,339,3.55,2021-11-26 08:05:00,0.0543924460261968,6048.16404590108,"moving",29,-14.69295,145.44156,"run_day_11652_liz21_del_07_29.json","07",11652
145.441783,-14.694067,339,3.55,2021-11-26 08:17:00,0.0547161430516638,6084.15751290294,"moving",29,-14.69295,145.44156,"run_day_11652_liz21_del_07_29.json","07",11652
145.441922,-14.694513,339,3.55,2021-11-26 08:29:00,0.0517974811936948,5759.6171217058,"moving",29,-14.69295,145.44156,"run_day_11652_liz21_del_07_29.json","07",11652
145.441587,-14.693427,340,3.55,2021-11-26 07:55:00,0.0547952008170228,6092.94833532271,"moving",29,-14.69295,145.44156,"run_day_11652_liz21_del_07_29.json","07",11652
145.4417,-14.693933,340,3.55,2021-11-26 08:07:00,0.0575624094518428,6400.64789648171,"moving",29,-14.69295,145.44156,"run_day_11652_liz21_del_07_29.json","07",11652
145.441844,-14.694415,340,3.55,2021-11-26 08:19:00,0.0557890312314474,6203.45723535179,"moving",29,-14.69295,145.44156,"run_day_11652_liz21_del_07_29.json","07",11652
145.44169,-14.693649,341,3.55,2021-11-26 08:06:00,0.0546111391838936,6072.48161552884,"moving",29,-14.69295,145.44156,"run_day_11652_liz21_del_07_29.json","07",11652
145.441805,-14.694122,341,3.55,2021-11-26 08:18:00,0.0540301050398645,6007.87356650553,"moving",29,-14.69295,145.44156,"run_day_11652_liz21_del_07_29.json","07",11652
145.441945,-14.694563,341,3.55,2021-11-26 08:30:00,0.0512968898191022,5703.95390052909,"moving",29,-14.69295,145.44156,"run_day_11652_liz21_del_07_29.json","07",11652
145.441518,-14.693487,342,3.55,2021-11-26 07:51:00,0.057125027061662,6352.01319368993,"moving",29,-14.69295,145.44156,"run_day_11652_liz21_del_07_29.json","07",11652
145.441649,-14.69401,342,3.55,2021-11-26 08:03:00,0.059837529636022,6653.62971846908,"moving",29,-14.69295,145.44156,"run_day_11652_liz21_del_07_29.json","07",11652
145.441813,-14.694519,342,3.55,2021-11-26 08:15:00,0.059283312590482,6592.00359474509,"moving",29,-14.69295,145.44156,"run_day_11652_liz21_del_07_29.json","07",11652
145.441621,-14.693623,343,3.55,2021-11-26 07:24:00,0.0565701716549512,6290.31608744239,"moving",29,-14.69295,145.44156,"run_day_11652_liz21_del_07_29.json","07",11652
145.441769,-14.694138,343,3.55,2021-11-26 07:36:00,0.0594367496506421,6609.06501739415,"moving",29,-14.69295,145.44156,"run_day_11652_liz21_del_07_29.json","07",11652
145.441931,-14.694632,343,3.55,2021-11-26 07:48:00,0.0576276576555447,6407.90316570603,"moving",29,-14.69295,145.44156,"run_day_11652_liz21_del_07_29.json","07",11652
145.441552,-14.693601,344,3.55,2021-11-26 07:26:00,0.0577085511501654,6416.8981119064,"moving",29,-14.69295,145.44156,"run_day_11652_liz21_del_07_29.json","07",11652
145.441706,-14.694129,344,3.55,2021-11-26 07:38:00,0.0610027670384547,6783.19820595608,"moving",29,-14.69295,145.44156,"run_day_11652_liz21_del_07_29.json","07",11652
145.44188,-14.694644,344,3.55,2021-11-26 07:50:00,0.0602459910927581,6699.04856018798,"moving",29,-14.69295,145.44156,"run_day_11652_liz21_del_07_29.json","07",11652
145.441604,-14.693624,345,3.55,2021-11-26 07:49:00,0.0567561945787522,6311.00089280865,"moving",29,-14.69295,145.44156,"run_day_11652_liz21_del_07_29.json","07",11652
145.441741,-14.694142,345,3.55,2021-11-26 08:01:00,0.0594539827896499,6610.98125502198,"moving",29,-14.69295,145.44156,"run_day_11652_liz21_del_07_29.json","07",11652
145.441902,-14.694626,345,3.55,2021-11-26 08:13:00,0.0565357166854868,6286.48486964027,"moving",29,-14.69295,145.44156,"run_day_11652_liz21_del_07_29.json","07",11652
145.441712,-14.693638,346,3.55,2021-11-26 07:59:00,0.0544441281893124,6053.91084023755,"moving",29,-14.69295,145.44156,"run_day_11652_liz21_del_07_29.json","07",11652
145.441826,-14.694102,346,3.55,2021-11-26 08:11:00,0.0530314508569541,5896.82828789353,"moving",29,-14.69295,145.44156,"run_day_11652_liz21_del_07_29.json","07",11652
145.441961,-14.694537,346,3.55,2021-11-26 08:23:00,0.0505022486325789,5615.59383208488,"moving",29,-14.69295,145.44156,"run_day_11652_liz21_del_07_29.json","07",11652
145.441545,-14.693517,347,3.55,2021-11-26 07:14:00,0.0578990749194744,6438.08338845876,"moving",29,-14.69295,145.44156,"run_day_11652_liz21_del_07_29.json","07",11652
145.441696,-14.694042,347,3.55,2021-11-26 07:26:00,0.0605945005229963,6737.80104071825,"moving",29,-14.69295,145.44156,"run_day_11652_liz21_del_07_29.json","07",11652
145.441864,-14.694557,347,3.55,2021-11-26 07:38:00,0.0600486525153329,6677.10551154704,"moving",29,-14.69295,145.44156,"run_day_11652_liz21_del_07_29.json","07",11652
145.441713,-14.693488,348,3.55,2021-11-26 07:48:00,0.0526171969404689,5850.76535403774,"moving",29,-14.69295,145.44156,"run_day_11652_liz21_del_07_29.json","07",11652
145.441816,-14.693949,348,3.55,2021-11-26 08:00:00,0.0524443447488765,5831.54506727327,"moving",29,-14.69295,145.44156,"run_day_11652_liz21_del_07_29.json","07",11652
145.441941,-14.69438,348,3.55,2021-11-26 08:12:00,0.0497751813790737,5534.74764216571,"moving",29,-14.69295,145.44156,"run_day_11652_liz21_del_07_29.json","07",11652
145.441619,-14.693429,349,3.55,2021-11-26 07:14:00,0.0551891729699709,6136.75603996978,"moving",29,-14.69295,145.44156,"run_day_11652_liz21_del_07_29.json","07",11652
145.441748,-14.693934,349,3.55,2021-11-26 07:26:00,0.0578422429742602,6431.76396447961,"moving",29,-14.69295,145.44156,"run_day_11652_liz21_del_07_29.json","07",11652
145.441897,-14.694421,349,3.55,2021-11-26 07:38:00,0.0564736160539585,6279.57959447289,"moving",29,-14.69295,145.44156,"run_day_11652_liz21_del_07_29.json","07",11652
145.44167,-14.693193,350,3.55,2021-11-26 07:54:00,0.0499912647326427,5558.77501481492,"moving",29,-14.69295,145.44156,"run_day_11652_liz21_del_07_29.json","07",11652
145.441751,-14.693658,350,3.55,2021-11-26 08:06:00,0.0524344963261828,5830.44997263428,"moving",29,-14.69295,145.44156,"run_day_11652_liz21_del_07_29.json","07",11652
145.441855,-14.694089,350,3.55,2021-11-26 08:18:00,0.0492131575797072,5472.25344702265,"moving",29,-14.69295,145.44156,"run_day_11652_liz21_del_07_29.json","07",11652
145.441982,-14.694504,350,3.55,2021-11-26 08:30:00,0.0481252094457107,5351.27913406983,"moving",29,-14.69295,145.44156,"run_day_11652_liz21_del_07_29.json","07",11652
145.441758,-14.69358,351,3.55,2021-11-26 07:55:00,0.0514119309850297,5716.7458945355,"moving",29,-14.69295,145.44156,"run_day_11652_liz21_del_07_29.json","07",11652
145.441858,-14.694009,351,3.55,2021-11-26 08:07:00,0.0489001862826829,5437.45262660819,"moving",29,-14.69295,145.44156,"run_day_11652_liz21_del_07_29.json","07",11652
145.441979,-14.69442,351,3.55,2021-11-26 08:19:00,0.0475181011938579,5283.77177653975,"moving",29,-14.69295,145.44156,"run_day_11652_liz21_del_07_29.json","07",11652
145.441778,-14.693422,352,3.55,2021-11-26 07:32:00,0.047302353333552,5259.78170903931,"moving",29,-14.69295,145.44156,"run_day_11652_liz21_del_07_29.json","07",11652
145.441866,-14.693823,352,3.55,2021-11-26 07:44:00,0.0455827002171638,5068.56500690844,"moving",29,-14.69295,145.44156,"run_day_11652_liz21_del_07_29.json","07",11652
145.441977,-14.694219,352,3.55,2021-11-26 07:56:00,0.0456230282252197,5073.04927680593,"moving",29,-14.69295,145.44156,"run_day_11652_liz21_del_07_29.json","07",11652
145.442102,-14.694626,352,3.55,2021-11-26 08:08:00,0.0472111980061532,5249.64569909594,"moving",29,-14.69295,145.44156,"run_day_11652_liz21_del_07_29.json","07",11652
145.441762,-14.693247,353,3.55,2021-11-26 07:14:00,0.0481251199463741,5351.26918219766,"moving",29,-14.69295,145.44156,"run_day_11652_liz21_del_07_29.json","07",11652
145.441839,-14.693639,353,3.55,2021-11-26 07:26:00,0.0443682452579864,4933.52377680959,"moving",29,-14.69295,145.44156,"run_day_11652_liz21_del_07_29.json","07",11652
145.441946,-14.69403,353,3.55,2021-11-26 07:38:00,0.0449746528357189,5000.95322293226,"moving",29,-14.69295,145.44156,"run_day_11652_liz21_del_07_29.json","07",11652
145.442059,-14.694437,353,3.55,2021-11-26 07:50:00,0.0468599742937578,5210.5914041603,"moving",29,-14.69295,145.44156,"run_day_11652_liz21_del_07_29.json","07",11652
145.441632,-14.693449,354,3.55,2021-11-26 07:59:00,0.0539681718113699,6000.98690570622,"moving",29,-14.69295,145.44156,"run_day_11652_liz21_del_07_29.json","07",11652
145.441739,-14.693944,354,3.55,2021-11-26 08:11:00,0.0562318122004968,6252.69223272485,"moving",29,-14.69295,145.44156,"run_day_11652_liz21_del_07_29.json","07",11652
145.441874,-14.694404,354,3.55,2021-11-26 08:23:00,0.0531707520382661,5912.31787253102,"moving",29,-14.69295,145.44156,"run_day_11652_liz21_del_07_29.json","07",11652
145.441762,-14.693411,355,3.55,2021-11-26 07:45:00,0.0488364019147534,5430.36012849519,"moving",29,-14.69295,145.44156,"run_day_11652_liz21_del_07_29.json","07",11652
145.441847,-14.693824,355,3.55,2021-11-26 07:57:00,0.0468247044498427,5206.6695764534,"moving",29,-14.69295,145.44156,"run_day_11652_liz21_del_07_29.json","07",11652
145.441955,-14.69422,355,3.55,2021-11-26 08:09:00,0.0455396532945825,5063.77840750974,"moving",29,-14.69295,145.44156,"run_day_11652_liz21_del_07_29.json","07",11652
145.44208,-14.694619,355,3.55,2021-11-26 08:21:00,0.0463591645765026,5154.90390438723,"moving",29,-14.69295,145.44156,"run_day_11652_liz21_del_07_29.json","07",11652
145.441657,-14.693265,356,3.55,2021-11-26 08:01:00,0.0511838471457009,5691.38412875251,"moving",29,-14.69295,145.44156,"run_day_11652_liz21_del_07_29.json","07",11652
145.441742,-14.693737,356,3.55,2021-11-26 08:13:00,0.0532743425301647,5923.83660967876,"moving",29,-14.69295,145.44156,"run_day_11652_liz21_del_07_29.json","07",11652
145.441854,-14.694177,356,3.55,2021-11-26 08:25:00,0.0503869970017275,5602.77843544669,"moving",29,-14.69295,145.44156,"run_day_11652_liz21_del_07_29.json","07",11652
145.441989,-14.694599,356,3.55,2021-11-26 08:37:00,0.0491195092399404,5461.8402267519,"moving",29,-14.69295,145.44156,"run_day_11652_liz21_del_07_29.json","07",11652
145.441628,-14.693664,357,3.55,2021-11-26 08:07:00,0.0560363356978451,6230.95623735176,"moving",29,-14.69295,145.44156,"run_day_11652_liz21_del_07_29.json","07",11652
145.441755,-14.694163,357,3.55,2021-11-26 08:19:00,0.0571429683715967,6354.00817633204,"moving",29,-14.69295,145.44156,"run_day_11652_liz21_del_07_29.json","07",11652
145.441909,-14.694628,357,3.55,2021-11-26 08:31:00,0.0542939893325806,6037.21616107676,"moving",29,-14.69295,145.44156,"run_day_11652_liz21_del_07_29.json","07",11652
145.441497,-14.693361,358,3.55,2021-11-26 07:43:00,0.0561198249298463,6240.23981637974,"moving",29,-14.69295,145.44156,"run_day_11652_liz21_del_07_29.json","07",11652
145.441623,-14.69388,358,3.55,2021-11-26 07:55:00,0.0592800962550904,6591.64595456716,"moving",29,-14.69295,145.44156,"run_day_11652_liz21_del_07_29.json","07",11652
145.441781,-14.6944,358,3.55,2021-11-26 08:07:00,0.0602670085026937,6701.38558954403,"moving",29,-14.69295,145.44156,"run_day_11652_liz21_del_07_29.json","07",11652
145.441733,-14.693507,359,3.55,2021-11-26 07:46:00,0.0520140829009218,5783.70213265199,"moving",29,-14.69295,145.44156,"run_day_11652_liz21_del_07_29.json","07",11652
145.441835,-14.693953,359,3.55,2021-11-26 07:58:00,0.0507919404876179,5647.80609665547,"moving",29,-14.69295,145.44156,"run_day_11652_liz21_del_07_29.json","07",11652
145.441958,-14.694378,359,3.55,2021-11-26 08:10:00,0.0490747131724267,5456.85913131075,"moving",29,-14.69295,145.44156,"run_day_11652_liz21_del_07_29.json","07",11652
145.441673,-14.693694,360,3.55,2021-11-26 07:18:00,0.0570421170416277,6342.79402009413,"moving",29,-14.69295,145.44156,"run_day_11652_liz21_del_07_29.json","07",11652
145.441822,-14.694196,360,3.55,2021-11-26 07:30:00,0.0580749035380758,6457.63463880617,"moving",29,-14.69295,145.44156,"run_day_11652_liz21_del_07_29.json","07",11652
145.44198,-14.694677,360,3.55,2021-11-26 07:42:00,0.0561197038937841,6240.22635778368,"moving",29,-14.69295,145.44156,"run_day_11652_liz21_del_07_29.json","07",11652
145.4416,-14.693174,361,3.55,2021-11-26 07:52:00,0.0514623706045936,5722.35452433289,"moving",29,-14.69295,145.44156,"run_day_11652_liz21_del_07_29.json","07",11652
145.441692,-14.693659,361,3.55,2021-11-26 08:04:00,0.054829862505314,6096.80253920963,"moving",29,-14.69295,145.44156,"run_day_11652_liz21_del_07_29.json","07",11652
145.441808,-14.694133,361,3.55,2021-11-26 08:16:00,0.0541630282370921,6022.65395167062,"moving",29,-14.69295,145.44156,"run_day_11652_liz21_del_07_29.json","07",11652
145.441949,-14.694574,361,3.55,2021-11-26 08:28:00,0.0513285660842968,5707.47614051376,"moving",29,-14.69295,145.44156,"run_day_11652_liz21_del_07_29.json","07",11652
145.441718,-14.693382,362,3.55,2021-11-26 07:38:00,0.0511042232172293,5682.53035186697,"moving",29,-14.69295,145.44156,"run_day_11652_liz21_del_07_29.json","07",11652
145.441812,-14.693832,362,3.55,2021-11-26 07:50:00,0.0510489485603616,5676.38409045126,"moving",29,-14.69295,145.44156,"run_day_11652_liz21_del_07_29.json","07",11652
145.441932,-14.694259,362,3.55,2021-11-26 08:02:00,0.0492032806010349,5471.15517710372,"moving",29,-14.69295,145.44156,"run_day_11652_liz21_del_07_29.json","07",11652
145.441735,-14.693551,363,3.55,2021-11-26 07:52:00,0.0525620906667127,5844.63781596976,"moving",29,-14.69295,145.44156,"run_day_11652_liz21_del_07_29.json","07",11652
145.441838,-14.693997,363,3.55,2021-11-26 08:04:00,0.0508152809001362,5650.4014321133,"moving",29,-14.69295,145.44156,"run_day_11652_liz21_del_07_29.json","07",11652
145.441962,-14.694419,363,3.55,2021-11-26 08:16:00,0.0487828573351376,5424.4062428926,"moving",29,-14.69295,145.44156,"run_day_11652_liz21_del_07_29.json","07",11652
145.441508,-14.693262,364,3.55,2021-11-26 07:41:00,0.0545624991062588,6067.07308566424,"moving",29,-14.69295,145.44156,"run_day_11652_liz21_del_07_29.json","07",11652
145.441625,-14.693772,364,3.55,2021-11-26 07:53:00,0.0580889239128788,6459.19363335391,"moving",29,-14.69295,145.44156,"run_day_11652_liz21_del_07_29.json","07",11652
145.441772,-14.694289,364,3.55,2021-11-26 08:05:00,0.0596224287832766,6629.71159492687,"moving",29,-14.69295,145.44156,"run_day_11652_liz21_del_07_29.json","07",11652
145.441626,-14.693274,365,3.55,2021-11-26 08:01:00,0.0519422424631411,5775.71384044286,"moving",29,-14.69295,145.44156,"run_day_11652_liz21_del_07_29.json","07",11652
145.441717,-14.693756,365,3.55,2021-11-26 08:13:00,0.0544823620204511,6058.16224828636,"moving",29,-14.69295,145.44156,"run_day_11652_liz21_del_07_29.json","07",11652
145.441835,-14.694214,365,3.55,2021-11-26 08:25:00,0.0524849604190354,5836.06132373721,"moving",29,-14.69295,145.44156,"run_day_11652_liz21_del_07_29.json","07",11652
145.441978,-14.694647,365,3.55,2021-11-26 08:37:00,0.050544448782626,5620.28627467376,"moving",29,-14.69295,145.44156,"run_day_11652_liz21_del_07_29.json","07",11652
145.441756,-14.693343,366,3.55,2021-11-26 08:08:00,0.0478881696102518,5324.92150695414,"moving",29,-14.69295,145.44156,"run_day_11652_liz21_del_07_29.json","07",11652
145.441827,-14.693741,366,3.55,2021-11-26 08:20:00,0.0449096298248493,4993.72299400841,"moving",29,-14.69295,145.44156,"run_day_11652_liz21_del_07_29.json","07",11652
145.441921,-14.69412,366,3.55,2021-11-26 08:32:00,0.0433387104498473,4819.04472934054,"moving",29,-14.69295,145.44156,"run_day_11652_liz21_del_07_29.json","07",11652
145.442036,-14.694503,366,3.55,2021-11-26 08:44:00,0.0443475487457461,4931.22242964923,"moving",29,-14.69295,145.44156,"run_day_11652_liz21_del_07_29.json","07",11652
145.441651,-14.693654,367,3.55,2021-11-26 07:13:00,0.0574996211098069,6393.6661513949,"moving",29,-14.69295,145.44156,"run_day_11652_liz21_del_07_29.json","07",11652
145.441802,-14.694163,367,3.55,2021-11-26 07:25:00,0.0588824083160483,6547.42507335795,"moving",29,-14.69295,145.44156,"run_day_11652_liz21_del_07_29.json","07",11652
145.441961,-14.69465,367,3.55,2021-11-26 07:37:00,0.056788206993801,6314.56051095172,"moving",29,-14.69295,145.44156,"run_day_11652_liz21_del_07_29.json","07",11652
145.441725,-14.693296,368,3.55,2021-11-26 07:18:00,0.0505575327209851,5621.74114223982,"moving",29,-14.69295,145.44156,"run_day_11652_liz21_del_07_29.json","07",11652
145.441814,-14.693729,368,3.55,2021-11-26 07:30:00,0.0490898062923885,5458.53740967774,"moving",29,-14.69295,145.44156,"run_day_11652_liz21_del_07_29.json","07",11652
145.441934,-14.694151,368,3.55,2021-11-26 07:42:00,0.0486669957935457,5411.52302727436,"moving",29,-14.69295,145.44156,"run_day_11652_liz21_del_07_29.json","07",11652
145.442063,-14.694581,368,3.55,2021-11-26 07:54:00,0.0497863084318543,5535.98491398342,"moving",29,-14.69295,145.44156,"run_day_11652_liz21_del_07_29.json","07",11652
145.441631,-14.693522,369,3.55,2021-11-26 07:15:00,0.0559726523037845,6223.87496702071,"moving",29,-14.69295,145.44156,"run_day_11652_liz21_del_07_29.json","07",11652
145.44177,-14.694029,369,3.55,2021-11-26 07:27:00,0.0583245629502216,6485.39549882584,"moving",29,-14.69295,145.44156,"run_day_11652_liz21_del_07_29.json","07",11652
145.441922,-14.694517,369,3.55,2021-11-26 07:39:00,0.0566724877131985,6301.69311403376,"moving",29,-14.69295,145.44156,"run_day_11652_liz21_del_07_29.json","07",11652
145.44178,-14.693173,370,3.55,2021-11-26 07:12:00,0.0457319080618636,5085.15616225463,"moving",29,-14.69295,145.44156,"run_day_11652_liz21_del_07_29.json","07",11652
145.441847,-14.69354,370,3.55,2021-11-26 07:24:00,0.0414399481015738,4607.91198930882,"moving",29,-14.69295,145.44156,"run_day_11652_liz21_del_07_29.json","07",11652
145.441941,-14.693903,370,3.55,2021-11-26 07:36:00,0.0416107547440845,4626.9048213932,"moving",29,-14.69295,145.44156,"run_day_11652_liz21_del_07_29.json","07",11652
145.442047,-14.694282,370,3.55,2021-11-26 07:48:00,0.0436578595270007,4854.5324875633,"moving",29,-14.69295,145.44156,"run_day_11652_liz21_del_07_29.json","07",11652
145.441519,-14.69341,371,3.55,2021-11-26 07:48:00,0.0562346372023305,6253.00635859652,"moving",29,-14.69295,145.44156,"run_day_11652_liz21_del_07_29.json","07",11652
145.441644,-14.69393,371,3.55,2021-11-26 08:00:00,0.0593638987802254,6600.96437020217,"moving",29,-14.69295,145.44156,"run_day_11652_liz21_del_07_29.json","07",11652
145.441801,-14.694441,371,3.55,2021-11-26 08:12:00,0.0592768048106599,6591.27996264516,"moving",29,-14.69295,145.44156,"run_day_11652_liz21_del_07_29.json","07",11652
145.441568,-14.693256,372,3.55,2021-11-26 08:07:00,0.0528791782036868,5879.8963413835,"moving",29,-14.69295,145.44156,"run_day_11652_liz21_del_07_29.json","07",11652
145.441665,-14.693741,372,3.55,2021-11-26 08:19:00,0.0549294664783334,6107.87799568303,"moving",29,-14.69295,145.44156,"run_day_11652_liz21_del_07_29.json","07",11652
145.44179,-14.694224,372,3.55,2021-11-26 08:31:00,0.0553644289179318,6156.24361224731,"moving",29,-14.69295,145.44156,"run_day_11652_liz21_del_07_29.json","07",11652
145.441941,-14.694673,372,3.55,2021-11-26 08:43:00,0.0525017720477776,5837.93069156197,"moving",29,-14.69295,145.44156,"run_day_11652_liz21_del_07_29.json","07",11652
145.441707,-14.693459,373,3.55,2021-11-26 08:07:00,0.0517949275509728,5759.33316959065,"moving",29,-14.69295,145.44156,"run_day_11652_liz21_del_07_29.json","07",11652
145.441798,-14.69391,373,3.55,2021-11-26 08:19:00,0.0510951527550464,5681.5217624899,"moving",29,-14.69295,145.44156,"run_day_11652_liz21_del_07_29.json","07",11652
145.441916,-14.694329,373,3.55,2021-11-26 08:31:00,0.0482884491197195,5369.43055764672,"moving",29,-14.69295,145.44156,"run_day_11652_liz21_del_07_29.json","07",11652
145.441561,-14.6936,374,3.55,2021-11-26 08:02:00,0.0571507187293145,6354.86997678993,"moving",29,-14.69295,145.44156,"run_day_11652_liz21_del_07_29.json","07",11652
145.441692,-14.694114,374,3.55,2021-11-26 08:14:00,0.0588653857073377,6545.53224563107,"moving",29,-14.69295,145.44156,"run_day_11652_liz21_del_07_29.json","07",11652
145.441854,-14.694604,374,3.55,2021-11-26 08:26:00,0.057203855361515,6360.7785007096,"moving",29,-14.69295,145.44156,"run_day_11652_liz21_del_07_29.json","07",11652
145.441665,-14.693186,375,3.55,2021-11-26 07:17:00,0.0507006904158227,5637.65955161589,"moving",29,-14.69295,145.44156,"run_day_11652_liz21_del_07_29.json","07",11652
145.441757,-14.693653,375,3.55,2021-11-26 07:29:00,0.0528624533498637,5878.0366224895,"moving",29,-14.69295,145.44156,"run_day_11652_liz21_del_07_29.json","07",11652
145.441881,-14.694101,375,3.55,2021-11-26 07:41:00,0.0515698404074806,5734.3046211814,"moving",29,-14.69295,145.44156,"run_day_11652_liz21_del_07_29.json","07",11652
145.442015,-14.694546,375,3.55,2021-11-26 07:53:00,0.0515380545048941,5730.77019007497,"moving",29,-14.69295,145.44156,"run_day_11652_liz21_del_07_29.json","07",11652
145.441748,-14.693201,376,3.55,2021-11-26 07:35:00,0.0471928367105895,5247.60401618264,"moving",29,-14.69295,145.44156,"run_day_11652_liz21_del_07_29.json","07",11652
145.441819,-14.693603,376,3.55,2021-11-26 07:47:00,0.0453479958020962,5042.46706669184,"moving",29,-14.69295,145.44156,"run_day_11652_liz21_del_07_29.json","07",11652
145.441915,-14.693991,376,3.55,2021-11-26 07:59:00,0.0443620438343758,4932.83420996612,"moving",29,-14.69295,145.44156,"run_day_11652_liz21_del_07_29.json","07",11652
145.442025,-14.694378,376,3.55,2021-11-26 08:11:00,0.044629278421545,4962.54934028328,"moving",29,-14.69295,145.44156,"run_day_11652_liz21_del_07_29.json","07",11652
145.441566,-14.693543,377,3.55,2021-11-26 08:05:00,0.0562987433956462,6260.13464205972,"moving",29,-14.69295,145.44156,"run_day_11652_liz21_del_07_29.json","07",11652
145.441689,-14.69405,377,3.55,2021-11-26 08:17:00,0.0579073244277634,6439.00069192782,"moving",29,-14.69295,145.44156,"run_day_11652_liz21_del_07_29.json","07",11652
145.441844,-14.694536,377,3.55,2021-11-26 08:29:00,0.0565538676384206,6288.50316352027,"moving",29,-14.69295,145.44156,"run_day_11652_liz21_del_07_29.json","07",11652
145.441631,-14.693529,378,3.55,2021-11-26 08:04:00,0.0546019929036971,6071.46459557332,"moving",29,-14.69295,145.44156,"run_day_11652_liz21_del_07_29.json","07",11652
145.441744,-14.694023,378,3.55,2021-11-26 08:16:00,0.0562588580719217,6255.69959641397,"moving",29,-14.69295,145.44156,"run_day_11652_liz21_del_07_29.json","07",11652
145.441886,-14.694484,378,3.55,2021-11-26 08:28:00,0.0534878308099184,5947.57542328545,"moving",29,-14.69295,145.44156,"run_day_11652_liz21_del_07_29.json","07",11652
145.441508,-14.69325,379,3.55,2021-11-26 07:54:00,0.0547042122215928,6082.83086512838,"moving",29,-14.69295,145.44156,"run_day_11652_liz21_del_07_29.json","07",11652
145.441619,-14.693755,379,3.55,2021-11-26 08:06:00,0.0574086062345784,6383.5457590203,"moving",29,-14.69295,145.44156,"run_day_11652_liz21_del_07_29.json","07",11652
145.441757,-14.694261,379,3.55,2021-11-26 08:18:00,0.0581895572294372,6470.38354760662,"moving",29,-14.69295,145.44156,"run_day_11652_liz21_del_07_29.json","07",11652
145.441921,-14.694732,379,3.55,2021-11-26 08:30:00,0.055263582248147,6145.02997419825,"moving",29,-14.69295,145.44156,"run_day_11652_liz21_del_07_29.json","07",11652
145.441593,-14.693363,380,3.55,2021-11-26 07:40:00,0.0537541630260364,5977.19021451977,"moving",29,-14.69295,145.44156,"run_day_11652_liz21_del_07_29.json","07",11652
145.441706,-14.693869,380,3.55,2021-11-26 07:52:00,0.057562410203536,6400.64798006618,"moving",29,-14.69295,145.44156,"run_day_11652_liz21_del_07_29.json","07",11652
145.44185,-14.69436,380,3.55,2021-11-26 08:04:00,0.0567511269841069,6310.4374019938,"moving",29,-14.69295,145.44156,"run_day_11652_liz21_del_07_29.json","07",11652
145.441642,-14.693491,381,3.55,2021-11-26 07:51:00,0.0542953707100573,6037.36976324395,"moving",29,-14.69295,145.44156,"run_day_11652_liz21_del_07_29.json","07",11652
145.441756,-14.693991,381,3.55,2021-11-26 08:03:00,0.056933522911883,6330.71890380314,"moving",29,-14.69295,145.44156,"run_day_11652_liz21_del_07_29.json","07",11652
145.441897,-14.694454,381,3.55,2021-11-26 08:15:00,0.053670507762626,5967.88817364142,"moving",29,-14.69295,145.44156,"run_day_11652_liz21_del_07_29.json","07",11652
145.441479,-14.693483,382,3.55,2021-11-26 07:24:00,0.0580546672108987,6455.38446189015,"moving",29,-14.69295,145.44156,"run_day_11652_liz21_del_07_29.json","07",11652
145.44163,-14.694013,382,3.55,2021-11-26 07:36:00,0.0611303141981466,6797.38080302174,"moving",29,-14.69295,145.44156,"run_day_11652_liz21_del_07_29.json","07",11652
145.441807,-14.694546,382,3.55,2021-11-26 07:48:00,0.0622495144289507,6921.83019058657,"moving",29,-14.69295,145.44156,"run_day_11652_liz21_del_07_29.json","07",11652
145.441511,-14.693609,383,3.55,2021-11-26 08:02:00,0.0584731785043324,6501.92079446343,"moving",29,-14.69295,145.44156,"run_day_11652_liz21_del_07_29.json","07",11652
145.441649,-14.694131,383,3.55,2021-11-26 08:14:00,0.0599115435286716,6661.85968783293,"moving",29,-14.69295,145.44156,"run_day_11652_liz21_del_07_29.json","07",11652
145.441821,-14.694637,383,3.55,2021-11-26 08:26:00,0.0592280189532664,6585.85522281099,"moving",29,-14.69295,145.44156,"run_day_11652_liz21_del_07_29.json","07",11652
145.441712,-14.69354,384,3.55,2021-11-26 07:12:00,0.0547999332310712,6093.47455575567,"moving",29,-14.69295,145.44156,"run_day_11652_liz21_del_07_29.json","07",11652
145.441839,-14.69401,384,3.55,2021-11-26 07:24:00,0.0540173078510435,6006.45058403332,"moving",29,-14.69295,145.44156,"run_day_11652_liz21_del_07_29.json","07",11652
145.441975,-14.69447,384,3.55,2021-11-26 07:36:00,0.0532002243890755,5915.59504841731,"moving",29,-14.69295,145.44156,"run_day_11652_liz21_del_07_29.json","07",11652
145.441469,-14.693396,385,3.55,2021-11-26 07:26:00,0.057139642690193,6353.63837743231,"moving",29,-14.69295,145.44156,"run_day_11652_liz21_del_07_29.json","07",11652
145.441611,-14.693921,385,3.55,2021-11-26 07:38:00,0.060342247566681,6709.7517917449,"moving",29,-14.69295,145.44156,"run_day_11652_liz21_del_07_29.json","07",11652
145.441782,-14.694455,385,3.55,2021-11-26 07:50:00,0.0621613989436703,6912.03219566457,"moving",29,-14.69295,145.44156,"run_day_11652_liz21_del_07_29.json","07",11652
145.441636,-14.693329,386,3.55,2021-11-26 07:36:00,0.052377137693685,5824.07198370126,"moving",29,-14.69295,145.44156,"run_day_11652_liz21_del_07_29.json","07",11652
145.44174,-14.693823,386,3.55,2021-11-26 07:48:00,0.0560576978188885,6233.33159683415,"moving",29,-14.69295,145.44156,"run_day_11652_liz21_del_07_29.json","07",11652
145.441875,-14.694292,386,3.55,2021-11-26 08:00:00,0.0541341584157502,6019.44377400427,"moving",29,-14.69295,145.44156,"run_day_11652_liz21_del_07_29.json","07",11652
145.44147,-14.693427,387,3.55,2021-11-26 08:04:00,0.0574161947319376,6384.3895614275,"moving",29,-14.69295,145.44156,"run_day_11652_liz21_del_07_29.json","07",11652
145.441595,-14.693942,387,3.55,2021-11-26 08:16:00,0.0588225053979565,6540.76417277493,"moving",29,-14.69295,145.44156,"run_day_11652_liz21_del_07_29.json","07",11652
145.441754,-14.694453,387,3.55,2021-11-26 08:28:00,0.0593384445972517,6598.13399419362,"moving",29,-14.69295,145.44156,"run_day_11652_liz21_del_07_29.json","07",11652
145.441653,-14.693271,388,3.55,2021-11-26 07:35:00,0.0511793164882133,5690.88034262553,"moving",29,-14.69295,145.44156,"run_day_11652_liz21_del_07_29.json","07",11652
145.441748,-14.693754,388,3.55,2021-11-26 07:47:00,0.0546705271447248,6079.08525547703,"moving",29,-14.69295,145.44156,"run_day_11652_liz21_del_07_29.json","07",11652
145.441875,-14.694212,388,3.55,2021-11-26 07:59:00,0.0527274142840058,5863.02096346729,"moving",29,-14.69295,145.44156,"run_day_11652_liz21_del_07_29.json","07",11652
145.442018,-14.694653,388,3.55,2021-11-26 08:11:00,0.0513925341446899,5714.58906429677,"moving",29,-14.69295,145.44156,"run_day_11652_liz21_del_07_29.json","07",11652
145.441654,-14.693477,389,3.55,2021-11-26 08:01:00,0.0537564584592292,5977.44545504526,"moving",29,-14.69295,145.44156,"run_day_11652_liz21_del_07_29.json","07",11652
145.441759,-14.693963,389,3.55,2021-11-26 08:13:00,0.0552082149254711,6138.87340881479,"moving",29,-14.69295,145.44156,"run_day_11652_liz21_del_07_29.json","07",11652
145.441892,-14.694413,389,3.55,2021-11-26 08:25:00,0.0520424130704878,5786.85230377871,"moving",29,-14.69295,145.44156,"run_day_11652_liz21_del_07_29.json","07",11652
145.441609,-14.693399,390,3.55,2021-11-26 07:32:00,0.0537541626124492,5977.19016853097,"moving",29,-14.69295,145.44156,"run_day_11652_liz21_del_07_29.json","07",11652
145.441728,-14.693905,390,3.55,2021-11-26 07:44:00,0.0577021212802074,6416.18314298809,"moving",29,-14.69295,145.44156,"run_day_11652_liz21_del_07_29.json","07",11652
145.441875,-14.694392,390,3.55,2021-11-26 07:56:00,0.0564129477623337,6272.83358823602,"moving",29,-14.69295,145.44156,"run_day_11652_liz21_del_07_29.json","07",11652
145.44163,-14.693521,391,3.55,2021-11-26 08:04:00,0.0546226469719028,6073.76122317237,"moving",29,-14.69295,145.44156,"run_day_11652_liz21_del_07_29.json","07",11652
145.441742,-14.694015,391,3.55,2021-11-26 08:16:00,0.0562357194618896,6253.1267003688,"moving",29,-14.69295,145.44156,"run_day_11652_liz21_del_07_29.json","07",11652
145.441884,-14.694476,391,3.55,2021-11-26 08:28:00,0.0534878309687329,5947.57544094481,"moving",29,-14.69295,145.44156,"run_day_11652_liz21_del_07_29.json","07",11652
145.441752,-14.693337,392,3.55,2021-11-26 07:29:00,0.0487104734545046,5416.35752259537,"moving",29,-14.69295,145.44156,"run_day_11652_liz21_del_07_29.json","07",11652
145.441836,-14.693752,392,3.55,2021-11-26 07:41:00,0.047022049853571,5228.61338414461,"moving",29,-14.69295,145.44156,"run_day_11652_liz21_del_07_29.json","07",11652
145.441948,-14.694156,392,3.55,2021-11-26 07:53:00,0.0465099153277988,5171.66662311922,"moving",29,-14.69295,145.44156,"run_day_11652_liz21_del_07_29.json","07",11652
145.442072,-14.694568,392,3.55,2021-11-26 08:05:00,0.047714238538961,5305.58125424074,"moving",29,-14.69295,145.44156,"run_day_11652_liz21_del_07_29.json","07",11652
145.44148,-14.693448,393,3.55,2021-11-26 07:51:00,0.0576005753324434,6404.89174877542,"moving",29,-14.69295,145.44156,"run_day_11652_liz21_del_07_29.json","07",11652
145.441613,-14.693974,393,3.55,2021-11-26 08:03:00,0.0602125305658216,6695.32791934979,"moving",29,-14.69295,145.44156,"run_day_11652_liz21_del_07_29.json","07",11652
145.441778,-14.694493,393,3.55,2021-11-26 08:15:00,0.0603773341741784,6713.65324449177,"moving",29,-14.69295,145.44156,"run_day_11652_liz21_del_07_29.json","07",11652
145.441673,-14.693331,394,3.55,2021-11-26 07:11:00,0.0529870528583128,5891.89145569145,"moving",29,-14.69295,145.44156,"run_day_11652_liz21_del_07_29.json","07",11652
145.44178,-14.693811,394,3.55,2021-11-26 07:23:00,0.0546002637048628,6071.27231743579,"moving",29,-14.69295,145.44156,"run_day_11652_liz21_del_07_29.json","07",11652
145.441915,-14.694268,394,3.55,2021-11-26 07:35:00,0.0528499281963928,5876.6438889681,"moving",29,-14.69295,145.44156,"run_day_11652_liz21_del_07_29.json","07",11652
145.441476,-14.693547,395,3.55,2021-11-26 07:22:00,0.0590523306947876,6566.31957979713,"moving",29,-14.69295,145.44156,"run_day_11652_liz21_del_07_29.json","07",11652
145.441634,-14.694082,395,3.55,2021-11-26 07:34:00,0.0618690423974883,6879.5236309578,"moving",29,-14.69295,145.44156,"run_day_11652_liz21_del_07_29.json","07",11652
145.441817,-14.694617,395,3.55,2021-11-26 07:46:00,0.0626609962366686,6967.58488001134,"moving",29,-14.69295,145.44156,"run_day_11652_liz21_del_07_29.json","07",11652
145.441545,-14.693401,396,3.55,2021-11-26 07:30:00,0.0553696115492482,6156.81989455637,"moving",29,-14.69295,145.44156,"run_day_11652_liz21_del_07_29.json","07",11652
145.441674,-14.693916,396,3.55,2021-11-26 07:42:00,0.0589223310160161,6551.86427505231,"moving",29,-14.69295,145.44156,"run_day_11652_liz21_del_07_29.json","07",11652
145.441833,-14.69443,396,3.55,2021-11-26 07:54:00,0.0596579527920795,6633.66168447983,"moving",29,-14.69295,145.44156,"run_day_11652_liz21_del_07_29.json","07",11652
145.441627,-14.693306,397,3.55,2021-11-26 08:08:00,0.0520302611914084,5785.50107647589,"moving",29,-14.69295,145.44156,"run_day_11652_liz21_del_07_29.json","07",11652
145.441718,-14.693785,397,3.55,2021-11-26 08:20:00,0.0541542374512213,6021.67646088056,"moving",29,-14.69295,145.44156,"run_day_11652_liz21_del_07_29.json","07",11652
145.441838,-14.694241,397,3.55,2021-11-26 08:32:00,0.0523218482221023,5817.9240749644,"moving",29,-14.69295,145.44156,"run_day_11652_liz21_del_07_29.json","07",11652
145.441982,-14.694674,397,3.55,2021-11-26 08:44:00,0.0505772821295332,5623.9371762746,"moving",29,-14.69295,145.44156,"run_day_11652_liz21_del_07_29.json","07",11652
145.44163,-14.693252,398,3.55,2021-11-26 07:51:00,0.0516152179293887,5739.35037140129,"moving",29,-14.69295,145.44156,"run_day_11652_liz21_del_07_29.json","07",11652
145.441722,-14.69374,398,3.55,2021-11-26 08:03:00,0.055158001930808,6133.28997855663,"moving",29,-14.69295,145.44156,"run_day_11652_liz21_del_07_29.json","07",11652
145.441842,-14.694199,398,3.55,2021-11-26 08:15:00,0.0526451887966216,5853.87790642928,"moving",29,-14.69295,145.44156,"run_day_11652_liz21_del_07_29.json","07",11652
145.441984,-14.694635,398,3.55,2021-11-26 08:27:00,0.0508298928329458,5652.02620491019,"moving",29,-14.69295,145.44156,"run_day_11652_liz21_del_07_29.json","07",11652
145.441679,-14.693191,399,3.55,2021-11-26 07:51:00,0.0497529975355986,5532.2809113178,"moving",29,-14.69295,145.44156,"run_day_11652_liz21_del_07_29.json","07",11652
145.441759,-14.693652,399,3.55,2021-11-26 08:03:00,0.0519780378156499,5779.69410203929,"moving",29,-14.69295,145.44156,"run_day_11652_liz21_del_07_29.json","07",11652
145.441863,-14.694079,399,3.55,2021-11-26 08:15:00,0.0487801247476535,5424.10239302776,"moving",29,-14.69295,145.44156,"run_day_11652_liz21_del_07_29.json","07",11652
145.441988,-14.694492,399,3.55,2021-11-26 08:27:00,0.0478511217997564,5320.80197838375,"moving",29,-14.69295,145.44156,"run_day_11652_liz21_del_07_29.json","07",11652
145.441493,-14.693511,400,3.55,2021-11-26 07:17:00,0.058700231511341,6527.16793692217,"moving",29,-14.69295,145.44156,"run_day_11652_liz21_del_07_29.json","07",11652
145.441648,-14.694041,400,3.55,2021-11-26 07:29:00,0.0612460239595885,6810.24714145733,"moving",29,-14.69295,145.44156,"run_day_11652_liz21_del_07_29.json","07",11652
145.441825,-14.694571,400,3.55,2021-11-26 07:41:00,0.0619319963238397,6886.52378818043,"moving",29,-14.69295,145.44156,"run_day_11652_liz21_del_07_29.json","07",11652
145.441741,-14.69329,401,3.55,2021-11-26 07:49:00,0.0489641105454065,5444.56068031254,"moving",29,-14.69295,145.44156,"run_day_11652_liz21_del_07_29.json","07",11652
145.441817,-14.693708,401,3.55,2021-11-26 08:01:00,0.0471928334253635,5247.60365088217,"moving",29,-14.69295,145.44156,"run_day_11652_liz21_del_07_29.json","07",11652
145.441916,-14.694101,401,3.55,2021-11-26 08:13:00,0.0449782303166124,5001.35102065779,"moving",29,-14.69295,145.44156,"run_day_11652_liz21_del_07_29.json","07",11652
145.442033,-14.694495,401,3.55,2021-11-26 08:25:00,0.0455823514750341,5068.52622855291,"moving",29,-14.69295,145.44156,"run_day_11652_liz21_del_07_29.json","07",11652
145.441487,-14.693593,402,3.55,2021-11-26 07:51:00,0.0591070864662902,6572.40814379273,"moving",29,-14.69295,145.44156,"run_day_11652_liz21_del_07_29.json","07",11652
145.441634,-14.694127,402,3.55,2021-11-26 08:03:00,0.0614471119054394,6832.60710084532,"moving",29,-14.69295,145.44156,"run_day_11652_liz21_del_07_29.json","07",11652
145.441812,-14.694647,402,3.55,2021-11-26 08:15:00,0.060908566934981,6772.72363236041,"moving",29,-14.69295,145.44156,"run_day_11652_liz21_del_07_29.json","07",11652
145.441646,-14.693435,403,3.55,2021-11-26 07:25:00,0.0536405146399371,5964.55309056419,"moving",29,-14.69295,145.44156,"run_day_11652_liz21_del_07_29.json","07",11652
145.441767,-14.693931,403,3.55,2021-11-26 07:37:00,0.056667427826949,6301.13048035341,"moving",29,-14.69295,145.44156,"run_day_11652_liz21_del_07_29.json","07",11652
145.44191,-14.694406,403,3.55,2021-11-26 07:49:00,0.0550115193533266,6117.00185909887,"moving",29,-14.69295,145.44156,"run_day_11652_liz21_del_07_29.json","07",11652
145.441618,-14.693652,404,3.55,2021-11-26 07:31:00,0.0566785853859754,6302.3711443109,"moving",29,-14.69295,145.44156,"run_day_11652_liz21_del_07_29.json","07",11652
145.441766,-14.69417,404,3.55,2021-11-26 07:43:00,0.0597582139983689,6644.81022195847,"moving",29,-14.69295,145.44156,"run_day_11652_liz21_del_07_29.json","07",11652
145.441932,-14.694663,404,3.55,2021-11-26 07:55:00,0.057653459854619,6410.77223933937,"moving",29,-14.69295,145.44156,"run_day_11652_liz21_del_07_29.json","07",11652
145.441647,-14.693578,405,3.55,2021-11-26 07:53:00,0.0552097804573131,6139.04748801312,"moving",29,-14.69295,145.44156,"run_day_11652_liz21_del_07_29.json","07",11652
145.441769,-14.694079,405,3.55,2021-11-26 08:05:00,0.0572332461123473,6364.04660309244,"moving",29,-14.69295,145.44156,"run_day_11652_liz21_del_07_29.json","07",11652
145.441915,-14.694542,405,3.55,2021-11-26 08:17:00,0.0538249417767186,5985.06045250987,"moving",29,-14.69295,145.44156,"run_day_11652_liz21_del_07_29.json","07",11652
145.441713,-14.693402,406,3.55,2021-11-26 07:56:00,0.0514662464517332,5722.78549887125,"moving",29,-14.69295,145.44156,"run_day_11652_liz21_del_07_29.json","07",11652
145.441802,-14.693852,406,3.55,2021-11-26 08:08:00,0.0509451633512048,5664.84370173228,"moving",29,-14.69295,145.44156,"run_day_11652_liz21_del_07_29.json","07",11652
145.441916,-14.694269,406,3.55,2021-11-26 08:20:00,0.0479621252946493,5333.14500385566,"moving",29,-14.69295,145.44156,"run_day_11652_liz21_del_07_29.json","07",11652
145.442051,-14.694679,406,3.55,2021-11-26 08:32:00,0.0478464286427369,5320.28012313324,"moving",29,-14.69295,145.44156,"run_day_11652_liz21_del_07_29.json","07",11652
145.44165,-14.693472,407,3.55,2021-11-26 07:37:00,0.0537926818198481,5981.47330897209,"moving",29,-14.69295,145.44156,"run_day_11652_liz21_del_07_29.json","07",11652
145.441769,-14.69397,407,3.55,2021-11-26 07:49:00,0.0568350643969571,6319.77081645841,"moving",29,-14.69295,145.44156,"run_day_11652_liz21_del_07_29.json","07",11652
145.441911,-14.69444,407,3.55,2021-11-26 08:01:00,0.0544476695199041,6054.30461823291,"moving",29,-14.69295,145.44156,"run_day_11652_liz21_del_07_29.json","07",11652
145.441616,-14.693477,408,3.55,2021-11-26 07:55:00,0.0547073001380806,6083.17422577574,"moving",29,-14.69295,145.44156,"run_day_11652_liz21_del_07_29.json","07",11652
145.44173,-14.693981,408,3.55,2021-11-26 08:07:00,0.0573679450870674,6379.02444570553,"moving",29,-14.69295,145.44156,"run_day_11652_liz21_del_07_29.json","07",11652
145.441873,-14.694452,408,3.55,2021-11-26 08:19:00,0.0545846187307329,6069.53267568506,"moving",29,-14.69295,145.44156,"run_day_11652_liz21_del_07_29.json","07",11652
145.441741,-14.693309,409,3.55,2021-11-26 07:27:00,0.0491673260018164,5467.15720808108,"moving",29,-14.69295,145.44156,"run_day_11652_liz21_del_07_29.json","07",11652
145.441825,-14.69373,409,3.55,2021-11-26 07:39:00,0.0476769606693309,5301.43614426177,"moving",29,-14.69295,145.44156,"run_day_11652_liz21_del_07_29.json","07",11652
145.441938,-14.694139,409,3.55,2021-11-26 07:51:00,0.0470747931680839,5234.47817313286,"moving",29,-14.69295,145.44156,"run_day_11652_liz21_del_07_29.json","07",11652
145.442063,-14.694555,409,3.55,2021-11-26 08:03:00,0.0481713586994876,5356.41069695825,"moving",29,-14.69295,145.44156,"run_day_11652_liz21_del_07_29.json","07",11652
145.441748,-14.69324,410,3.55,2021-11-26 07:49:00,0.0478318034113776,5318.65387160508,"moving",29,-14.69295,145.44156,"run_day_11652_liz21_del_07_29.json","07",11652
145.441818,-14.693646,410,3.55,2021-11-26 08:01:00,0.0457686677960539,5089.24365820139,"moving",29,-14.69295,145.44156,"run_day_11652_liz21_del_07_29.json","07",11652
145.441911,-14.694029,410,3.55,2021-11-26 08:13:00,0.0437466223740954,4864.40246583475,"moving",29,-14.69295,145.44156,"run_day_11652_liz21_del_07_29.json","07",11652
145.442021,-14.694412,410,3.55,2021-11-26 08:25:00,0.04420056974997,4914.87911099562,"moving",29,-14.69295,145.44156,"run_day_11652_liz21_del_07_29.json","07",11652
145.441606,-14.693416,411,3.55,2021-11-26 07:33:00,0.0539713188290261,6001.33683810365,"moving",29,-14.69295,145.44156,"run_day_11652_liz21_del_07_29.json","07",11652
145.441727,-14.693924,411,3.55,2021-11-26 07:45:00,0.0579669097340816,6445.62627569296,"moving",29,-14.69295,145.44156,"run_day_11652_liz21_del_07_29.json","07",11652
145.441875,-14.694412,411,3.55,2021-11-26 07:57:00,0.0565498772481767,6288.05945236981,"moving",29,-14.69295,145.44156,"run_day_11652_liz21_del_07_29.json","07",11652
145.441483,-14.693529,412,3.55,2021-11-26 07:27:00,0.0582698006040785,6479.30620376357,"moving",29,-14.69295,145.44156,"run_day_11652_liz21_del_07_29.json","07",11652
145.441637,-14.694063,412,3.55,2021-11-26 07:39:00,0.0616451389303966,6854.62670135908,"moving",29,-14.69295,145.44156,"run_day_11652_liz21_del_07_29.json","07",11652
145.441817,-14.694596,412,3.55,2021-11-26 07:51:00,0.0623489534555818,6932.88730585843,"moving",29,-14.69295,145.44156,"run_day_11652_liz21_del_07_29.json","07",11652
145.441472,-14.693527,413,3.55,2021-11-26 07:18:00,0.0592671817307149,6590.20992497657,"moving",29,-14.69295,145.44156,"run_day_11652_liz21_del_07_29.json","07",11652
145.441631,-14.694061,413,3.55,2021-11-26 07:30:00,0.0617918143401904,6870.93626279166,"moving",29,-14.69295,145.44156,"run_day_11652_liz21_del_07_29.json","07",11652
145.441812,-14.694596,413,3.55,2021-11-26 07:42:00,0.0625937575480921,6960.1082789674,"moving",29,-14.69295,145.44156,"run_day_11652_liz21_del_07_29.json","07",11652
145.441564,-14.693331,414,3.55,2021-11-26 07:36:00,0.0539571585622608,5999.76228827941,"moving",29,-14.69295,145.44156,"run_day_11652_liz21_del_07_29.json","07",11652
145.441681,-14.693839,414,3.55,2021-11-26 07:48:00,0.0578718346361955,6435.05440715779,"moving",29,-14.69295,145.44156,"run_day_11652_liz21_del_07_29.json","07",11652
145.441828,-14.694342,414,3.55,2021-11-26 08:00:00,0.0581229000091601,6462.97160288758,"moving",29,-14.69295,145.44156,"run_day_11652_liz21_del_07_29.json","07",11652
145.441746,-14.693418,415,3.55,2021-11-26 08:09:00,0.0494592111910252,5499.61336028379,"moving",29,-14.69295,145.44156,"run_day_11652_liz21_del_07_29.json","07",11652
145.441826,-14.693831,415,3.55,2021-11-26 08:21:00,0.0467226783550827,5195.32479233073,"moving",29,-14.69295,145.44156,"run_day_11652_liz21_del_07_29.json","07",11652
145.441929,-14.694223,415,3.55,2021-11-26 08:33:00,0.0449742443533421,5000.90780176433,"moving",29,-14.69295,145.44156,"run_day_11652_liz21_del_07_29.json","07",11652
145.442054,-14.694617,415,3.55,2021-11-26 08:45:00,0.0458273678444655,5095.77080577855,"moving",29,-14.69295,145.44156,"run_day_11652_liz21_del_07_29.json","07",11652
145.441512,-14.693374,416,3.55,2021-11-26 07:43:00,0.0559352977917284,6219.72133479278,"moving",29,-14.69295,145.44156,"run_day_11652_liz21_del_07_29.json","07",11652
145.441637,-14.693892,416,3.55,2021-11-26 07:55:00,0.0591473095625863,6576.88074803479,"moving",29,-14.69295,145.44156,"run_day_11652_liz21_del_07_29.json","07",11652
145.441794,-14.694409,416,3.55,2021-11-26 08:07:00,0.0599166317024556,6662.42546694359,"moving",29,-14.69295,145.44156,"run_day_11652_liz21_del_07_29.json","07",11652
145.441556,-14.693651,417,3.55,2021-11-26 07:52:00,0.0580752748863843,6457.67593085409,"moving",29,-14.69295,145.44156,"run_day_11652_liz21_del_07_29.json","07",11652
145.4417,-14.694179,417,3.55,2021-11-26 08:04:00,0.0607195396606866,6751.70475846142,"moving",29,-14.69295,145.44156,"run_day_11652_liz21_del_07_29.json","07",11652
145.441872,-14.694678,417,3.55,2021-11-26 08:16:00,0.0584891028895298,6503.69150530732,"moving",29,-14.69295,145.44156,"run_day_11652_liz21_del_07_29.json","07",11652
145.441681,-14.693613,418,3.55,2021-11-26 07:37:00,0.0547948138596091,6092.90530762149,"moving",29,-14.69295,145.44156,"run_day_11652_liz21_del_07_29.json","07",11652
145.441811,-14.694106,418,3.55,2021-11-26 07:49:00,0.0565742527760175,6290.76988739999,"moving",29,-14.69295,145.44156,"run_day_11652_liz21_del_07_29.json","07",11652
145.441959,-14.694572,418,3.55,2021-11-26 08:01:00,0.0542068819049897,6027.53025705559,"moving",29,-14.69295,145.44156,"run_day_11652_liz21_del_07_29.json","07",11652
145.441462,-14.693425,419,3.55,2021-11-26 07:13:00,0.058674586566842,6524.31634919981,"moving",29,-14.69295,145.44156,"run_day_11652_liz21_del_07_29.json","07",11652
145.441613,-14.693955,419,3.55,2021-11-26 07:25:00,0.0611303153429584,6797.380930319,"moving",29,-14.69295,145.44156,"run_day_11652_liz21_del_07_29.json","07",11652
145.441789,-14.694489,419,3.55,2021-11-26 07:37:00,0.062322637862725,6929.96114544111,"moving",29,-14.69295,145.44156,"run_day_11652_liz21_del_07_29.json","07",11652
145.441762,-14.693168,420,3.55,2021-11-26 07:15:00,0.0470833267351473,5235.42706249649,"moving",29,-14.69295,145.44156,"run_day_11652_liz21_del_07_29.json","07",11652
145.441833,-14.69355,420,3.55,2021-11-26 07:27:00,0.043157482995944,4798.89315589778,"moving",29,-14.69295,145.44156,"run_day_11652_liz21_del_07_29.json","07",11652
145.44193,-14.693927,420,3.55,2021-11-26 07:39:00,0.0431992833897264,4803.54114761814,"moving",29,-14.69295,145.44156,"run_day_11652_liz21_del_07_29.json","07",11652
145.442039,-14.694317,420,3.55,2021-11-26 07:51:00,0.0449228252121428,4995.19025413056,"moving",29,-14.69295,145.44156,"run_day_11652_liz21_del_07_29.json","07",11652
145.44172,-14.693638,421,3.55,2021-11-26 07:36:00,0.0542336498478587,6030.50671649933,"moving",29,-14.69295,145.44156,"run_day_11652_liz21_del_07_29.json","07",11652
145.441847,-14.694108,421,3.55,2021-11-26 07:48:00,0.0540173063016988,6006.45041175405,"moving",29,-14.69295,145.44156,"run_day_11652_liz21_del_07_29.json","07",11652
145.441988,-14.694561,421,3.55,2021-11-26 08:00:00,0.0526048103544156,5849.38802851017,"moving",29,-14.69295,145.44156,"run_day_11652_liz21_del_07_29.json","07",11652
145.441528,-14.693572,422,3.55,2021-11-26 07:23:00,0.058136128896281,6464.44258802057,"moving",29,-14.69295,145.44156,"run_day_11652_liz21_del_07_29.json","07",11652
145.441683,-14.694102,422,3.55,2021-11-26 07:35:00,0.0612460226936523,6810.24700069165,"moving",29,-14.69295,145.44156,"run_day_11652_liz21_del_07_29.json","07",11652
145.441859,-14.694624,422,3.55,2021-11-26 07:47:00,0.0610526835568991,6788.74866956285,"moving",29,-14.69295,145.44156,"run_day_11652_liz21_del_07_29.json","07",11652
145.441499,-14.693526,423,3.55,2021-11-26 07:32:00,0.0578392112015371,6431.42684673405,"moving",29,-14.69295,145.44156,"run_day_11652_liz21_del_07_29.json","07",11652
145.441648,-14.694057,423,3.55,2021-11-26 07:44:00,0.0611808178091185,6802.99654833905,"moving",29,-14.69295,145.44156,"run_day_11652_liz21_del_07_29.json","07",11652
145.441825,-14.694585,423,3.55,2021-11-26 07:56:00,0.0617204118206082,6862.99666486448,"moving",29,-14.69295,145.44156,"run_day_11652_liz21_del_07_29.json","07",11652
145.441734,-14.693499,424,3.55,2021-11-26 07:51:00,0.0518863331908687,5769.49701301378,"moving",29,-14.69295,145.44156,"run_day_11652_liz21_del_07_29.json","07",11652
145.441832,-14.693942,424,3.55,2021-11-26 08:03:00,0.0503745031662384,5601.38918432597,"moving",29,-14.69295,145.44156,"run_day_11652_liz21_del_07_29.json","07",11652
145.441952,-14.69436,424,3.55,2021-11-26 08:15:00,0.048238284281019,5363.85248208728,"moving",29,-14.69295,145.44156,"run_day_11652_liz21_del_07_29.json","07",11652
145.44168,-14.693407,425,3.55,2021-11-26 08:08:00,0.0518699222049433,5767.67219463764,"moving",29,-14.69295,145.44156,"run_day_11652_liz21_del_07_29.json","07",11652
145.441771,-14.693872,425,3.55,2021-11-26 08:20:00,0.0526238976883385,5851.51044320556,"moving",29,-14.69295,145.44156,"run_day_11652_liz21_del_07_29.json","07",11652
145.44189,-14.694302,425,3.55,2021-11-26 08:32:00,0.0494973380090753,5503.85286902006,"moving",29,-14.69295,145.44156,"run_day_11652_liz21_del_07_29.json","07",11652
145.441667,-14.693453,426,3.55,2021-11-26 07:48:00,0.0533195113509578,5928.85915339347,"moving",29,-14.69295,145.44156,"run_day_11652_liz21_del_07_29.json","07",11652
145.441775,-14.693941,426,3.55,2021-11-26 08:00:00,0.0554925685700138,6170.49209146083,"moving",29,-14.69295,145.44156,"run_day_11652_liz21_del_07_29.json","07",11652
145.441907,-14.694393,426,3.55,2021-11-26 08:12:00,0.0522269307557119,5807.36973425183,"moving",29,-14.69295,145.44156,"run_day_11652_liz21_del_07_29.json","07",11652
145.441746,-14.693455,427,3.55,2021-11-26 07:16:00,0.0517605131129115,5755.50645867491,"moving",29,-14.69295,145.44156,"run_day_11652_liz21_del_07_29.json","07",11652
145.441852,-14.693887,427,3.55,2021-11-26 07:28:00,0.0493706837138703,5489.76955395552,"moving",29,-14.69295,145.44156,"run_day_11652_liz21_del_07_29.json","07",11652
145.441977,-14.694319,427,3.55,2021-11-26 07:40:00,0.0498822531968778,5546.65348509213,"moving",29,-14.69295,145.44156,"run_day_11652_liz21_del_07_29.json","07",11652
145.441631,-14.69318,428,3.55,2021-11-26 08:03:00,0.0506380163339236,5630.6905116766,"moving",29,-14.69295,145.44156,"run_day_11652_liz21_del_07_29.json","07",11652
145.441715,-14.69365,428,3.55,2021-11-26 08:15:00,0.0530368375918595,5897.4272654862,"moving",29,-14.69295,145.44156,"run_day_11652_liz21_del_07_29.json","07",11652
145.441822,-14.694102,428,3.55,2021-11-26 08:27:00,0.0515609285072059,5733.3136630841,"moving",29,-14.69295,145.44156,"run_day_11652_liz21_del_07_29.json","07",11652
145.441955,-14.694528,428,3.55,2021-11-26 08:39:00,0.0494819687447778,5502.14388480392,"moving",29,-14.69295,145.44156,"run_day_11652_liz21_del_07_29.json","07",11652
145.441664,-14.693316,429,3.55,2021-11-26 07:13:00,0.052878085087464,5879.77479240529,"moving",29,-14.69295,145.44156,"run_day_11652_liz21_del_07_29.json","07",11652
145.441771,-14.693797,429,3.55,2021-11-26 07:25:00,0.0547089656069917,6083.35941746912,"moving",29,-14.69295,145.44156,"run_day_11652_liz21_del_07_29.json","07",11652
145.441906,-14.694257,429,3.55,2021-11-26 07:37:00,0.0531707547061502,5912.3181691862,"moving",29,-14.69295,145.44156,"run_day_11652_liz21_del_07_29.json","07",11652
145.44156,-14.693653,430,3.55,2021-11-26 07:28:00,0.058083967360428,6458.64248986774,"moving",29,-14.69295,145.44156,"run_day_11652_liz21_del_07_29.json","07",11652
145.441717,-14.694183,430,3.55,2021-11-26 07:40:00,0.0613049264592049,6816.79680058135,"moving",29,-14.69295,145.44156,"run_day_11652_liz21_del_07_29.json","07",11652
145.441895,-14.694696,430,3.55,2021-11-26 07:52:00,0.0601701505051727,6690.61547161474,"moving",29,-14.69295,145.44156,"run_day_11652_liz21_del_07_29.json","07",11652
145.44167,-14.693628,431,3.55,2021-11-26 07:55:00,0.0552570160931068,6144.29985107021,"moving",29,-14.69295,145.44156,"run_day_11652_liz21_del_07_29.json","07",11652
145.441793,-14.69412,431,3.55,2021-11-26 08:07:00,0.0562848015649733,6258.58438122075,"moving",29,-14.69295,145.44156,"run_day_11652_liz21_del_07_29.json","07",11652
145.441938,-14.694574,431,3.55,2021-11-26 08:19:00,0.0528366833618457,5875.17113056221,"moving",29,-14.69295,145.44156,"run_day_11652_liz21_del_07_29.json","07",11652
145.441684,-14.693373,432,3.55,2021-11-26 07:35:00,0.0516614398115151,5744.49001019371,"moving",29,-14.69295,145.44156,"run_day_11652_liz21_del_07_29.json","07",11652
145.441785,-14.693849,432,3.55,2021-11-26 07:47:00,0.0540321176958473,6008.0973636399,"moving",29,-14.69295,145.44156,"run_day_11652_liz21_del_07_29.json","07",11652
145.441914,-14.694296,432,3.55,2021-11-26 07:59:00,0.0516044237231199,5738.15011042704,"moving",29,-14.69295,145.44156,"run_day_11652_liz21_del_07_29.json","07",11652
145.441745,-14.693388,433,3.55,2021-11-26 07:31:00,0.0496954125788844,5525.87775628013,"moving",29,-14.69295,145.44156,"run_day_11652_liz21_del_07_29.json","07",11652
145.441837,-14.693814,433,3.55,2021-11-26 07:43:00,0.0483915722704396,5380.8973288264,"moving",29,-14.69295,145.44156,"run_day_11652_liz21_del_07_29.json","07",11652
145.441953,-14.694228,433,3.55,2021-11-26 07:55:00,0.0476955230782801,5303.50018996321,"moving",29,-14.69295,145.44156,"run_day_11652_liz21_del_07_29.json","07",11652
145.442084,-14.694646,433,3.55,2021-11-26 08:07:00,0.048568229152118,5400.54067782588,"moving",29,-14.69295,145.44156,"run_day_11652_liz21_del_07_29.json","07",11652
145.441749,-14.69346,434,3.55,2021-11-26 07:59:00,0.0503718418020244,5601.09325412742,"moving",29,-14.69295,145.44156,"run_day_11652_liz21_del_07_29.json","07",11652
145.441836,-14.693881,434,3.55,2021-11-26 08:11:00,0.0477391585937875,5308.35223790915,"moving",29,-14.69295,145.44156,"run_day_11652_liz21_del_07_29.json","07",11652
145.441946,-14.69428,434,3.55,2021-11-26 08:23:00,0.0459172387426654,5105.76399371137,"moving",29,-14.69295,145.44156,"run_day_11652_liz21_del_07_29.json","07",11652
145.442075,-14.694679,434,3.55,2021-11-26 08:35:00,0.04648575976145,5168.98064669101,"moving",29,-14.69295,145.44156,"run_day_11652_liz21_del_07_29.json","07",11652
145.44168,-14.69365,435,3.55,2021-11-26 07:23:00,0.0557965250880256,6204.29051418429,"moving",29,-14.69295,145.44156,"run_day_11652_liz21_del_07_29.json","07",11652
145.441822,-14.694145,435,3.55,2021-11-26 07:35:00,0.057121260427315,6351.59436306003,"moving",29,-14.69295,145.44156,"run_day_11652_liz21_del_07_29.json","07",11652
145.441974,-14.694621,435,3.55,2021-11-26 07:47:00,0.0553962113911259,6159.77766202271,"moving",29,-14.69295,145.44156,"run_day_11652_liz21_del_07_29.json","07",11652
145.441609,-14.693356,436,3.55,2021-11-26 07:57:00,0.0534658761725604,5945.13417899491,"moving",29,-14.69295,145.44156,"run_day_11652_liz21_del_07_29.json","07",11652
145.441711,-14.693852,436,3.55,2021-11-26 08:09:00,0.0562332680797134,6252.85411910754,"moving",29,-14.69295,145.44156,"run_day_11652_liz21_del_07_29.json","07",11652
145.441843,-14.694322,436,3.55,2021-11-26 08:21:00,0.0541557989603455,6021.85009277309,"moving",29,-14.69295,145.44156,"run_day_11652_liz21_del_07_29.json","07",11652
145.441676,-14.693449,437,3.55,2021-11-26 08:05:00,0.0526742221482648,5857.1062678355,"moving",29,-14.69295,145.44156,"run_day_11652_liz21_del_07_29.json","07",11652
145.441773,-14.693921,437,3.55,2021-11-26 08:17:00,0.0535109493447967,5950.14608707536,"moving",29,-14.69295,145.44156,"run_day_11652_liz21_del_07_29.json","07",11652
145.441898,-14.694358,437,3.55,2021-11-26 08:29:00,0.0504178743898147,5606.21184435002,"moving",29,-14.69295,145.44156,"run_day_11652_liz21_del_07_29.json","07",11652
145.441559,-14.693573,438,3.55,2021-11-26 07:29:00,0.0570667022318417,6345.52776851652,"moving",29,-14.69295,145.44156,"run_day_11652_liz21_del_07_29.json","07",11652
145.441708,-14.694099,438,3.55,2021-11-26 07:41:00,0.0606444307068495,6743.35302384916,"moving",29,-14.69295,145.44156,"run_day_11652_liz21_del_07_29.json","07",11652
145.441878,-14.69461,438,3.55,2021-11-26 07:53:00,0.0596901820487497,6637.24541431108,"moving",29,-14.69295,145.44156,"run_day_11652_liz21_del_07_29.json","07",11652
145.441697,-14.693198,439,3.55,2021-11-26 07:46:00,0.0493861254350604,5491.48659501052,"moving",29,-14.69295,145.44156,"run_day_11652_liz21_del_07_29.json","07",11652
145.441776,-14.693647,439,3.55,2021-11-26 07:58:00,0.0506444339123704,5631.40411384123,"moving",29,-14.69295,145.44156,"run_day_11652_liz21_del_07_29.json","07",11652
145.441878,-14.694066,439,3.55,2021-11-26 08:10:00,0.0478649410225789,5322.33860585179,"moving",29,-14.69295,145.44156,"run_day_11652_liz21_del_07_29.json","07",11652
145.441999,-14.694474,439,3.55,2021-11-26 08:22:00,0.0471973594722104,5248.1069243293,"moving",29,-14.69295,145.44156,"run_day_11652_liz21_del_07_29.json","07",11652
145.441698,-14.693264,440,3.55,2021-11-26 07:15:00,0.0513134473405406,5705.79501291084,"moving",29,-14.69295,145.44156,"run_day_11652_liz21_del_07_29.json","07",11652
145.44179,-14.693718,440,3.55,2021-11-26 07:27:00,0.0514431823081624,5720.22088311878,"moving",29,-14.69295,145.44156,"run_day_11652_liz21_del_07_29.json","07",11652
145.441915,-14.694154,440,3.55,2021-11-26 07:39:00,0.050310718048652,5594.29660285494,"moving",29,-14.69295,145.44156,"run_day_11652_liz21_del_07_29.json","07",11652
145.442049,-14.694595,440,3.55,2021-11-26 07:51:00,0.0511111714252391,5683.30295734692,"moving",29,-14.69295,145.44156,"run_day_11652_liz21_del_07_29.json","07",11652
145.441591,-14.693531,441,3.55,2021-11-26 07:21:00,0.0564858398166928,6280.93881487345,"moving",29,-14.69295,145.44156,"run_day_11652_liz21_del_07_29.json","07",11652
145.441734,-14.694048,441,3.55,2021-11-26 07:33:00,0.0595097871396837,6617.18641563044,"moving",29,-14.69295,145.44156,"run_day_11652_liz21_del_07_29.json","07",11652
145.441895,-14.694549,441,3.55,2021-11-26 07:45:00,0.0583380484370602,6486.89501654562,"moving",29,-14.69295,145.44156,"run_day_11652_liz21_del_07_29.json","07",11652
145.441741,-14.693572,442,3.55,2021-11-26 07:34:00,0.0524554664210974,5832.78174080003,"moving",29,-14.69295,145.44156,"run_day_11652_liz21_del_07_29.json","07",11652
145.441856,-14.694021,442,3.55,2021-11-26 07:46:00,0.0514359299100476,5719.41445324241,"moving",29,-14.69295,145.44156,"run_day_11652_liz21_del_07_29.json","07",11652
145.441986,-14.69446,442,3.55,2021-11-26 07:58:00,0.0507776950587923,5646.22207724218,"moving",29,-14.69295,145.44156,"run_day_11652_liz21_del_07_29.json","07",11652
145.441627,-14.693517,443,3.55,2021-11-26 07:35:00,0.0547951998405493,6092.94822674382,"moving",29,-14.69295,145.44156,"run_day_11652_liz21_del_07_29.json","07",11652
145.441757,-14.694025,443,3.55,2021-11-26 07:47:00,0.0581918926982334,6470.6432398881,"moving",29,-14.69295,145.44156,"run_day_11652_liz21_del_07_29.json","07",11652
145.441908,-14.694508,443,3.55,2021-11-26 07:59:00,0.0561091509215922,6239.05292081492,"moving",29,-14.69295,145.44156,"run_day_11652_liz21_del_07_29.json","07",11652
145.441595,-14.693435,444,3.55,2021-11-26 07:20:00,0.0553059136118802,6149.73700708332,"moving",29,-14.69295,145.44156,"run_day_11652_liz21_del_07_29.json","07",11652
145.441726,-14.693944,444,3.55,2021-11-26 07:32:00,0.0583257274662209,6485.52498709695,"moving",29,-14.69295,145.44156,"run_day_11652_liz21_del_07_29.json","07",11652
145.441879,-14.694441,444,3.55,2021-11-26 07:44:00,0.0576620252227586,6411.72466482134,"moving",29,-14.69295,145.44156,"run_day_11652_liz21_del_07_29.json","07",11652
145.441723,-14.693445,445,3.55,2021-11-26 07:27:00,0.0517993888647445,5759.82924504824,"moving",29,-14.69295,145.44156,"run_day_11652_liz21_del_07_29.json","07",11652
145.441829,-14.693895,445,3.55,2021-11-26 07:39:00,0.0513201736579762,5706.54294528468,"moving",29,-14.69295,145.44156,"run_day_11652_liz21_del_07_29.json","07",11652
145.441956,-14.694332,445,3.55,2021-11-26 07:51:00,0.0504756649830173,5612.63786512193,"moving",29,-14.69295,145.44156,"run_day_11652_liz21_del_07_29.json","07",11652
145.441595,-14.69359,446,3.55,2021-11-26 07:42:00,0.0564992669190824,6282.43184053871,"moving",29,-14.69295,145.44156,"run_day_11652_liz21_del_07_29.json","07",11652
145.441733,-14.694111,446,3.55,2021-11-26 07:54:00,0.0598038218686237,6649.88158574587,"moving",29,-14.69295,145.44156,"run_day_11652_liz21_del_07_29.json","07",11652
145.441896,-14.694604,446,3.55,2021-11-26 08:06:00,0.0575543505382356,6399.75178617433,"moving",29,-14.69295,145.44156,"run_day_11652_liz21_del_07_29.json","07",11652
145.441712,-14.693449,447,3.55,2021-11-26 08:04:00,0.0518863335256174,5769.49705023614,"moving",29,-14.69295,145.44156,"run_day_11652_liz21_del_07_29.json","07",11652
145.441803,-14.693896,447,3.55,2021-11-26 08:16:00,0.0506586817626582,5632.98840250882,"moving",29,-14.69295,145.44156,"run_day_11652_liz21_del_07_29.json","07",11652
145.441919,-14.694313,447,3.55,2021-11-26 08:28:00,0.0480175700322393,5339.31017738481,"moving",29,-14.69295,145.44156,"run_day_11652_liz21_del_07_29.json","07",11652
145.441718,-14.693285,448,3.55,2021-11-26 07:53:00,0.0498957128560319,5548.15013090444,"moving",29,-14.69295,145.44156,"run_day_11652_liz21_del_07_29.json","07",11652
145.441797,-14.693723,448,3.55,2021-11-26 08:05:00,0.0494390538247459,5497.37196341902,"moving",29,-14.69295,145.44156,"run_day_11652_liz21_del_07_29.json","07",11652
145.4419,-14.69413,448,3.55,2021-11-26 08:17:00,0.0465925857183068,5180.85915112744,"moving",29,-14.69295,145.44156,"run_day_11652_liz21_del_07_29.json","07",11652
145.442022,-14.694532,448,3.55,2021-11-26 08:29:00,0.0465865999453785,5180.19356354577,"moving",29,-14.69295,145.44156,"run_day_11652_liz21_del_07_29.json","07",11652
145.441596,-14.693529,449,3.55,2021-11-26 08:00:00,0.0556655980288349,6189.73208944179,"moving",29,-14.69295,145.44156,"run_day_11652_liz21_del_07_29.json","07",11652
145.441716,-14.694035,449,3.55,2021-11-26 08:12:00,0.0577260733726852,6418.84649415414,"moving",29,-14.69295,145.44156,"run_day_11652_liz21_del_07_29.json","07",11652
145.441866,-14.694512,449,3.55,2021-11-26 08:24:00,0.0554394820804911,6164.58914315253,"moving",29,-14.69295,145.44156,"run_day_11652_liz21_del_07_29.json","07",11652
145.441544,-14.693478,450,3.55,2021-11-26 07:34:00,0.0562346362651628,6253.00625438822,"moving",29,-14.69295,145.44156,"run_day_11652_liz21_del_07_29.json","07",11652
145.441681,-14.694,450,3.55,2021-11-26 07:46:00,0.0598849888743936,6658.90694499841,"moving",29,-14.69295,145.44156,"run_day_11652_liz21_del_07_29.json","07",11652
145.441846,-14.694513,450,3.55,2021-11-26 07:58:00,0.0597399581315903,6642.78026219119,"moving",29,-14.69295,145.44156,"run_day_11652_liz21_del_07_29.json","07",11652
145.44163,-14.693275,451,3.55,2021-11-26 07:14:00,0.0529879103278221,5891.98680195064,"moving",29,-14.69295,145.44156,"run_day_11652_liz21_del_07_29.json","07",11652
145.441737,-14.693765,451,3.55,2021-11-26 07:26:00,0.0556877246984468,6192.19246284617,"moving",29,-14.69295,145.44156,"run_day_11652_liz21_del_07_29.json","07",11652
145.441877,-14.694239,451,3.55,2021-11-26 07:38:00,0.0548152533877512,6095.17807945389,"moving",29,-14.69295,145.44156,"run_day_11652_liz21_del_07_29.json","07",11652
145.441579,-14.693338,452,3.55,2021-11-26 07:21:00,0.0543305188247233,6041.27805527592,"moving",29,-14.69295,145.44156,"run_day_11652_liz21_del_07_29.json","07",11652
145.4417,-14.693841,452,3.55,2021-11-26 07:33:00,0.0574252658094344,6385.39821922435,"moving",29,-14.69295,145.44156,"run_day_11652_liz21_del_07_29.json","07",11652
145.44185,-14.694341,452,3.55,2021-11-26 07:45:00,0.0578910619754869,6437.19238973987,"moving",29,-14.69295,145.44156,"run_day_11652_liz21_del_07_29.json","07",11652
145.441764,-14.693355,453,3.55,2021-11-26 07:45:00,0.0479234273575587,5328.84198957958,"moving",29,-14.69295,145.44156,"run_day_11652_liz21_del_07_29.json","07",11652
145.441843,-14.69376,453,3.55,2021-11-26 07:57:00,0.0458285633661685,5095.90374172662,"moving",29,-14.69295,145.44156,"run_day_11652_liz21_del_07_29.json","07",11652
145.441945,-14.694148,453,3.55,2021-11-26 08:09:00,0.0445166764887908,4950.02857663065,"moving",29,-14.69295,145.44156,"run_day_11652_liz21_del_07_29.json","07",11652
145.442062,-14.69454,453,3.55,2021-11-26 08:21:00,0.0453686455740045,5044.76321656441,"moving",29,-14.69295,145.44156,"run_day_11652_liz21_del_07_29.json","07",11652
145.44173,-14.69359,454,3.55,2021-11-26 07:35:00,0.0532599180670462,5922.23268256041,"moving",29,-14.69295,145.44156,"run_day_11652_liz21_del_07_29.json","07",11652
145.441849,-14.694048,454,3.55,2021-11-26 07:47:00,0.0525110761477698,5838.96526027811,"moving",29,-14.69295,145.44156,"run_day_11652_liz21_del_07_29.json","07",11652
145.441984,-14.694493,454,3.55,2021-11-26 07:59:00,0.0515682378463105,5734.12642450966,"moving",29,-14.69295,145.44156,"run_day_11652_liz21_del_07_29.json","07",11652
145.44158,-14.693335,455,3.55,2021-11-26 07:30:00,0.0536320455973876,5963.61137599914,"moving",29,-14.69295,145.44156,"run_day_11652_liz21_del_07_29.json","07",11652
145.441697,-14.69384,455,3.55,2021-11-26 07:42:00,0.0575462778755221,6398.85414703607,"moving",29,-14.69295,145.44156,"run_day_11652_liz21_del_07_29.json","07",11652
145.441845,-14.694338,455,3.55,2021-11-26 07:54:00,0.05761771353868,6406.79743036072,"moving",29,-14.69295,145.44156,"run_day_11652_liz21_del_07_29.json","07",11652
145.441662,-14.69361,456,3.55,2021-11-26 07:13:00,0.056711333544003,6306.01257334052,"moving",29,-14.69295,145.44156,"run_day_11652_liz21_del_07_29.json","07",11652
145.441807,-14.694112,456,3.55,2021-11-26 07:25:00,0.0579576545987476,6444.59715159841,"moving",29,-14.69295,145.44156,"run_day_11652_liz21_del_07_29.json","07",11652
145.441959,-14.694594,456,3.55,2021-11-26 07:37:00,0.0560340108649962,6230.69772773365,"moving",29,-14.69295,145.44156,"run_day_11652_liz21_del_07_29.json","07",11652
145.44148,-14.693448,457,3.55,2021-11-26 07:49:00,0.0576005753324434,6404.89174877542,"moving",29,-14.69295,145.44156,"run_day_11652_liz21_del_07_29.json","07",11652
145.441614,-14.693975,457,3.55,2021-11-26 08:01:00,0.0603461459118113,6710.1852679457,"moving",29,-14.69295,145.44156,"run_day_11652_liz21_del_07_29.json","07",11652
145.44178,-14.694494,457,3.55,2021-11-26 08:13:00,0.0604090368576152,6717.17842205096,"moving",29,-14.69295,145.44156,"run_day_11652_liz21_del_07_29.json","07",11652
145.441526,-14.69346,458,3.55,2021-11-26 07:47:00,0.0565345644645602,6286.35674851885,"moving",29,-14.69295,145.44156,"run_day_11652_liz21_del_07_29.json","07",11652
145.441656,-14.693982,458,3.55,2021-11-26 07:59:00,0.059704186119282,6638.80259590664,"moving",29,-14.69295,145.44156,"run_day_11652_liz21_del_07_29.json","07",11652
145.441817,-14.694492,458,3.55,2021-11-26 08:11:00,0.0592944427120215,6593.24120779322,"moving",29,-14.69295,145.44156,"run_day_11652_liz21_del_07_29.json","07",11652
145.44169,-14.693177,459,3.55,2021-11-26 08:04:00,0.0490197219027722,5450.74438111542,"moving",29,-14.69295,145.44156,"run_day_11652_liz21_del_07_29.json","07",11652
145.441764,-14.693619,459,3.55,2021-11-26 08:16:00,0.0497884758940501,5536.22592478329,"moving",29,-14.69295,145.44156,"run_day_11652_liz21_del_07_29.json","07",11652
145.441858,-14.694032,459,3.55,2021-11-26 08:28:00,0.0470232932428537,5228.75164272469,"moving",29,-14.69295,145.44156,"run_day_11652_liz21_del_07_29.json","07",11652
145.441976,-14.694433,459,3.55,2021-11-26 08:40:00,0.0463602945524904,5155.0295519843,"moving",29,-14.69295,145.44156,"run_day_11652_liz21_del_07_29.json","07",11652
145.441717,-14.693652,460,3.55,2021-11-26 07:22:00,0.0552308348242956,6141.38862680528,"moving",29,-14.69295,145.44156,"run_day_11652_liz21_del_07_29.json","07",11652
145.441852,-14.694126,460,3.55,2021-11-26 07:34:00,0.0546699658157735,6079.02283854546,"moving",29,-14.69295,145.44156,"run_day_11652_liz21_del_07_29.json","07",11652
145.441996,-14.69459,460,3.55,2021-11-26 07:46:00,0.0538690644226342,5989.96666688582,"moving",29,-14.69295,145.44156,"run_day_11652_liz21_del_07_29.json","07",11652
145.44155,-14.693327,461,3.55,2021-11-26 07:40:00,0.0544388508387313,6053.3240256268,"moving",29,-14.69295,145.44156,"run_day_11652_liz21_del_07_29.json","07",11652
145.441666,-14.693836,461,3.55,2021-11-26 07:52:00,0.0579571239822264,6444.53814973326,"moving",29,-14.69295,145.44156,"run_day_11652_liz21_del_07_29.json","07",11652
145.441814,-14.694343,461,3.55,2021-11-26 08:04:00,0.0585801682457524,6513.81751091235,"moving",29,-14.69295,145.44156,"run_day_11652_liz21_del_07_29.json","07",11652
145.441657,-14.6936,462,3.55,2021-11-26 07:44:00,0.0552308353328062,6141.38868334909,"moving",29,-14.69295,145.44156,"run_day_11652_liz21_del_07_29.json","07",11652
145.441786,-14.694101,462,3.55,2021-11-26 07:56:00,0.057410545932192,6383.76144355416,"moving",29,-14.69295,145.44156,"run_day_11652_liz21_del_07_29.json","07",11652
145.441937,-14.69457,462,3.55,2021-11-26 08:08:00,0.0546209218518204,6073.56939857134,"moving",29,-14.69295,145.44156,"run_day_11652_liz21_del_07_29.json","07",11652
145.44174,-14.693635,463,3.55,2021-11-26 08:04:00,0.0530006160339499,5893.39961201149,"moving",29,-14.69295,145.44156,"run_day_11652_liz21_del_07_29.json","07",11652
145.441845,-14.694075,463,3.55,2021-11-26 08:16:00,0.0502123153814907,5583.35472549831,"moving",29,-14.69295,145.44156,"run_day_11652_liz21_del_07_29.json","07",11652
145.441973,-14.694494,463,3.55,2021-11-26 08:28:00,0.0485822310877038,5402.09762202623,"moving",29,-14.69295,145.44156,"run_day_11652_liz21_del_07_29.json","07",11652
145.441503,-14.693411,464,3.55,2021-11-26 07:19:00,0.0570318285804258,6341.6499954055,"moving",29,-14.69295,145.44156,"run_day_11652_liz21_del_07_29.json","07",11652
145.441645,-14.693932,464,3.55,2021-11-26 07:31:00,0.0599120566618704,6661.91674564133,"moving",29,-14.69295,145.44156,"run_day_11652_liz21_del_07_29.json","07",11652
145.441812,-14.694458,464,3.55,2021-11-26 07:43:00,0.0611845502010754,6803.4115713889,"moving",29,-14.69295,145.44156,"run_day_11652_liz21_del_07_29.json","07",11652
145.441695,-14.69321,465,3.55,2021-11-26 07:18:00,0.0502696762017667,5589.73295770116,"moving",29,-14.69295,145.44156,"run_day_11652_liz21_del_07_29.json","07",11652
145.441782,-14.69366,465,3.55,2021-11-26 07:30:00,0.0509051824616778,5660.39802965414,"moving",29,-14.69295,145.44156,"run_day_11652_liz21_del_07_29.json","07",11652
145.441901,-14.694091,465,3.55,2021-11-26 07:42:00,0.0496047624683832,5515.79792389263,"moving",29,-14.69295,145.44156,"run_day_11652_liz21_del_07_29.json","07",11652
145.44203,-14.694525,465,3.55,2021-11-26 07:54:00,0.0502136203710092,5583.49983371209,"moving",29,-14.69295,145.44156,"run_day_11652_liz21_del_07_29.json","07",11652
145.441527,-14.693409,466,3.55,2021-11-26 07:29:00,0.0559039361350722,6216.23407768145,"moving",29,-14.69295,145.44156,"run_day_11652_liz21_del_07_29.json","07",11652
145.44166,-14.693927,466,3.55,2021-11-26 07:41:00,0.0593488179018336,6599.28745303566,"moving",29,-14.69295,145.44156,"run_day_11652_liz21_del_07_29.json","07",11652
145.441823,-14.694447,466,3.55,2021-11-26 07:53:00,0.060420857616429,6718.49283046016,"moving",29,-14.69295,145.44156,"run_day_11652_liz21_del_07_29.json","07",11652
145.441696,-14.693673,467,3.55,2021-11-26 08:08:00,0.0546111389869498,6072.48159362969,"moving",29,-14.69295,145.44156,"run_day_11652_liz21_del_07_29.json","07",11652
145.441811,-14.694143,467,3.55,2021-11-26 08:20:00,0.0537054334428261,5971.77173208927,"moving",29,-14.69295,145.44156,"run_day_11652_liz21_del_07_29.json","07",11652
145.441952,-14.694582,467,3.55,2021-11-26 08:32:00,0.0511161470449968,5683.85622102089,"moving",29,-14.69295,145.44156,"run_day_11652_liz21_del_07_29.json","07",11652
145.441728,-14.693478,468,3.55,2021-11-26 07:22:00,0.0523656567203154,5822.79535770961,"moving",29,-14.69295,145.44156,"run_day_11652_liz21_del_07_29.json","07",11652
145.441839,-14.693927,468,3.55,2021-11-26 07:34:00,0.0513341681525963,5708.09906208739,"moving",29,-14.69295,145.44156,"run_day_11652_liz21_del_07_29.json","07",11652
145.441968,-14.694369,468,3.55,2021-11-26 07:46:00,0.0510691398916777,5678.62926405581,"moving",29,-14.69295,145.44156,"run_day_11652_liz21_del_07_29.json","07",11652
145.441616,-14.69329,469,3.55,2021-11-26 07:17:00,0.0531649152119935,5911.6688470618,"moving",29,-14.69295,145.44156,"run_day_11652_liz21_del_07_29.json","07",11652
145.441727,-14.693784,469,3.55,2021-11-26 07:29:00,0.0562127797155557,6250.57591695795,"moving",29,-14.69295,145.44156,"run_day_11652_liz21_del_07_29.json","07",11652
145.441869,-14.694265,469,3.55,2021-11-26 07:41:00,0.0556227666191953,6184.96945398884,"moving",29,-14.69295,145.44156,"run_day_11652_liz21_del_07_29.json","07",11652
145.441525,-14.693329,470,3.55,2021-11-26 08:08:00,0.0547161520104081,6084.15850906985,"moving",29,-14.69295,145.44156,"run_day_11652_liz21_del_07_29.json","07",11652
145.441633,-14.693826,470,3.55,2021-11-26 08:20:00,0.056471540950574,6279.34885350427,"moving",29,-14.69295,145.44156,"run_day_11652_liz21_del_07_29.json","07",11652
145.441772,-14.694322,470,3.55,2021-11-26 08:32:00,0.057143141158643,6354.02738937497,"moving",29,-14.69295,145.44156,"run_day_11652_liz21_del_07_29.json","07",11652
145.441661,-14.693209,471,3.55,2021-11-26 07:38:00,0.0502015111520241,5582.15334999532,"moving",29,-14.69295,145.44156,"run_day_11652_liz21_del_07_29.json","07",11652
145.44175,-14.693684,471,3.55,2021-11-26 07:50:00,0.0536780637562359,5968.7283617966,"moving",29,-14.69295,145.44156,"run_day_11652_liz21_del_07_29.json","07",11652
145.441867,-14.694132,471,3.55,2021-11-26 08:02:00,0.0513802671866774,5713.22504080042,"moving",29,-14.69295,145.44156,"run_day_11652_liz21_del_07_29.json","07",11652
145.442001,-14.694563,471,3.55,2021-11-26 08:14:00,0.0500453304283337,5564.78684588127,"moving",29,-14.69295,145.44156,"run_day_11652_liz21_del_07_29.json","07",11652
145.441565,-14.693625,472,3.55,2021-11-26 07:26:00,0.0577910232829375,6426.06859466022,"moving",29,-14.69295,145.44156,"run_day_11652_liz21_del_07_29.json","07",11652
145.44172,-14.694153,472,3.55,2021-11-26 07:38:00,0.0610320594432747,6786.45537276128,"moving",29,-14.69295,145.44156,"run_day_11652_liz21_del_07_29.json","07",11652
145.441894,-14.694664,472,3.55,2021-11-26 07:50:00,0.0598233753389191,6652.05583244101,"moving",29,-14.69295,145.44156,"run_day_11652_liz21_del_07_29.json","07",11652
145.441583,-14.693325,473,3.55,2021-11-26 07:31:00,0.0534756922520279,5946.22567723124,"moving",29,-14.69295,145.44156,"run_day_11652_liz21_del_07_29.json","07",11652
145.441698,-14.693829,473,3.55,2021-11-26 07:43:00,0.05739103232618,6381.59162956508,"moving",29,-14.69295,145.44156,"run_day_11652_liz21_del_07_29.json","07",11652
145.441844,-14.694325,473,3.55,2021-11-26 07:55:00,0.0573447317291364,6376.44323807322,"moving",29,-14.69295,145.44156,"run_day_11652_liz21_del_07_29.json","07",11652
145.441639,-14.693281,474,3.55,2021-11-26 07:28:00,0.0517021096106505,5749.01228552521,"moving",29,-14.69295,145.44156,"run_day_11652_liz21_del_07_29.json","07",11652
145.441741,-14.693768,474,3.55,2021-11-26 07:40:00,0.0552520901034124,6143.75210600749,"moving",29,-14.69295,145.44156,"run_day_11652_liz21_del_07_29.json","07",11652
145.441874,-14.694236,474,3.55,2021-11-26 07:52:00,0.0539696302871019,6001.14908080825,"moving",29,-14.69295,145.44156,"run_day_11652_liz21_del_07_29.json","07",11652
145.442024,-14.694688,474,3.55,2021-11-26 08:04:00,0.0527861211370967,5869.54886769026,"moving",29,-14.69295,145.44156,"run_day_11652_liz21_del_07_29.json","07",11652
145.441638,-14.693393,475,3.55,2021-11-26 07:22:00,0.0535540854244916,5954.94260029278,"moving",29,-14.69295,145.44156,"run_day_11652_liz21_del_07_29.json","07",11652
145.441756,-14.693889,475,3.55,2021-11-26 07:34:00,0.0565941923308044,6292.98706473184,"moving",29,-14.69295,145.44156,"run_day_11652_liz21_del_07_29.json","07",11652
145.441899,-14.694365,475,3.55,2021-11-26 07:46:00,0.0551182892680608,6128.87413193559,"moving",29,-14.69295,145.44156,"run_day_11652_liz21_del_07_29.json","07",11652
145.441707,-14.693133,476,3.55,2021-11-26 08:07:00,0.0478318040781077,5318.6539457421,"moving",29,-14.69295,145.44156,"run_day_11652_liz21_del_07_29.json","07",11652
145.441776,-14.693555,476,3.55,2021-11-26 08:19:00,0.0475075292548172,5282.59623055363,"moving",29,-14.69295,145.44156,"run_day_11652_liz21_del_07_29.json","07",11652
145.441861,-14.693952,476,3.55,2021-11-26 08:31:00,0.0450811641706126,5012.79674300258,"moving",29,-14.69295,145.44156,"run_day_11652_liz21_del_07_29.json","07",11652
145.441969,-14.694338,476,3.55,2021-11-26 08:43:00,0.0444653905041075,4944.32583532589,"moving",29,-14.69295,145.44156,"run_day_11652_liz21_del_07_29.json","07",11652
145.441671,-14.693297,477,3.55,2021-11-26 08:03:00,0.0511238018107862,5684.70739214133,"moving",29,-14.69295,145.44156,"run_day_11652_liz21_del_07_29.json","07",11652
145.441756,-14.693763,477,3.55,2021-11-26 08:15:00,0.0526171949411655,5850.76513172535,"moving",29,-14.69295,145.44156,"run_day_11652_liz21_del_07_29.json","07",11652
145.441867,-14.694195,477,3.55,2021-11-26 08:27:00,0.0494976379510357,5503.88622104434,"moving",29,-14.69295,145.44156,"run_day_11652_liz21_del_07_29.json","07",11652
145.442001,-14.694613,477,3.55,2021-11-26 08:39:00,0.0486628203238931,5411.05873623264,"moving",29,-14.69295,145.44156,"run_day_11652_liz21_del_07_29.json","07",11652
145.441704,-14.69329,478,3.55,2021-11-26 08:04:00,0.0501333652078044,5574.57586672668,"moving",29,-14.69295,145.44156,"run_day_11652_liz21_del_07_29.json","07",11652
145.441782,-14.693733,478,3.55,2021-11-26 08:16:00,0.0499686754483804,5556.26320100842,"moving",29,-14.69295,145.44156,"run_day_11652_liz21_del_07_29.json","07",11652
145.441885,-14.694144,478,3.55,2021-11-26 08:28:00,0.0470247281590191,5228.91119812245,"moving",29,-14.69295,145.44156,"run_day_11652_liz21_del_07_29.json","07",11652
145.44201,-14.694547,478,3.55,2021-11-26 08:40:00,0.0467850080116819,5202.25553392407,"moving",29,-14.69295,145.44156,"run_day_11652_liz21_del_07_29.json","07",11652
145.441581,-14.693542,479,3.55,2021-11-26 07:46:00,0.0562821986953108,6258.29495531956,"moving",29,-14.69295,145.44156,"run_day_11652_liz21_del_07_29.json","07",11652
145.441713,-14.694062,479,3.55,2021-11-26 07:58:00,0.0595389327795469,6620.42726291703,"moving",29,-14.69295,145.44156,"run_day_11652_liz21_del_07_29.json","07",11652
145.441872,-14.694555,479,3.55,2021-11-26 08:10:00,0.0574247583259311,6385.34178963342,"moving",29,-14.69295,145.44156,"run_day_11652_liz21_del_07_29.json","07",11652
145.44162,-14.693166,480,3.55,2021-11-26 07:43:00,0.0507220209379995,5640.03139746463,"moving",29,-14.69295,145.44156,"run_day_11652_liz21_del_07_29.json","07",11652
145.441711,-14.693649,480,3.55,2021-11-26 07:55:00,0.0545917523661605,6070.32589975314,"moving",29,-14.69295,145.44156,"run_day_11652_liz21_del_07_29.json","07",11652
145.441829,-14.694117,480,3.55,2021-11-26 08:07:00,0.0535645848215793,5956.11007998176,"moving",29,-14.69295,145.44156,"run_day_11652_liz21_del_07_29.json","07",11652
145.441967,-14.694557,480,3.55,2021-11-26 08:19:00,0.0511277394477466,5685.1452373943,"moving",29,-14.69295,145.44156,"run_day_11652_liz21_del_07_29.json","07",11652
145.441479,-14.693407,481,3.55,2021-11-26 07:48:00,0.0571429796699063,6354.00943264675,"moving",29,-14.69295,145.44156,"run_day_11652_liz21_del_07_29.json","07",11652
145.44161,-14.693931,481,3.55,2021-11-26 08:00:00,0.0599456047741882,6665.64712552957,"moving",29,-14.69295,145.44156,"run_day_11652_liz21_del_07_29.json","07",11652
145.441773,-14.694452,481,3.55,2021-11-26 08:12:00,0.0605272770827803,6730.32613521464,"moving",29,-14.69295,145.44156,"run_day_11652_liz21_del_07_29.json","07",11652
145.441511,-14.69351,482,3.55,2021-11-26 07:29:00,0.0574629239356238,6389.58561180355,"moving",29,-14.69295,145.44156,"run_day_11652_liz21_del_07_29.json","07",11652
145.441659,-14.694038,482,3.55,2021-11-26 07:41:00,0.0608307090092802,6764.06622602341,"moving",29,-14.69295,145.44156,"run_day_11652_liz21_del_07_29.json","07",11652
145.441832,-14.694563,482,3.55,2021-11-26 07:53:00,0.0612711531467622,6813.04137958175,"moving",29,-14.69295,145.44156,"run_day_11652_liz21_del_07_29.json","07",11652
145.441524,-14.693373,483,3.55,2021-11-26 07:51:00,0.0557032567796006,6193.91955147071,"moving",29,-14.69295,145.44156,"run_day_11652_liz21_del_07_29.json","07",11652
145.441644,-14.693887,483,3.55,2021-11-26 08:03:00,0.0585934515316417,6515.2945449124,"moving",29,-14.69295,145.44156,"run_day_11652_liz21_del_07_29.json","07",11652
145.441794,-14.694393,483,3.55,2021-11-26 08:15:00,0.0585320931233336,6508.47180120156,"moving",29,-14.69295,145.44156,"run_day_11652_liz21_del_07_29.json","07",11652
145.441733,-14.693272,484,3.55,2021-11-26 07:13:00,0.0504092192614289,5605.24943798406,"moving",29,-14.69295,145.44156,"run_day_11652_liz21_del_07_29.json","07",11652
145.441819,-14.693696,484,3.55,2021-11-26 07:25:00,0.0480454944411153,5342.41522998137,"moving",29,-14.69295,145.44156,"run_day_11652_liz21_del_07_29.json","07",11652
145.441937,-14.69411,484,3.55,2021-11-26 07:37:00,0.0477522489455751,5309.80781861593,"moving",29,-14.69295,145.44156,"run_day_11652_liz21_del_07_29.json","07",11652
145.442061,-14.694538,484,3.55,2021-11-26 07:49:00,0.0494249427983181,5495.8028888705,"moving",29,-14.69295,145.44156,"run_day_11652_liz21_del_07_29.json","07",11652
145.441712,-14.693406,485,3.55,2021-11-26 07:16:00,0.0526239015709318,5851.51087493024,"moving",29,-14.69295,145.44156,"run_day_11652_liz21_del_07_29.json","07",11652
145.441819,-14.693862,485,3.55,2021-11-26 07:28:00,0.0519945845453795,5781.53401443778,"moving",29,-14.69295,145.44156,"run_day_11652_liz21_del_07_29.json","07",11652
145.441949,-14.694306,485,3.55,2021-11-26 07:40:00,0.0513124062160984,5705.67924515486,"moving",29,-14.69295,145.44156,"run_day_11652_liz21_del_07_29.json","07",11652
145.44168,-14.69322,486,3.55,2021-11-26 07:27:00,0.0499833133011885,5557.89085597765,"moving",29,-14.69295,145.44156,"run_day_11652_liz21_del_07_29.json","07",11652
145.441769,-14.693683,486,3.55,2021-11-26 07:39:00,0.0523656550785087,5822.79517514904,"moving",29,-14.69295,145.44156,"run_day_11652_liz21_del_07_29.json","07",11652
145.441888,-14.694123,486,3.55,2021-11-26 07:51:00,0.0505722874487314,5623.38179310923,"moving",29,-14.69295,145.44156,"run_day_11652_liz21_del_07_29.json","07",11652
145.442021,-14.694557,486,3.55,2021-11-26 08:03:00,0.050334199592473,5596.90763139761,"moving",29,-14.69295,145.44156,"run_day_11652_liz21_del_07_29.json","07",11652
145.441673,-14.69325,487,3.55,2021-11-26 07:29:00,0.0504614880413676,5611.06146113515,"moving",29,-14.69295,145.44156,"run_day_11652_liz21_del_07_29.json","07",11652
145.441766,-14.69372,487,3.55,2021-11-26 07:41:00,0.0532102925043615,5916.71457175799,"moving",29,-14.69295,145.44156,"run_day_11652_liz21_del_07_29.json","07",11652
145.441888,-14.694166,487,3.55,2021-11-26 07:53:00,0.0512996014075956,5704.25541541269,"moving",29,-14.69295,145.44156,"run_day_11652_liz21_del_07_29.json","07",11652
145.442026,-14.694605,487,3.55,2021-11-26 08:05:00,0.0510213427228104,5673.3144613698,"moving",29,-14.69295,145.44156,"run_day_11652_liz21_del_07_29.json","07",11652
145.441674,-14.693231,488,3.55,2021-11-26 07:31:00,0.0501133041548561,5572.34517941569,"moving",29,-14.69295,145.44156,"run_day_11652_liz21_del_07_29.json","07",11652
145.441764,-14.693701,488,3.55,2021-11-26 07:43:00,0.0531505781674944,5910.07464045043,"moving",29,-14.69295,145.44156,"run_day_11652_liz21_del_07_29.json","07",11652
145.441884,-14.694145,488,3.55,2021-11-26 07:55:00,0.0510298086625417,5674.25583091719,"moving",29,-14.69295,145.44156,"run_day_11652_liz21_del_07_29.json","07",11652
145.442019,-14.69458,488,3.55,2021-11-26 08:07:00,0.0505022478109292,5615.59374072161,"moving",29,-14.69295,145.44156,"run_day_11652_liz21_del_07_29.json","07",11652
145.441766,-14.693222,489,3.55,2021-11-26 07:16:00,0.0473210607569454,5261.86187961125,"moving",29,-14.69295,145.44156,"run_day_11652_liz21_del_07_29.json","07",11652
145.441839,-14.693607,489,3.55,2021-11-26 07:28:00,0.0435241359941179,4839.66310913374,"moving",29,-14.69295,145.44156,"run_day_11652_liz21_del_07_29.json","07",11652
145.441942,-14.69399,489,3.55,2021-11-26 07:40:00,0.0440050205969666,4893.135037272,"moving",29,-14.69295,145.44156,"run_day_11652_liz21_del_07_29.json","07",11652
145.442053,-14.694388,489,3.55,2021-11-26 07:52:00,0.0458377029547396,5096.92001760734,"moving",29,-14.69295,145.44156,"run_day_11652_liz21_del_07_29.json","07",11652
145.441682,-14.693224,490,3.55,2021-11-26 07:56:00,0.0499717058517151,5556.60016648493,"moving",29,-14.69295,145.44156,"run_day_11652_liz21_del_07_29.json","07",11652
145.441762,-14.693684,490,3.55,2021-11-26 08:08:00,0.0518683801761154,5767.50072885524,"moving",29,-14.69295,145.44156,"run_day_11652_liz21_del_07_29.json","07",11652
145.441866,-14.694108,490,3.55,2021-11-26 08:20:00,0.0484554893443453,5388.00458317067,"moving",29,-14.69295,145.44156,"run_day_11652_liz21_del_07_29.json","07",11652
145.441992,-14.69452,490,3.55,2021-11-26 08:32:00,0.0477748156074881,5312.31711693196,"moving",29,-14.69295,145.44156,"run_day_11652_liz21_del_07_29.json","07",11652
145.441568,-14.69356,491,3.55,2021-11-26 07:22:00,0.0571748237687613,6357.55033488299,"moving",29,-14.69295,145.44156,"run_day_11652_liz21_del_07_29.json","07",11652
145.441717,-14.694083,491,3.55,2021-11-26 07:34:00,0.0603227695070052,6707.58593032806,"moving",29,-14.69295,145.44156,"run_day_11652_liz21_del_07_29.json","07",11652
145.441884,-14.694592,491,3.55,2021-11-26 07:46:00,0.0593801203922788,6602.76813116451,"moving",29,-14.69295,145.44156,"run_day_11652_liz21_del_07_29.json","07",11652
145.441594,-14.693468,492,3.55,2021-11-26 07:44:00,0.0550577270172527,6122.13991689955,"moving",29,-14.69295,145.44156,"run_day_11652_liz21_del_07_29.json","07",11652
145.441717,-14.693981,492,3.55,2021-11-26 07:56:00,0.0585570484691425,6511.24670904817,"moving",29,-14.69295,145.44156,"run_day_11652_liz21_del_07_29.json","07",11652
145.441868,-14.694469,492,3.55,2021-11-26 08:08:00,0.0566415540975322,6298.25345290889,"moving",29,-14.69295,145.44156,"run_day_11652_liz21_del_07_29.json","07",11652
145.441534,-14.693512,493,3.55,2021-11-26 07:16:00,0.057950203933553,6443.76867542864,"moving",29,-14.69295,145.44156,"run_day_11652_liz21_del_07_29.json","07",11652
145.441684,-14.694037,493,3.55,2021-11-26 07:28:00,0.060565760116409,6734.60525331604,"moving",29,-14.69295,145.44156,"run_day_11652_liz21_del_07_29.json","07",11652
145.441854,-14.694556,493,3.55,2021-11-26 07:40:00,0.0605375911233244,6731.47300419634,"moving",29,-14.69295,145.44156,"run_day_11652_liz21_del_07_29.json","07",11652
145.441694,-14.69327,494,3.55,2021-11-26 08:03:00,0.0501521689171541,5576.66674380847,"moving",29,-14.69295,145.44156,"run_day_11652_liz21_del_07_29.json","07",11652
145.441773,-14.693719,494,3.55,2021-11-26 08:15:00,0.0506444334425925,5631.40406160431,"moving",29,-14.69295,145.44156,"run_day_11652_liz21_del_07_29.json","07",11652
145.441876,-14.694135,494,3.55,2021-11-26 08:27:00,0.0475652341548597,5289.01272268088,"moving",29,-14.69295,145.44156,"run_day_11652_liz21_del_07_29.json","07",11652
145.442002,-14.694542,494,3.55,2021-11-26 08:39:00,0.047241942261958,5253.0643043649,"moving",29,-14.69295,145.44156,"run_day_11652_liz21_del_07_29.json","07",11652
145.441641,-14.693272,495,3.55,2021-11-26 07:15:00,0.0526392219452268,5853.21442282614,"moving",29,-14.69295,145.44156,"run_day_11652_liz21_del_07_29.json","07",11652
145.441746,-14.693758,495,3.55,2021-11-26 07:27:00,0.0552082170930288,6138.87364983621,"moving",29,-14.69295,145.44156,"run_day_11652_liz21_del_07_29.json","07",11652
145.441883,-14.694227,495,3.55,2021-11-26 07:39:00,0.0541922563158634,6025.90396574555,"moving",29,-14.69295,145.44156,"run_day_11652_liz21_del_07_29.json","07",11652
145.442032,-14.694686,495,3.55,2021-11-26 07:51:00,0.0534954462143033,5948.4222176174,"moving",29,-14.69295,145.44156,"run_day_11652_liz21_del_07_29.json","07",11652
145.441741,-14.693186,496,3.55,2021-11-26 07:32:00,0.0473210609957566,5261.86190616584,"moving",29,-14.69295,145.44156,"run_day_11652_liz21_del_07_29.json","07",11652
145.441814,-14.693592,496,3.55,2021-11-26 07:44:00,0.0458228546717271,5095.26896386697,"moving",29,-14.69295,145.44156,"run_day_11652_liz21_del_07_29.json","07",11652
145.44191,-14.693984,496,3.55,2021-11-26 07:56:00,0.0447947273073262,4980.94641700115,"moving",29,-14.69295,145.44156,"run_day_11652_liz21_del_07_29.json","07",11652
145.442022,-14.694376,496,3.55,2021-11-26 08:08:00,0.0452224282642991,5028.50459353756,"moving",29,-14.69295,145.44156,"run_day_11652_liz21_del_07_29.json","07",11652
145.441707,-14.693632,497,3.55,2021-11-26 07:14:00,0.0559273401670188,6218.83648729693,"moving",29,-14.69295,145.44156,"run_day_11652_liz21_del_07_29.json","07",11652
145.441845,-14.694112,497,3.55,2021-11-26 07:26:00,0.0553990374448177,6160.09190485567,"moving",29,-14.69295,145.44156,"run_day_11652_liz21_del_07_29.json","07",11652
145.441989,-14.694581,497,3.55,2021-11-26 07:38:00,0.0544017981435307,6049.20395390199,"moving",29,-14.69295,145.44156,"run_day_11652_liz21_del_07_29.json","07",11652
145.441635,-14.693536,498,3.55,2021-11-26 07:38:00,0.0548817313671556,6102.57009349725,"moving",29,-14.69295,145.44156,"run_day_11652_liz21_del_07_29.json","07",11652
145.441764,-14.694044,498,3.55,2021-11-26 07:50:00,0.0581661415641877,6467.77984442688,"moving",29,-14.69295,145.44156,"run_day_11652_liz21_del_07_29.json","07",11652
145.441915,-14.694523,498,3.55,2021-11-26 08:02:00,0.0556835604511976,6191.72941967877,"moving",29,-14.69295,145.44156,"run_day_11652_liz21_del_07_29.json","07",11652
145.441663,-14.693253,499,3.55,2021-11-26 07:34:00,0.0507006898106881,5637.65948432799,"moving",29,-14.69295,145.44156,"run_day_11652_liz21_del_07_29.json","07",11652
145.441756,-14.69373,499,3.55,2021-11-26 07:46:00,0.0539749779507416,6001.74371387439,"moving",29,-14.69295,145.44156,"run_day_11652_liz21_del_07_29.json","07",11652
145.441879,-14.694181,499,3.55,2021-11-26 07:58:00,0.0518646061678094,5767.08107827849,"moving",29,-14.69295,145.44156,"run_day_11652_liz21_del_07_29.json","07",11652
145.442019,-14.694619,499,3.55,2021-11-26 08:10:00,0.0509780942726915,5668.50545313133,"moving",29,-14.69295,145.44156,"run_day_11652_liz21_del_07_29.json","07",11652
145.44156,-14.693227,500,3.55,2021-11-26 08:04:00,0.0529018173388986,5882.41369836268,"moving",29,-14.69295,145.44156,"run_day_11652_liz21_del_07_29.json","07",11652
145.441658,-14.693714,500,3.55,2021-11-26 08:16:00,0.0551682740228073,6134.43218307298,"moving",29,-14.69295,145.44156,"run_day_11652_liz21_del_07_29.json","07",11652
145.441781,-14.694199,500,3.55,2021-11-26 08:28:00,0.0555285442564379,6174.49240527375,"moving",29,-14.69295,145.44156,"run_day_11652_liz21_del_07_29.json","07",11652
145.441932,-14.694651,500,3.55,2021-11-26 08:40:00,0.0528190955949737,5873.21546011504,"moving",29,-14.69295,145.44156,"run_day_11652_liz21_del_07_29.json","07",11652
145.441621,-14.69322,501,3.55,2021-11-26 08:02:00,0.0513759734075025,5712.74759434004,"moving",29,-14.69295,145.44156,"run_day_11652_liz21_del_07_29.json","07",11652
145.441709,-14.693698,501,3.55,2021-11-26 08:14:00,0.0539873726228999,6003.12193853582,"moving",29,-14.69295,145.44156,"run_day_11652_liz21_del_07_29.json","07",11652
145.441823,-14.694157,501,3.55,2021-11-26 08:26:00,0.0524906982456338,5836.69934094492,"moving",29,-14.69295,145.44156,"run_day_11652_liz21_del_07_29.json","07",11652
145.441962,-14.694589,501,3.55,2021-11-26 08:38:00,0.0503090127962806,5594.10698744259,"moving",29,-14.69295,145.44156,"run_day_11652_liz21_del_07_29.json","07",11652
145.441624,-14.693242,502,3.55,2021-11-26 07:14:00,0.0526617445548625,5855.71882275243,"moving",29,-14.69295,145.44156,"run_day_11652_liz21_del_07_29.json","07",11652
145.441729,-14.69373,502,3.55,2021-11-26 07:26:00,0.0554259230661445,6163.08144954689,"moving",29,-14.69295,145.44156,"run_day_11652_liz21_del_07_29.json","07",11652
145.441867,-14.694205,502,3.55,2021-11-26 07:38:00,0.0548635905567408,6100.5529274139,"moving",29,-14.69295,145.44156,"run_day_11652_liz21_del_07_29.json","07",11652
145.442017,-14.694669,502,3.55,2021-11-26 07:50:00,0.0540581460891881,6010.99158892811,"moving",29,-14.69295,145.44156,"run_day_11652_liz21_del_07_29.json","07",11652
145.441622,-14.69354,503,3.55,2021-11-26 07:43:00,0.0553391271285059,6153.43018162813,"moving",29,-14.69295,145.44156,"run_day_11652_liz21_del_07_29.json","07",11652
145.44175,-14.694051,503,3.55,2021-11-26 07:55:00,0.0584647289909467,6500.98125144232,"moving",29,-14.69295,145.44156,"run_day_11652_liz21_del_07_29.json","07",11652
145.441902,-14.694531,503,3.55,2021-11-26 08:07:00,0.055821336329192,6207.04939832575,"moving",29,-14.69295,145.44156,"run_day_11652_liz21_del_07_29.json","07",11652
145.441747,-14.693471,504,3.55,2021-11-26 08:08:00,0.050008019142529,5560.6380201932,"moving",29,-14.69295,145.44156,"run_day_11652_liz21_del_07_29.json","07",11652
145.441832,-14.693888,504,3.55,2021-11-26 08:20:00,0.0472610031030365,5255.18377319041,"moving",29,-14.69295,145.44156,"run_day_11652_liz21_del_07_29.json","07",11652
145.441941,-14.694284,504,3.55,2021-11-26 08:32:00,0.0455672071170254,5066.84225277505,"moving",29,-14.69295,145.44156,"run_day_11652_liz21_del_07_29.json","07",11652
145.441562,-14.693395,505,3.55,2021-11-26 08:06:00,0.0547316974907408,6085.8870876151,"moving",29,-14.69295,145.44156,"run_day_11652_liz21_del_07_29.json","07",11652
145.44167,-14.693892,505,3.55,2021-11-26 08:18:00,0.0564715402287962,6279.34877324624,"moving",29,-14.69295,145.44156,"run_day_11652_liz21_del_07_29.json","07",11652
145.441811,-14.694379,505,3.55,2021-11-26 08:30:00,0.0562354860713702,6253.10074852712,"moving",29,-14.69295,145.44156,"run_day_11652_liz21_del_07_29.json","07",11652
145.441578,-14.693217,506,3.55,2021-11-26 07:17:00,0.0531504271287109,5910.05784570397,"moving",29,-14.69295,145.44156,"run_day_11652_liz21_del_07_29.json","07",11652
145.441688,-14.69371,506,3.55,2021-11-26 07:29:00,0.0560813374724908,6235.96020638236,"moving",29,-14.69295,145.44156,"run_day_11652_liz21_del_07_29.json","07",11652
145.441831,-14.694206,506,3.55,2021-11-26 07:41:00,0.0572572126241578,6366.71155761513,"moving",29,-14.69295,145.44156,"run_day_11652_liz21_del_07_29.json","07",11652
145.441988,-14.69468,506,3.55,2021-11-26 07:53:00,0.0553454747571775,6154.13600573263,"moving",29,-14.69295,145.44156,"run_day_11652_liz21_del_07_29.json","07",11652
145.441751,-14.693273,507,3.55,2021-11-26 07:51:00,0.0480510221377875,5343.02988180735,"moving",29,-14.69295,145.44156,"run_day_11652_liz21_del_07_29.json","07",11652
145.441823,-14.69368,507,3.55,2021-11-26 08:03:00,0.0459141445145686,5105.41993124513,"moving",29,-14.69295,145.44156,"run_day_11652_liz21_del_07_29.json","07",11652
145.441917,-14.694064,507,3.55,2021-11-26 08:15:00,0.043879536543734,4879.18184717773,"moving",29,-14.69295,145.44156,"run_day_11652_liz21_del_07_29.json","07",11652
145.442029,-14.694449,507,3.55,2021-11-26 08:27:00,0.0444726705417555,4945.13533857813,"moving",29,-14.69295,145.44156,"run_day_11652_liz21_del_07_29.json","07",11652
145.441507,-14.693386,508,3.55,2021-11-26 07:12:00,0.0573551320783759,6377.59970414398,"moving",29,-14.69295,145.44156,"run_day_11652_liz21_del_07_29.json","07",11652
145.441647,-14.693907,508,3.55,2021-11-26 07:24:00,0.0598575791267944,6655.85912012477,"moving",29,-14.69295,145.44156,"run_day_11652_liz21_del_07_29.json","07",11652
145.441814,-14.69443,508,3.55,2021-11-26 07:36:00,0.0608657438354753,6767.96192095218,"moving",29,-14.69295,145.44156,"run_day_11652_liz21_del_07_29.json","07",11652
145.44163,-14.693571,509,3.55,2021-11-26 07:20:00,0.0561502996110013,6243.62844631529,"moving",29,-14.69295,145.44156,"run_day_11652_liz21_del_07_29.json","07",11652
145.441772,-14.69408,509,3.55,2021-11-26 07:32:00,0.0586227883322588,6518.55664830501,"moving",29,-14.69295,145.44156,"run_day_11652_liz21_del_07_29.json","07",11652
145.441928,-14.69457,509,3.55,2021-11-26 07:44:00,0.0570105956243374,6339.2889984108,"moving",29,-14.69295,145.44156,"run_day_11652_liz21_del_07_29.json","07",11652
145.441683,-14.693327,510,3.55,2021-11-26 08:00:00,0.0513229559487584,5706.85232190411,"moving",29,-14.69295,145.44156,"run_day_11652_liz21_del_07_29.json","07",11652
145.441769,-14.693791,510,3.55,2021-11-26 08:12:00,0.0524170757414932,5828.51289199762,"moving",29,-14.69295,145.44156,"run_day_11652_liz21_del_07_29.json","07",11652
145.441882,-14.69422,510,3.55,2021-11-26 08:24:00,0.0492266383181634,5473.7524367464,"moving",29,-14.69295,145.44156,"run_day_11652_liz21_del_07_29.json","07",11652
145.442016,-14.694636,510,3.55,2021-11-26 08:36:00,0.0484504526738521,5387.44453096465,"moving",29,-14.69295,145.44156,"run_day_11652_liz21_del_07_29.json","07",11652
145.441756,-14.693426,511,3.55,2021-11-26 07:25:00,0.0498048889562259,5538.05097402793,"moving",29,-14.69295,145.44156,"run_day_11652_liz21_del_07_29.json","07",11652
145.441853,-14.693846,511,3.55,2021-11-26 07:37:00,0.047853061701165,5321.01768557859,"moving",29,-14.69295,145.44156,"run_day_11652_liz21_del_07_29.json","07",11652
145.441972,-14.694261,511,3.55,2021-11-26 07:49:00,0.0478880869234504,5324.91231260132,"moving",29,-14.69295,145.44156,"run_day_11652_liz21_del_07_29.json","07",11652
145.441654,-14.693631,512,3.55,2021-11-26 07:32:00,0.0556013082808561,6182.58339563129,"moving",29,-14.69295,145.44156,"run_day_11652_liz21_del_07_29.json","07",11652
145.441794,-14.694137,512,3.55,2021-11-26 07:44:00,0.0582448028932264,6476.52658513909,"moving",29,-14.69295,145.44156,"run_day_11652_liz21_del_07_29.json","07",11652
145.44195,-14.694617,512,3.55,2021-11-26 07:56:00,0.0559488521402483,6221.22850958217,"moving",29,-14.69295,145.44156,"run_day_11652_liz21_del_07_29.json","07",11652
145.441747,-14.693419,513,3.55,2021-11-26 07:23:00,0.0505186164444031,5617.41384972,"moving",29,-14.69295,145.44156,"run_day_11652_liz21_del_07_29.json","07",11652
145.441845,-14.693847,513,3.55,2021-11-26 07:35:00,0.0487447528018169,5420.16921210518,"moving",29,-14.69295,145.44156,"run_day_11652_liz21_del_07_29.json","07",11652
145.441967,-14.694269,513,3.55,2021-11-26 07:47:00,0.0487244864700189,5417.91569882755,"moving",29,-14.69295,145.44156,"run_day_11652_liz21_del_07_29.json","07",11652
145.441603,-14.693263,514,3.55,2021-11-26 07:18:00,0.0530795300301111,5902.17444802585,"moving",29,-14.69295,145.44156,"run_day_11652_liz21_del_07_29.json","07",11652
145.441713,-14.693757,514,3.55,2021-11-26 07:30:00,0.0561900340700583,6248.04671657539,"moving",29,-14.69295,145.44156,"run_day_11652_liz21_del_07_29.json","07",11652
145.441855,-14.694243,514,3.55,2021-11-26 07:42:00,0.0561575788815036,6244.43786426482,"moving",29,-14.69295,145.44156,"run_day_11652_liz21_del_07_29.json","07",11652
145.441532,-14.693473,515,3.55,2021-11-26 07:54:00,0.0567025659137757,6305.03765734054,"moving",29,-14.69295,145.44156,"run_day_11652_liz21_del_07_29.json","07",11652
145.441658,-14.693991,515,3.55,2021-11-26 08:06:00,0.059171850007633,6579.60952102158,"moving",29,-14.69295,145.44156,"run_day_11652_liz21_del_07_29.json","07",11652
145.441816,-14.694493,515,3.55,2021-11-26 08:18:00,0.0583494487202705,6488.16267020092,"moving",29,-14.69295,145.44156,"run_day_11652_liz21_del_07_29.json","07",11652
145.441774,-14.69347,516,3.55,2021-11-26 08:07:00,0.0476342449557509,5296.68637362367,"moving",29,-14.69295,145.44156,"run_day_11652_liz21_del_07_29.json","07",11652
145.441854,-14.693865,516,3.55,2021-11-26 08:19:00,0.0447569223026859,4976.74269228337,"moving",29,-14.69295,145.44156,"run_day_11652_liz21_del_07_29.json","07",11652
145.441956,-14.694245,516,3.55,2021-11-26 08:31:00,0.0436551032889049,4854.22600787042,"moving",29,-14.69295,145.44156,"run_day_11652_liz21_del_07_29.json","07",11652
145.442078,-14.694632,516,3.55,2021-11-26 08:43:00,0.0449886596367518,5002.51070814564,"moving",29,-14.69295,145.44156,"run_day_11652_liz21_del_07_29.json","07",11652
145.441733,-14.693177,517,3.55,2021-11-26 07:19:00,0.0485819109627119,5402.06202575123,"moving",29,-14.69295,145.44156,"run_day_11652_liz21_del_07_29.json","07",11652
145.44181,-14.693587,517,3.55,2021-11-26 07:31:00,0.0463360812919695,5152.33716025686,"moving",29,-14.69295,145.44156,"run_day_11652_liz21_del_07_29.json","07",11652
145.441915,-14.693987,517,3.55,2021-11-26 07:43:00,0.0458893868105939,5102.66700016777,"moving",29,-14.69295,145.44156,"run_day_11652_liz21_del_07_29.json","07",11652
145.44203,-14.694395,517,3.55,2021-11-26 07:55:00,0.0470234995786123,5228.77458621423,"moving",29,-14.69295,145.44156,"run_day_11652_liz21_del_07_29.json","07",11652
145.441725,-14.69332,518,3.55,2021-11-26 07:27:00,0.0501203266628584,5573.12604667786,"moving",29,-14.69295,145.44156,"run_day_11652_liz21_del_07_29.json","07",11652
145.441814,-14.693757,518,3.55,2021-11-26 07:39:00,0.0495261230541804,5507.05361999898,"moving",29,-14.69295,145.44156,"run_day_11652_liz21_del_07_29.json","07",11652
145.441932,-14.694178,518,3.55,2021-11-26 07:51:00,0.0485030574942172,5393.29392010629,"moving",29,-14.69295,145.44156,"run_day_11652_liz21_del_07_29.json","07",11652
145.442063,-14.694603,518,3.55,2021-11-26 08:03:00,0.0493136367639752,5483.42622254663,"moving",29,-14.69295,145.44156,"run_day_11652_liz21_del_07_29.json","07",11652
145.441647,-14.693207,519,3.55,2021-11-26 07:46:00,0.0506586877257033,5632.98906556919,"moving",29,-14.69295,145.44156,"run_day_11652_liz21_del_07_29.json","07",11652
145.441736,-14.693687,519,3.55,2021-11-26 07:58:00,0.0542252166122026,6029.56898347918,"moving",29,-14.69295,145.44156,"run_day_11652_liz21_del_07_29.json","07",11652
145.441851,-14.694139,519,3.55,2021-11-26 08:10:00,0.0517597861006305,5755.42561859766,"moving",29,-14.69295,145.44156,"run_day_11652_liz21_del_07_29.json","07",11652
145.441986,-14.694569,519,3.55,2021-11-26 08:22:00,0.0499700050251298,5556.41104319754,"moving",29,-14.69295,145.44156,"run_day_11652_liz21_del_07_29.json","07",11652
145.441529,-14.693385,520,3.55,2021-11-26 07:55:00,0.0558115824156502,6205.96481262497,"moving",29,-14.69295,145.44156,"run_day_11652_liz21_del_07_29.json","07",11652
145.441646,-14.693896,520,3.55,2021-11-26 08:07:00,0.058197481600373,6471.26469745153,"moving",29,-14.69295,145.44156,"run_day_11652_liz21_del_07_29.json","07",11652
145.441795,-14.694398,520,3.55,2021-11-26 08:19:00,0.0580748994501853,6457.63418425348,"moving",29,-14.69295,145.44156,"run_day_11652_liz21_del_07_29.json","07",11652
145.44167,-14.693456,521,3.55,2021-11-26 07:11:00,0.0546858321155357,6080.78709058364,"moving",29,-14.69295,145.44156,"run_day_11652_liz21_del_07_29.json","07",11652
145.441795,-14.693947,521,3.55,2021-11-26 07:23:00,0.056227779355821,6252.24380085695,"moving",29,-14.69295,145.44156,"run_day_11652_liz21_del_07_29.json","07",11652
145.441936,-14.694416,521,3.55,2021-11-26 07:35:00,0.0543108158733171,6039.08718703963,"moving",29,-14.69295,145.44156,"run_day_11652_liz21_del_07_29.json","07",11652
145.441592,-14.693255,522,3.55,2021-11-26 07:59:00,0.0525948084939271,5848.27587236684,"moving",29,-14.69295,145.44156,"run_day_11652_liz21_del_07_29.json","07",11652
145.441688,-14.693743,522,3.55,2021-11-26 08:11:00,0.0552368077453079,6142.05278531911,"moving",29,-14.69295,145.44156,"run_day_11652_liz21_del_07_29.json","07",11652
145.441812,-14.694219,522,3.55,2021-11-26 08:23:00,0.0545833101132395,6069.38716405886,"moving",29,-14.69295,145.44156,"run_day_11652_liz21_del_07_29.json","07",11652
145.44196,-14.694663,522,3.55,2021-11-26 08:35:00,0.0518734256511164,5768.06176007786,"moving",29,-14.69295,145.44156,"run_day_11652_liz21_del_07_29.json","07",11652
145.441566,-14.693407,523,3.55,2021-11-26 07:35:00,0.0548964268831026,6104.20416031497,"moving",29,-14.69295,145.44156,"run_day_11652_liz21_del_07_29.json","07",11652
145.441691,-14.69392,523,3.55,2021-11-26 07:47:00,0.0586060248708006,6516.69263643786,"moving",29,-14.69295,145.44156,"run_day_11652_liz21_del_07_29.json","07",11652
145.441845,-14.694425,523,3.55,2021-11-26 07:59:00,0.0585454791774506,6509.96026250717,"moving",29,-14.69295,145.44156,"run_day_11652_liz21_del_07_29.json","07",11652
145.441511,-14.69331,524,3.55,2021-11-26 07:27:00,0.0550147285206049,6117.35870221897,"moving",29,-14.69295,145.44156,"run_day_11652_liz21_del_07_29.json","07",11652
145.441637,-14.693822,524,3.55,2021-11-26 07:39:00,0.0585226167051139,6507.41807157276,"moving",29,-14.69295,145.44156,"run_day_11652_liz21_del_07_29.json","07",11652
145.441795,-14.694344,524,3.55,2021-11-26 07:51:00,0.0604804074907033,6725.11447436177,"moving",29,-14.69295,145.44156,"run_day_11652_liz21_del_07_29.json","07",11652
145.441578,-14.69344,525,3.55,2021-11-26 07:57:00,0.0551664241862468,6134.22649063233,"moving",29,-14.69295,145.44156,"run_day_11652_liz21_del_07_29.json","07",11652
145.441693,-14.693946,525,3.55,2021-11-26 08:09:00,0.0576082141597267,6405.74114761483,"moving",29,-14.69295,145.44156,"run_day_11652_liz21_del_07_29.json","07",11652
145.441839,-14.694431,525,3.55,2021-11-26 08:21:00,0.0561693396588388,6245.74560303788,"moving",29,-14.69295,145.44156,"run_day_11652_liz21_del_07_29.json","07",11652
145.441588,-14.69367,526,3.55,2021-11-26 07:51:00,0.0576547887302803,6410.92000357105,"moving",29,-14.69295,145.44156,"run_day_11652_liz21_del_07_29.json","07",11652
145.441731,-14.694193,526,3.55,2021-11-26 08:03:00,0.0601545323563024,6688.87881269678,"moving",29,-14.69295,145.44156,"run_day_11652_liz21_del_07_29.json","07",11652
145.441898,-14.694682,526,3.55,2021-11-26 08:15:00,0.0572643583810661,6367.50612953036,"moving",29,-14.69295,145.44156,"run_day_11652_liz21_del_07_29.json","07",11652
145.441561,-14.69356,527,3.55,2021-11-26 07:13:00,0.0581981547573987,6471.33954909763,"moving",29,-14.69295,145.44156,"run_day_11652_liz21_del_07_29.json","07",11652
145.441715,-14.694086,527,3.55,2021-11-26 07:25:00,0.060788763128023,6759.40205683397,"moving",29,-14.69295,145.44156,"run_day_11652_liz21_del_07_29.json","07",11652
145.441883,-14.694597,527,3.55,2021-11-26 07:37:00,0.0596246375930537,6629.957203368,"moving",29,-14.69295,145.44156,"run_day_11652_liz21_del_07_29.json","07",11652
145.441485,-14.693521,528,3.55,2021-11-26 07:38:00,0.0580547179245,6455.39010098533,"moving",29,-14.69295,145.44156,"run_day_11652_liz21_del_07_29.json","07",11652
145.441632,-14.694055,528,3.55,2021-11-26 07:50:00,0.0614471132460824,6832.60724991803,"moving",29,-14.69295,145.44156,"run_day_11652_liz21_del_07_29.json","07",11652
145.441809,-14.694584,528,3.55,2021-11-26 08:02:00,0.0618261944306334,6874.7591544265,"moving",29,-14.69295,145.44156,"run_day_11652_liz21_del_07_29.json","07",11652
145.441712,-14.693641,529,3.55,2021-11-26 08:09:00,0.0537309909416405,5974.61359629517,"moving",29,-14.69295,145.44156,"run_day_11652_liz21_del_07_29.json","07",11652
145.441821,-14.694097,529,3.55,2021-11-26 08:21:00,0.0520426195742656,5786.87526595114,"moving",29,-14.69295,145.44156,"run_day_11652_liz21_del_07_29.json","07",11652
145.441954,-14.694526,529,3.55,2021-11-26 08:33:00,0.0498014025602621,5537.66330448448,"moving",29,-14.69295,145.44156,"run_day_11652_liz21_del_07_29.json","07",11652
145.441712,-14.693484,530,3.55,2021-11-26 07:31:00,0.0524749818111893,5834.95175316974,"moving",29,-14.69295,145.44156,"run_day_11652_liz21_del_07_29.json","07",11652
145.441824,-14.693947,530,3.55,2021-11-26 07:43:00,0.0528738515486751,5879.30404437022,"moving",29,-14.69295,145.44156,"run_day_11652_liz21_del_07_29.json","07",11652
145.441955,-14.694391,530,3.55,2021-11-26 07:55:00,0.0513418184736459,5708.9497389753,"moving",29,-14.69295,145.44156,"run_day_11652_liz21_del_07_29.json","07",11652
145.441744,-14.693438,531,3.55,2021-11-26 07:45:00,0.0505348200402413,5619.21560737061,"moving",29,-14.69295,145.44156,"run_day_11652_liz21_del_07_29.json","07",11652
145.441836,-14.693869,531,3.55,2021-11-26 07:57:00,0.0489359305156408,5441.42720396991,"moving",29,-14.69295,145.44156,"run_day_11652_liz21_del_07_29.json","07",11652
145.441951,-14.69428,531,3.55,2021-11-26 08:09:00,0.0473454199437257,5264.57049759841,"moving",29,-14.69295,145.44156,"run_day_11652_liz21_del_07_29.json","07",11652
145.441655,-14.693523,532,3.55,2021-11-26 07:50:00,0.0543631852527361,6044.91039634255,"moving",29,-14.69295,145.44156,"run_day_11652_liz21_del_07_29.json","07",11652
145.441772,-14.694019,532,3.55,2021-11-26 08:02:00,0.0565701665813054,6290.31552327872,"moving",29,-14.69295,145.44156,"run_day_11652_liz21_del_07_29.json","07",11652
145.441912,-14.694478,532,3.55,2021-11-26 08:14:00,0.0532134658703515,5917.06743395647,"moving",29,-14.69295,145.44156,"run_day_11652_liz21_del_07_29.json","07",11652
145.441555,-14.693422,533,3.55,2021-11-26 07:40:00,0.055462343263763,6167.13119074946,"moving",29,-14.69295,145.44156,"run_day_11652_liz21_del_07_29.json","07",11652
145.44168,-14.693938,533,3.55,2021-11-26 07:52:00,0.0589307623750391,6552.80179940039,"moving",29,-14.69295,145.44156,"run_day_11652_liz21_del_07_29.json","07",11652
145.441836,-14.694445,533,3.55,2021-11-26 08:04:00,0.0588198187406664,6540.46543011464,"moving",29,-14.69295,145.44156,"run_day_11652_liz21_del_07_29.json","07",11652
145.441512,-14.693529,534,3.55,2021-11-26 08:09:00,0.0571601351533853,6355.91703537374,"moving",29,-14.69295,145.44156,"run_day_11652_liz21_del_07_29.json","07",11652
145.441638,-14.694041,534,3.55,2021-11-26 08:21:00,0.0585226135602113,6507.41772187555,"moving",29,-14.69295,145.44156,"run_day_11652_liz21_del_07_29.json","07",11652
145.4418,-14.694542,534,3.55,2021-11-26 08:33:00,0.05837006611,6490.4552193395,"moving",29,-14.69295,145.44156,"run_day_11652_liz21_del_07_29.json","07",11652
145.441737,-14.693308,535,3.55,2021-11-26 07:50:00,0.0493111065794726,5483.14487886647,"moving",29,-14.69295,145.44156,"run_day_11652_liz21_del_07_29.json","07",11652
145.441815,-14.693732,535,3.55,2021-11-26 08:02:00,0.0478872761155389,5324.82215487508,"moving",29,-14.69295,145.44156,"run_day_11652_liz21_del_07_29.json","07",11652
145.441916,-14.694129,535,3.55,2021-11-26 08:14:00,0.0454614112379094,5055.07828775745,"moving",29,-14.69295,145.44156,"run_day_11652_liz21_del_07_29.json","07",11652
145.442036,-14.694526,535,3.55,2021-11-26 08:26:00,0.0459925712084008,5114.14058171277,"moving",29,-14.69295,145.44156,"run_day_11652_liz21_del_07_29.json","07",11652
145.44159,-14.693163,536,3.55,2021-11-26 07:53:00,0.0514623707132809,5722.35453641836,"moving",29,-14.69295,145.44156,"run_day_11652_liz21_del_07_29.json","07",11652
145.441683,-14.693648,536,3.55,2021-11-26 08:05:00,0.0548493761726843,6098.97236002144,"moving",29,-14.69295,145.44156,"run_day_11652_liz21_del_07_29.json","07",11652
145.4418,-14.694126,536,3.55,2021-11-26 08:17:00,0.0546206230829445,6073.53617698811,"moving",29,-14.69295,145.44156,"run_day_11652_liz21_del_07_29.json","07",11652
145.441942,-14.69457,536,3.55,2021-11-26 08:29:00,0.0516790374066994,5746.44677349935,"moving",29,-14.69295,145.44156,"run_day_11652_liz21_del_07_29.json","07",11652
145.441571,-14.693443,537,3.55,2021-11-26 07:21:00,0.0558604793003325,6211.40189813036,"moving",29,-14.69295,145.44156,"run_day_11652_liz21_del_07_29.json","07",11652
145.441706,-14.693957,537,3.55,2021-11-26 07:33:00,0.0589698492950075,6557.14806659904,"moving",29,-14.69295,145.44156,"run_day_11652_liz21_del_07_29.json","07",11652
145.441864,-14.694463,537,3.55,2021-11-26 07:45:00,0.0587750895822865,6535.49177462972,"moving",29,-14.69295,145.44156,"run_day_11652_liz21_del_07_29.json","07",11652
145.44175,-14.693501,538,3.55,2021-11-26 08:02:00,0.050701033374371,5637.69768686651,"moving",29,-14.69295,145.44156,"run_day_11652_liz21_del_07_29.json","07",11652
145.44184,-14.693923,538,3.55,2021-11-26 08:14:00,0.0479123509995058,5327.61035475839,"moving",29,-14.69295,145.44156,"run_day_11652_liz21_del_07_29.json","07",11652
145.441952,-14.694324,538,3.55,2021-11-26 08:26:00,0.0461877926057088,5135.84821066588,"moving",29,-14.69295,145.44156,"run_day_11652_liz21_del_07_29.json","07",11652
145.441505,-14.693424,539,3.55,2021-11-26 07:11:00,0.0579205005795275,6440.46581315668,"moving",29,-14.69295,145.44156,"run_day_11652_liz21_del_07_29.json","07",11652
145.441651,-14.693949,539,3.55,2021-11-26 07:23:00,0.0604525768186377,6722.01984482297,"moving",29,-14.69295,145.44156,"run_day_11652_liz21_del_07_29.json","07",11652
145.44182,-14.694473,539,3.55,2021-11-26 07:35:00,0.0610357131563218,6786.86164711553,"moving",29,-14.69295,145.44156,"run_day_11652_liz21_del_07_29.json","07",11652
145.441514,-14.69353,540,3.55,2021-11-26 08:01:00,0.0576418952621797,6409.48631533141,"moving",29,-14.69295,145.44156,"run_day_11652_liz21_del_07_29.json","07",11652
145.441644,-14.694048,540,3.55,2021-11-26 08:13:00,0.0592718666969781,6590.73086945655,"moving",29,-14.69295,145.44156,"run_day_11652_liz21_del_07_29.json","07",11652
145.441808,-14.694552,540,3.55,2021-11-26 08:25:00,0.0587527515260327,6533.00789610319,"moving",29,-14.69295,145.44156,"run_day_11652_liz21_del_07_29.json","07",11652
145.441593,-14.693535,541,3.55,2021-11-26 08:04:00,0.0556436678362294,6187.29356328372,"moving",29,-14.69295,145.44156,"run_day_11652_liz21_del_07_29.json","07",11652
145.441712,-14.694038,541,3.55,2021-11-26 08:16:00,0.0573768927957716,6380.01938551853,"moving",29,-14.69295,145.44156,"run_day_11652_liz21_del_07_29.json","07",11652
145.441862,-14.694514,541,3.55,2021-11-26 08:28:00,0.0553331092414222,6152.76102311529,"moving",29,-14.69295,145.44156,"run_day_11652_liz21_del_07_29.json","07",11652
145.441533,-14.693294,542,3.55,2021-11-26 07:41:00,0.05437947238513,6046.72144283434,"moving",29,-14.69295,145.44156,"run_day_11652_liz21_del_07_29.json","07",11652
145.441649,-14.693803,542,3.55,2021-11-26 07:53:00,0.0579571243887387,6444.53819493537,"moving",29,-14.69295,145.44156,"run_day_11652_liz21_del_07_29.json","07",11652
145.441796,-14.694314,542,3.55,2021-11-26 08:05:00,0.05897941060486,6558.21123574672,"moving",29,-14.69295,145.44156,"run_day_11652_liz21_del_07_29.json","07",11652
145.441508,-14.693568,543,3.55,2021-11-26 07:36:00,0.0581361289599464,6464.44259509985,"moving",29,-14.69295,145.44156,"run_day_11652_liz21_del_07_29.json","07",11652
145.441658,-14.694102,543,3.55,2021-11-26 07:48:00,0.0615309305078074,6841.92730418708,"moving",29,-14.69295,145.44156,"run_day_11652_liz21_del_07_29.json","07",11652
145.441837,-14.694627,543,3.55,2021-11-26 08:00:00,0.061470213662266,6835.17589900102,"moving",29,-14.69295,145.44156,"run_day_11652_liz21_del_07_29.json","07",11652
145.441692,-14.693394,544,3.55,2021-11-26 07:21:00,0.0524666330224898,5834.02341022273,"moving",29,-14.69295,145.44156,"run_day_11652_liz21_del_07_29.json","07",11652
145.4418,-14.693864,544,3.55,2021-11-26 07:33:00,0.0535370438045127,5953.04765860932,"moving",29,-14.69295,145.44156,"run_day_11652_liz21_del_07_29.json","07",11652
145.441932,-14.694316,544,3.55,2021-11-26 07:45:00,0.0522269321169235,5807.36988561166,"moving",29,-14.69295,145.44156,"run_day_11652_liz21_del_07_29.json","07",11652
145.441666,-14.693592,545,3.55,2021-11-26 07:33:00,0.0548378677120004,6097.6926775799,"moving",29,-14.69295,145.44156,"run_day_11652_liz21_del_07_29.json","07",11652
145.441799,-14.69409,545,3.55,2021-11-26 07:45:00,0.0571929982453767,6359.57124447704,"moving",29,-14.69295,145.44156,"run_day_11652_liz21_del_07_29.json","07",11652
145.441949,-14.694562,545,3.55,2021-11-26 07:57:00,0.0549078080894838,6105.46969272366,"moving",29,-14.69295,145.44156,"run_day_11652_liz21_del_07_29.json","07",11652
145.441661,-14.693319,546,3.55,2021-11-26 07:47:00,0.0517705807279547,5756.62592639113,"moving",29,-14.69295,145.44156,"run_day_11652_liz21_del_07_29.json","07",11652
145.441756,-14.693802,546,3.55,2021-11-26 07:59:00,0.0546705267249893,6079.08520880457,"moving",29,-14.69295,145.44156,"run_day_11652_liz21_del_07_29.json","07",11652
145.441878,-14.69425,546,3.55,2021-11-26 08:11:00,0.0515146228086685,5728.164704332,"moving",29,-14.69295,145.44156,"run_day_11652_liz21_del_07_29.json","07",11652
145.44202,-14.69468,546,3.55,2021-11-26 08:23:00,0.050193953214935,5581.31294573511,"moving",29,-14.69295,145.44156,"run_day_11652_liz21_del_07_29.json","07",11652
145.441735,-14.69356,547,3.55,2021-11-26 07:28:00,0.0526936549592397,5859.26709782635,"moving",29,-14.69295,145.44156,"run_day_11652_liz21_del_07_29.json","07",11652
145.441854,-14.694013,547,3.55,2021-11-26 07:40:00,0.0519720475560462,5779.02801556207,"moving",29,-14.69295,145.44156,"run_day_11652_liz21_del_07_29.json","07",11652
145.441985,-14.694457,547,3.55,2021-11-26 07:52:00,0.051341817304726,5708.94960899734,"moving",29,-14.69295,145.44156,"run_day_11652_liz21_del_07_29.json","07",11652
145.441567,-14.693499,548,3.55,2021-11-26 08:06:00,0.055710055710639,6194.67555810878,"moving",29,-14.69295,145.44156,"run_day_11652_liz21_del_07_29.json","07",11652
145.441685,-14.694003,548,3.55,2021-11-26 08:18:00,0.05746143869733,6389.42046084041,"moving",29,-14.69295,145.44156,"run_day_11652_liz21_del_07_29.json","07",11652
145.441836,-14.694488,548,3.55,2021-11-26 08:30:00,0.0563220576258056,6262.72706617207,"moving",29,-14.69295,145.44156,"run_day_11652_liz21_del_07_29.json","07",11652
145.441674,-14.69337,549,3.55,2021-11-26 07:44:00,0.051968522216302,5778.63601566783,"moving",29,-14.69295,145.44156,"run_day_11652_liz21_del_07_29.json","07",11652
145.441773,-14.693851,549,3.55,2021-11-26 07:56:00,0.054534442785466,6063.95336513178,"moving",29,-14.69295,145.44156,"run_day_11652_liz21_del_07_29.json","07",11652
145.441899,-14.694298,549,3.55,2021-11-26 08:08:00,0.0515186028593275,5728.60726577307,"moving",29,-14.69295,145.44156,"run_day_11652_liz21_del_07_29.json","07",11652
145.44167,-14.693357,550,3.55,2021-11-26 07:16:00,0.0529870526081969,5891.89142787983,"moving",29,-14.69295,145.44156,"run_day_11652_liz21_del_07_29.json","07",11652
145.441779,-14.693837,550,3.55,2021-11-26 07:28:00,0.054646010766106,6076.35915855492,"moving",29,-14.69295,145.44156,"run_day_11652_liz21_del_07_29.json","07",11652
145.441915,-14.694297,550,3.55,2021-11-26 07:40:00,0.0532002275729221,5915.59540244491,"moving",29,-14.69295,145.44156,"run_day_11652_liz21_del_07_29.json","07",11652
145.44157,-14.693303,551,3.55,2021-11-26 07:47:00,0.0537541637153464,5977.19029116754,"moving",29,-14.69295,145.44156,"run_day_11652_liz21_del_07_29.json","07",11652
145.441678,-14.693806,551,3.55,2021-11-26 07:59:00,0.0571246079725711,6351.96659310922,"moving",29,-14.69295,145.44156,"run_day_11652_liz21_del_07_29.json","07",11652
145.441817,-14.6943,551,3.55,2021-11-26 08:11:00,0.0569285278858608,6330.16348225101,"moving",29,-14.69295,145.44156,"run_day_11652_liz21_del_07_29.json","07",11652
145.44161,-14.693385,552,3.55,2021-11-26 07:30:00,0.0535138145322367,5950.46468138258,"moving",29,-14.69295,145.44156,"run_day_11652_liz21_del_07_29.json","07",11652
145.441728,-14.693889,552,3.55,2021-11-26 07:42:00,0.0574614401599662,6389.42062347814,"moving",29,-14.69295,145.44156,"run_day_11652_liz21_del_07_29.json","07",11652
145.441874,-14.694376,552,3.55,2021-11-26 07:54:00,0.056382896928857,6269.49208801197,"moving",29,-14.69295,145.44156,"run_day_11652_liz21_del_07_29.json","07",11652
145.441757,-14.693383,553,3.55,2021-11-26 07:36:00,0.0488728695468424,5434.41514417023,"moving",29,-14.69295,145.44156,"run_day_11652_liz21_del_07_29.json","07",11652
145.441843,-14.693797,553,3.55,2021-11-26 07:48:00,0.0469548349047795,5221.13942284432,"moving",29,-14.69295,145.44156,"run_day_11652_liz21_del_07_29.json","07",11652
145.441954,-14.6942,553,3.55,2021-11-26 08:00:00,0.0463747164864587,5156.63319787398,"moving",29,-14.69295,145.44156,"run_day_11652_liz21_del_07_29.json","07",11652
145.442079,-14.694607,553,3.55,2021-11-26 08:12:00,0.0472111983391131,5249.64573611939,"moving",29,-14.69295,145.44156,"run_day_11652_liz21_del_07_29.json","07",11652
145.441526,-14.693487,554,3.55,2021-11-26 07:32:00,0.0567111936234431,6305.99701488412,"moving",29,-14.69295,145.44156,"run_day_11652_liz21_del_07_29.json","07",11652
145.441667,-14.694012,554,3.55,2021-11-26 07:44:00,0.0603151115181326,6706.73440081714,"moving",29,-14.69295,145.44156,"run_day_11652_liz21_del_07_29.json","07",11652
145.441836,-14.694533,554,3.55,2021-11-26 07:56:00,0.0607173449457239,6751.46071729214,"moving",29,-14.69295,145.44156,"run_day_11652_liz21_del_07_29.json","07",11652
145.441504,-14.693489,555,3.55,2021-11-26 07:42:00,0.0573846553343439,6380.88254042565,"moving",29,-14.69295,145.44156,"run_day_11652_liz21_del_07_29.json","07",11652
145.441642,-14.694018,555,3.55,2021-11-26 07:54:00,0.0606659502859887,6745.74589187296,"moving",29,-14.69295,145.44156,"run_day_11652_liz21_del_07_29.json","07",11652
145.441813,-14.694539,555,3.55,2021-11-26 08:06:00,0.0607820919620464,6758.66025702257,"moving",29,-14.69295,145.44156,"run_day_11652_liz21_del_07_29.json","07",11652
145.441537,-14.69334,556,3.55,2021-11-26 07:23:00,0.0551534779137747,6132.78693081447,"moving",29,-14.69295,145.44156,"run_day_11652_liz21_del_07_29.json","07",11652
145.441664,-14.69385,556,3.55,2021-11-26 07:35:00,0.0583313884114125,6486.15445548228,"moving",29,-14.69295,145.44156,"run_day_11652_liz21_del_07_29.json","07",11652
145.441821,-14.694365,556,3.55,2021-11-26 07:47:00,0.0597032907588278,6638.70303636661,"moving",29,-14.69295,145.44156,"run_day_11652_liz21_del_07_29.json","07",11652
145.44172,-14.693458,557,3.55,2021-11-26 07:26:00,0.0521470303242715,5798.48521163895,"moving",29,-14.69295,145.44156,"run_day_11652_liz21_del_07_29.json","07",11652
145.441829,-14.693913,557,3.55,2021-11-26 07:38:00,0.0519342911288853,5774.82969241355,"moving",29,-14.69295,145.44156,"run_day_11652_liz21_del_07_29.json","07",11652
145.441957,-14.694353,557,3.55,2021-11-26 07:50:00,0.0508259112979203,5651.58347841509,"moving",29,-14.69295,145.44156,"run_day_11652_liz21_del_07_29.json","07",11652
145.441626,-14.693323,558,3.55,2021-11-26 08:05:00,0.0523784037010292,5824.21275729502,"moving",29,-14.69295,145.44156,"run_day_11652_liz21_del_07_29.json","07",11652
145.44172,-14.693806,558,3.55,2021-11-26 08:17:00,0.0546505259093851,6076.86121958063,"moving",29,-14.69295,145.44156,"run_day_11652_liz21_del_07_29.json","07",11652
145.441842,-14.694263,558,3.55,2021-11-26 08:29:00,0.0524829845625817,5835.84161852378,"moving",29,-14.69295,145.44156,"run_day_11652_liz21_del_07_29.json","07",11652
145.441988,-14.694697,558,3.55,2021-11-26 08:41:00,0.0507492968828152,5643.06434414757,"moving",29,-14.69295,145.44156,"run_day_11652_liz21_del_07_29.json","07",11652
145.441762,-14.693281,559,3.55,2021-11-26 08:08:00,0.0466638215178431,5188.78021063135,"moving",29,-14.69295,145.44156,"run_day_11652_liz21_del_07_29.json","07",11652
145.441828,-14.693668,559,3.55,2021-11-26 08:20:00,0.0436140391296085,4849.65988168973,"moving",29,-14.69295,145.44156,"run_day_11652_liz21_del_07_29.json","07",11652
145.441914,-14.694037,559,3.55,2021-11-26 08:32:00,0.0420606679950707,4676.93289233302,"moving",29,-14.69295,145.44156,"run_day_11652_liz21_del_07_29.json","07",11652
145.442022,-14.694409,559,3.55,2021-11-26 08:44:00,0.0429646457038062,4777.45062734418,"moving",29,-14.69295,145.44156,"run_day_11652_liz21_del_07_29.json","07",11652
145.441678,-14.693446,560,3.55,2021-11-26 07:59:00,0.0527836109472771,5869.2697473174,"moving",29,-14.69295,145.44156,"run_day_11652_liz21_del_07_29.json","07",11652
145.441777,-14.693921,560,3.55,2021-11-26 08:11:00,0.0538802717343715,5991.21286309233,"moving",29,-14.69295,145.44156,"run_day_11652_liz21_del_07_29.json","07",11652
145.441903,-14.694359,560,3.55,2021-11-26 08:23:00,0.0505537791632849,5621.32376566669,"moving",29,-14.69295,145.44156,"run_day_11652_liz21_del_07_29.json","07",11652
145.44168,-14.693682,561,3.55,2021-11-26 07:30:00,0.055818809300029,6206.76840550334,"moving",29,-14.69295,145.44156,"run_day_11652_liz21_del_07_29.json","07",11652
145.441821,-14.694179,561,3.55,2021-11-26 07:42:00,0.0573070253329668,6372.25047811712,"moving",29,-14.69295,145.44156,"run_day_11652_liz21_del_07_29.json","07",11652
145.441977,-14.694653,561,3.55,2021-11-26 07:54:00,0.0553127529153676,6150.4975029329,"moving",29,-14.69295,145.44156,"run_day_11652_liz21_del_07_29.json","07",11652
145.441713,-14.69358,562,3.55,2021-11-26 07:45:00,0.0538067272669678,5983.03509143426,"moving",29,-14.69295,145.44156,"run_day_11652_liz21_del_07_29.json","07",11652
145.441829,-14.694048,562,3.55,2021-11-26 07:57:00,0.0535140229739215,5950.48785904044,"moving",29,-14.69295,145.44156,"run_day_11652_liz21_del_07_29.json","07",11652
145.441964,-14.694491,562,3.55,2021-11-26 08:09:00,0.0513548842750234,5710.40258980103,"moving",29,-14.69295,145.44156,"run_day_11652_liz21_del_07_29.json","07",11652
145.441674,-14.693483,563,3.55,2021-11-26 07:22:00,0.053901635764216,5993.58843482372,"moving",29,-14.69295,145.44156,"run_day_11652_liz21_del_07_29.json","07",11652
145.441797,-14.69397,563,3.55,2021-11-26 07:34:00,0.0557445586375155,6198.51210853184,"moving",29,-14.69295,145.44156,"run_day_11652_liz21_del_07_29.json","07",11652
145.441938,-14.694438,563,3.55,2021-11-26 07:46:00,0.054204052554853,6027.21564767468,"moving",29,-14.69295,145.44156,"run_day_11652_liz21_del_07_29.json","07",11652
145.441514,-14.693283,564,3.55,2021-11-26 08:05:00,0.0547639158776076,6089.46960877936,"moving",29,-14.69295,145.44156,"run_day_11652_liz21_del_07_29.json","07",11652
145.441622,-14.69378,564,3.55,2021-11-26 08:17:00,0.0564715414538228,6279.34890946299,"moving",29,-14.69295,145.44156,"run_day_11652_liz21_del_07_29.json","07",11652
145.441757,-14.694279,564,3.55,2021-11-26 08:29:00,0.0573547449955861,6377.55666250157,"moving",29,-14.69295,145.44156,"run_day_11652_liz21_del_07_29.json","07",11652
145.441613,-14.693221,565,3.55,2021-11-26 07:18:00,0.0522270023963436,5807.37770032662,"moving",29,-14.69295,145.44156,"run_day_11652_liz21_del_07_29.json","07",11652
145.441717,-14.693708,565,3.55,2021-11-26 07:30:00,0.0552952066996522,6148.54645276354,"moving",29,-14.69295,145.44156,"run_day_11652_liz21_del_07_29.json","07",11652
145.441854,-14.694188,565,3.55,2021-11-26 07:42:00,0.0553703149983337,6156.89811452583,"moving",29,-14.69295,145.44156,"run_day_11652_liz21_del_07_29.json","07",11652
145.442004,-14.694651,565,3.55,2021-11-26 07:54:00,0.0539520294646083,5999.19195864219,"moving",29,-14.69295,145.44156,"run_day_11652_liz21_del_07_29.json","07",11652
145.441534,-14.693596,566,3.55,2021-11-26 07:50:00,0.0579073307077667,6439.00139023233,"moving",29,-14.69295,145.44156,"run_day_11652_liz21_del_07_29.json","07",11652
145.441675,-14.694125,566,3.55,2021-11-26 08:02:00,0.0607457025805808,6754.61394241987,"moving",29,-14.69295,145.44156,"run_day_11652_liz21_del_07_29.json","07",11652
145.441847,-14.694631,566,3.55,2021-11-26 08:14:00,0.0592280191119542,6585.85524045627,"moving",29,-14.69295,145.44156,"run_day_11652_liz21_del_07_29.json","07",11652
145.441718,-14.693373,567,3.55,2021-11-26 07:50:00,0.0511562892272564,5688.31982803261,"moving",29,-14.69295,145.44156,"run_day_11652_liz21_del_07_29.json","07",11652
145.441806,-14.69382,567,3.55,2021-11-26 08:02:00,0.0505973285032213,5626.16623132633,"moving",29,-14.69295,145.44156,"run_day_11652_liz21_del_07_29.json","07",11652
145.441919,-14.694236,567,3.55,2021-11-26 08:14:00,0.0478271881415008,5318.14067700969,"moving",29,-14.69295,145.44156,"run_day_11652_liz21_del_07_29.json","07",11652
145.442051,-14.694647,567,3.55,2021-11-26 08:26:00,0.0478556720606755,5321.30794431287,"moving",29,-14.69295,145.44156,"run_day_11652_liz21_del_07_29.json","07",11652
145.441714,-14.693337,568,3.55,2021-11-26 07:38:00,0.0506280231499468,5629.57932031736,"moving",29,-14.69295,145.44156,"run_day_11652_liz21_del_07_29.json","07",11652
145.441804,-14.693785,568,3.55,2021-11-26 07:50:00,0.0507471599080585,5642.82672339626,"moving",29,-14.69295,145.44156,"run_day_11652_liz21_del_07_29.json","07",11652
145.44192,-14.694209,568,3.55,2021-11-26 08:02:00,0.0487696205444329,5422.93437892118,"moving",29,-14.69295,145.44156,"run_day_11652_liz21_del_07_29.json","07",11652
145.442052,-14.694628,568,3.55,2021-11-26 08:14:00,0.0487058971847938,5415.84866462057,"moving",29,-14.69295,145.44156,"run_day_11652_liz21_del_07_29.json","07",11652
145.441625,-14.693273,569,3.55,2021-11-26 08:02:00,0.051942242471739,5775.7138413989,"moving",29,-14.69295,145.44156,"run_day_11652_liz21_del_07_29.json","07",11652
145.441716,-14.693755,569,3.55,2021-11-26 08:14:00,0.0544823620290479,6058.16224924228,"moving",29,-14.69295,145.44156,"run_day_11652_liz21_del_07_29.json","07",11652
145.441835,-14.694213,569,3.55,2021-11-26 08:26:00,0.0525110737917632,5838.96499830212,"moving",29,-14.69295,145.44156,"run_day_11652_liz21_del_07_29.json","07",11652
145.441977,-14.694646,569,3.55,2021-11-26 08:38:00,0.0505118225585193,5616.65840407752,"moving",29,-14.69295,145.44156,"run_day_11652_liz21_del_07_29.json","07",11652
145.441645,-14.693339,570,3.55,2021-11-26 07:50:00,0.0524874665776277,5836.33999585804,"moving",29,-14.69295,145.44156,"run_day_11652_liz21_del_07_29.json","07",11652
145.441743,-14.693828,570,3.55,2021-11-26 08:02:00,0.055386582131984,6158.70693725879,"moving",29,-14.69295,145.44156,"run_day_11652_liz21_del_07_29.json","07",11652
145.441869,-14.694284,570,3.55,2021-11-26 08:14:00,0.0524847714386085,5836.0403100725,"moving",29,-14.69295,145.44156,"run_day_11652_liz21_del_07_29.json","07",11652
145.441698,-14.69342,571,3.55,2021-11-26 08:00:00,0.0520697693411336,5789.89418228644,"moving",29,-14.69295,145.44156,"run_day_11652_liz21_del_07_29.json","07",11652
145.44179,-14.69388,571,3.55,2021-11-26 08:12:00,0.0520980493770811,5793.03877880913,"moving",29,-14.69295,145.44156,"run_day_11652_liz21_del_07_29.json","07",11652
145.441908,-14.694306,571,3.55,2021-11-26 08:24:00,0.0490398741975771,5452.98521405798,"moving",29,-14.69295,145.44156,"run_day_11652_liz21_del_07_29.json","07",11652
145.441511,-14.693304,572,3.55,2021-11-26 07:13:00,0.0561456911166785,6243.11600512712,"moving",29,-14.69295,145.44156,"run_day_11652_liz21_del_07_29.json","07",11652
145.441642,-14.693816,572,3.55,2021-11-26 07:25:00,0.0586494893980357,6521.52567135541,"moving",29,-14.69295,145.44156,"run_day_11652_liz21_del_07_29.json","07",11652
145.441803,-14.694337,572,3.55,2021-11-26 07:37:00,0.0604653209387479,6723.43692632377,"moving",29,-14.69295,145.44156,"run_day_11652_liz21_del_07_29.json","07",11652
145.441525,-14.693362,573,3.55,2021-11-26 07:11:00,0.0567933605863048,6315.13356429214,"moving",29,-14.69295,145.44156,"run_day_11652_liz21_del_07_29.json","07",11652
145.44166,-14.69388,573,3.55,2021-11-26 07:23:00,0.0594010366668132,6605.09391477704,"moving",29,-14.69295,145.44156,"run_day_11652_liz21_del_07_29.json","07",11652
145.441823,-14.694398,573,3.55,2021-11-26 07:35:00,0.0602080713778544,6694.83208027088,"moving",29,-14.69295,145.44156,"run_day_11652_liz21_del_07_29.json","07",11652
145.441627,-14.693265,574,3.55,2021-11-26 07:45:00,0.0518760605888303,5768.35475178367,"moving",29,-14.69295,145.44156,"run_day_11652_liz21_del_07_29.json","07",11652
145.441724,-14.693756,574,3.55,2021-11-26 07:57:00,0.0555846353317795,6180.72944828177,"moving",29,-14.69295,145.44156,"run_day_11652_liz21_del_07_29.json","07",11652
145.441849,-14.694222,574,3.55,2021-11-26 08:09:00,0.0535326679495307,5952.56108573559,"moving",29,-14.69295,145.44156,"run_day_11652_liz21_del_07_29.json","07",11652
145.441994,-14.694663,574,3.55,2021-11-26 08:21:00,0.0514573233786261,5721.79329841167,"moving",29,-14.69295,145.44156,"run_day_11652_liz21_del_07_29.json","07",11652
145.441615,-14.693354,575,3.55,2021-11-26 07:25:00,0.05329665030241,5926.31712077718,"moving",29,-14.69295,145.44156,"run_day_11652_liz21_del_07_29.json","07",11652
145.441731,-14.693854,575,3.55,2021-11-26 07:37:00,0.0569802410805385,6335.91372713975,"moving",29,-14.69295,145.44156,"run_day_11652_liz21_del_07_29.json","07",11652
145.441875,-14.694338,575,3.55,2021-11-26 07:49:00,0.0560027144632548,6227.21772663778,"moving",29,-14.69295,145.44156,"run_day_11652_liz21_del_07_29.json","07",11652
145.441751,-14.69319,576,3.55,2021-11-26 07:32:00,0.0468643300143143,5211.07573818807,"moving",29,-14.69295,145.44156,"run_day_11652_liz21_del_07_29.json","07",11652
145.441822,-14.693587,576,3.55,2021-11-26 07:44:00,0.0448000592093202,4981.53929745225,"moving",29,-14.69295,145.44156,"run_day_11652_liz21_del_07_29.json","07",11652
145.441917,-14.693972,576,3.55,2021-11-26 07:56:00,0.0440125944664839,4893.97721313739,"moving",29,-14.69295,145.44156,"run_day_11652_liz21_del_07_29.json","07",11652
145.442026,-14.694359,576,3.55,2021-11-26 08:08:00,0.0446008851906227,4959.39215705368,"moving",29,-14.69295,145.44156,"run_day_11652_liz21_del_07_29.json","07",11652
145.441671,-14.693494,577,3.55,2021-11-26 08:06:00,0.0532404745544705,5920.07066260585,"moving",29,-14.69295,145.44156,"run_day_11652_liz21_del_07_29.json","07",11652
145.441773,-14.693969,577,3.55,2021-11-26 08:18:00,0.0539449684247081,5998.40680682845,"moving",29,-14.69295,145.44156,"run_day_11652_liz21_del_07_29.json","07",11652
145.441903,-14.69441,577,3.55,2021-11-26 08:30:00,0.0509915247397742,5669.99885293339,"moving",29,-14.69295,145.44156,"run_day_11652_liz21_del_07_29.json","07",11652
145.441602,-14.6932,578,3.55,2021-11-26 07:53:00,0.0516582347872221,5744.13362775255,"moving",29,-14.69295,145.44156,"run_day_11652_liz21_del_07_29.json","07",11652
145.441695,-14.693686,578,3.55,2021-11-26 08:05:00,0.0549587097635288,6111.12970063518,"moving",29,-14.69295,145.44156,"run_day_11652_liz21_del_07_29.json","07",11652
145.441814,-14.694159,578,3.55,2021-11-26 08:17:00,0.0541302186957924,6019.00569713256,"moving",29,-14.69295,145.44156,"run_day_11652_liz21_del_07_29.json","07",11652
145.441956,-14.6946,578,3.55,2021-11-26 08:29:00,0.0513604477434859,5711.0212192686,"moving",29,-14.69295,145.44156,"run_day_11652_liz21_del_07_29.json","07",11652
145.441649,-14.693324,579,3.55,2021-11-26 07:28:00,0.0520285877657093,5785.31500002803,"moving",29,-14.69295,145.44156,"run_day_11652_liz21_del_07_29.json","07",11652
145.441754,-14.693812,579,3.55,2021-11-26 07:40:00,0.0554259222017155,6163.08135342678,"moving",29,-14.69295,145.44156,"run_day_11652_liz21_del_07_29.json","07",11652
145.441888,-14.694277,579,3.55,2021-11-26 07:52:00,0.0536768298785349,5968.59116085615,"moving",29,-14.69295,145.44156,"run_day_11652_liz21_del_07_29.json","07",11652
145.441577,-14.693408,580,3.55,2021-11-26 07:43:00,0.0548010897205036,6093.60315151328,"moving",29,-14.69295,145.44156,"run_day_11652_liz21_del_07_29.json","07",11652
145.441696,-14.693919,580,3.55,2021-11-26 07:55:00,0.0582443757629776,6476.47909042241,"moving",29,-14.69295,145.44156,"run_day_11652_liz21_del_07_29.json","07",11652
145.441845,-14.694415,580,3.55,2021-11-26 08:07:00,0.0574339307423212,6386.36171580108,"moving",29,-14.69295,145.44156,"run_day_11652_liz21_del_07_29.json","07",11652
145.441653,-14.693429,581,3.55,2021-11-26 07:34:00,0.053117486457421,5906.39501017627,"moving",29,-14.69295,145.44156,"run_day_11652_liz21_del_07_29.json","07",11652
145.441767,-14.693923,581,3.55,2021-11-26 07:46:00,0.056282194036425,6258.2944372751,"moving",29,-14.69295,145.44156,"run_day_11652_liz21_del_07_29.json","07",11652
145.441907,-14.694391,581,3.55,2021-11-26 07:58:00,0.0541740582970618,6023.88043837984,"moving",29,-14.69295,145.44156,"run_day_11652_liz21_del_07_29.json","07",11652
145.44167,-14.693249,582,3.55,2021-11-26 07:24:00,0.0508097038996925,5649.78129795806,"moving",29,-14.69295,145.44156,"run_day_11652_liz21_del_07_29.json","07",11652
145.441765,-14.69372,582,3.55,2021-11-26 07:36:00,0.0533602841505891,5933.39288185757,"moving",29,-14.69295,145.44156,"run_day_11652_liz21_del_07_29.json","07",11652
145.441891,-14.694169,582,3.55,2021-11-26 07:48:00,0.0517331953944975,5752.46886697977,"moving",29,-14.69295,145.44156,"run_day_11652_liz21_del_07_29.json","07",11652
145.44203,-14.694612,582,3.55,2021-11-26 08:00:00,0.0514781821060208,5724.11268307422,"moving",29,-14.69295,145.44156,"run_day_11652_liz21_del_07_29.json","07",11652
145.441566,-14.693271,583,3.55,2021-11-26 07:29:00,0.0531987256826708,5915.42839986858,"moving",29,-14.69295,145.44156,"run_day_11652_liz21_del_07_29.json","07",11652
145.441679,-14.693772,583,3.55,2021-11-26 07:41:00,0.0570190923003352,6340.2337856751,"moving",29,-14.69295,145.44156,"run_day_11652_liz21_del_07_29.json","07",11652
145.441824,-14.694274,583,3.55,2021-11-26 07:53:00,0.0579576514870966,6444.59680559861,"moving",29,-14.69295,145.44156,"run_day_11652_liz21_del_07_29.json","07",11652
145.441675,-14.693321,584,3.55,2021-11-26 07:49:00,0.0514913451645917,5725.57634840643,"moving",29,-14.69295,145.44156,"run_day_11652_liz21_del_07_29.json","07",11652
145.441767,-14.693797,584,3.55,2021-11-26 08:01:00,0.0538458425754086,5987.38451528701,"moving",29,-14.69295,145.44156,"run_day_11652_liz21_del_07_29.json","07",11652
145.441885,-14.694236,584,3.55,2021-11-26 08:13:00,0.0504375461270634,5608.39924173036,"moving",29,-14.69295,145.44156,"run_day_11652_liz21_del_07_29.json","07",11652
145.442024,-14.694661,584,3.55,2021-11-26 08:25:00,0.0495663505626456,5511.52671485186,"moving",29,-14.69295,145.44156,"run_day_11652_liz21_del_07_29.json","07",11652
145.441639,-14.693418,585,3.55,2021-11-26 07:58:00,0.0534900870390397,5947.82630451709,"moving",29,-14.69295,145.44156,"run_day_11652_liz21_del_07_29.json","07",11652
145.441742,-14.69391,585,3.55,2021-11-26 08:10:00,0.0558183501930921,6206.71735514117,"moving",29,-14.69295,145.44156,"run_day_11652_liz21_del_07_29.json","07",11652
145.441874,-14.694367,585,3.55,2021-11-26 08:22:00,0.0527621848065663,5866.88726917279,"moving",29,-14.69295,145.44156,"run_day_11652_liz21_del_07_29.json","07",11652
145.44155,-14.693242,586,3.55,2021-11-26 07:19:00,0.0539218806028015,5995.83955816517,"moving",29,-14.69295,145.44156,"run_day_11652_liz21_del_07_29.json","07",11652
145.441666,-14.693741,586,3.55,2021-11-26 07:31:00,0.0568717512169765,6323.85020471929,"moving",29,-14.69295,145.44156,"run_day_11652_liz21_del_07_29.json","07",11652
145.441816,-14.694248,586,3.55,2021-11-26 07:43:00,0.0586389914634946,6520.35835429419,"moving",29,-14.69295,145.44156,"run_day_11652_liz21_del_07_29.json","07",11652
145.441502,-14.693429,587,3.55,2021-11-26 07:24:00,0.056924086958761,6329.66967368791,"moving",29,-14.69295,145.44156,"run_day_11652_liz21_del_07_29.json","07",11652
145.441644,-14.693951,587,3.55,2021-11-26 07:36:00,0.0600195840626903,6673.87324708777,"moving",29,-14.69295,145.44156,"run_day_11652_liz21_del_07_29.json","07",11652
145.441813,-14.694478,587,3.55,2021-11-26 07:48:00,0.0613542414567654,6822.28037811757,"moving",29,-14.69295,145.44156,"run_day_11652_liz21_del_07_29.json","07",11652
145.441587,-14.693459,588,3.55,2021-11-26 07:37:00,0.0550415989655995,6120.34655937905,"moving",29,-14.69295,145.44156,"run_day_11652_liz21_del_07_29.json","07",11652
145.441714,-14.693974,588,3.55,2021-11-26 07:49:00,0.0588720456923625,6546.27280217736,"moving",29,-14.69295,145.44156,"run_day_11652_liz21_del_07_29.json","07",11652
145.441868,-14.69447,588,3.55,2021-11-26 08:01:00,0.0575863084733334,6403.30534642324,"moving",29,-14.69295,145.44156,"run_day_11652_liz21_del_07_29.json","07",11652
145.441707,-14.693676,589,3.55,2021-11-26 07:14:00,0.0565365912798658,6286.58212009808,"moving",29,-14.69295,145.44156,"run_day_11652_liz21_del_07_29.json","07",11652
145.44185,-14.69416,589,3.55,2021-11-26 07:26:00,0.0559730665435352,6223.9210283794,"moving",29,-14.69295,145.44156,"run_day_11652_liz21_del_07_29.json","07",11652
145.441998,-14.694631,589,3.55,2021-11-26 07:38:00,0.0547385852506826,6086.65297157657,"moving",29,-14.69295,145.44156,"run_day_11652_liz21_del_07_29.json","07",11652
145.441659,-14.693365,590,3.55,2021-11-26 07:56:00,0.0523164123595463,5817.31963462624,"moving",29,-14.69295,145.44156,"run_day_11652_liz21_del_07_29.json","07",11652
145.441754,-14.693848,590,3.55,2021-11-26 08:08:00,0.0546705263234988,6079.08516416087,"moving",29,-14.69295,145.44156,"run_day_11652_liz21_del_07_29.json","07",11652
145.441877,-14.694293,590,3.55,2021-11-26 08:20:00,0.0512197876698891,5695.38053270319,"moving",29,-14.69295,145.44156,"run_day_11652_liz21_del_07_29.json","07",11652
145.441664,-14.693565,591,3.55,2021-11-26 07:53:00,0.0546907338391999,6081.33213738692,"moving",29,-14.69295,145.44156,"run_day_11652_liz21_del_07_29.json","07",11652
145.441782,-14.694058,591,3.55,2021-11-26 08:05:00,0.0562691517737294,6256.84420383139,"moving",29,-14.69295,145.44156,"run_day_11652_liz21_del_07_29.json","07",11652
145.441923,-14.694513,591,3.55,2021-11-26 08:17:00,0.0528177978115186,5873.07115317894,"moving",29,-14.69295,145.44156,"run_day_11652_liz21_del_07_29.json","07",11652
145.441516,-14.693521,592,3.55,2021-11-26 07:47:00,0.0576324236763579,6408.43312304074,"moving",29,-14.69295,145.44156,"run_day_11652_liz21_del_07_29.json","07",11652
145.441653,-14.694048,592,3.55,2021-11-26 07:59:00,0.0604240235086777,6718.84486161651,"moving",29,-14.69295,145.44156,"run_day_11652_liz21_del_07_29.json","07",11652
145.441822,-14.694563,592,3.55,2021-11-26 08:11:00,0.0600811061471142,6680.71419075231,"moving",29,-14.69295,145.44156,"run_day_11652_liz21_del_07_29.json","07",11652
145.441518,-14.693534,593,3.55,2021-11-26 07:45:00,0.0575243024692031,6396.41059334245,"moving",29,-14.69295,145.44156,"run_day_11652_liz21_del_07_29.json","07",11652
145.441658,-14.694063,593,3.55,2021-11-26 07:57:00,0.0607189400585146,6751.63808574189,"moving",29,-14.69295,145.44156,"run_day_11652_liz21_del_07_29.json","07",11652
145.441829,-14.694579,593,3.55,2021-11-26 08:09:00,0.0602524158482134,6699.76296039953,"moving",29,-14.69295,145.44156,"run_day_11652_liz21_del_07_29.json","07",11652
145.441532,-14.693346,594,3.55,2021-11-26 07:22:00,0.0554205699624158,6162.48621157047,"moving",29,-14.69295,145.44156,"run_day_11652_liz21_del_07_29.json","07",11652
145.44166,-14.693857,594,3.55,2021-11-26 07:34:00,0.0584647318694836,6500.98157152103,"moving",29,-14.69295,145.44156,"run_day_11652_liz21_del_07_29.json","07",11652
145.441819,-14.694374,594,3.55,2021-11-26 07:46:00,0.0599776150025865,6669.20650052819,"moving",29,-14.69295,145.44156,"run_day_11652_liz21_del_07_29.json","07",11652
145.441679,-14.693492,595,3.55,2021-11-26 08:09:00,0.0527454603474186,5865.0275941647,"moving",29,-14.69295,145.44156,"run_day_11652_liz21_del_07_29.json","07",11652
145.441778,-14.693961,595,3.55,2021-11-26 08:21:00,0.0532264236634172,5918.50827480588,"moving",29,-14.69295,145.44156,"run_day_11652_liz21_del_07_29.json","07",11652
145.441905,-14.694396,595,3.55,2021-11-26 08:33:00,0.05026160845843,5588.83586557266,"moving",29,-14.69295,145.44156,"run_day_11652_liz21_del_07_29.json","07",11652
145.441514,-14.693466,596,3.55,2021-11-26 08:03:00,0.0569434150749501,6331.81886214973,"moving",29,-14.69295,145.44156,"run_day_11652_liz21_del_07_29.json","07",11652
145.441637,-14.693978,596,3.55,2021-11-26 08:15:00,0.0584487340307898,6499.202693021,"moving",29,-14.69295,145.44156,"run_day_11652_liz21_del_07_29.json","07",11652
145.441794,-14.69448,596,3.55,2021-11-26 08:27:00,0.0583182136656972,6484.6894905989,"moving",29,-14.69295,145.44156,"run_day_11652_liz21_del_07_29.json","07",11652
145.441772,-14.6935,597,3.55,2021-11-26 08:06:00,0.0484198284931846,5384.03927744178,"moving",29,-14.69295,145.44156,"run_day_11652_liz21_del_07_29.json","07",11652
145.441855,-14.6939,597,3.55,2021-11-26 08:18:00,0.0453650455259324,5044.36290948312,"moving",29,-14.69295,145.44156,"run_day_11652_liz21_del_07_29.json","07",11652
145.441961,-14.694285,597,3.55,2021-11-26 08:30:00,0.0443022200729207,4926.18211119951,"moving",29,-14.69295,145.44156,"run_day_11652_liz21_del_07_29.json","07",11652
145.442087,-14.694675,597,3.55,2021-11-26 08:42:00,0.0454343131497613,5052.06511783362,"moving",29,-14.69295,145.44156,"run_day_11652_liz21_del_07_29.json","07",11652
145.441633,-14.693504,598,3.55,2021-11-26 08:04:00,0.0542745920458816,6035.05928120515,"moving",29,-14.69295,145.44156,"run_day_11652_liz21_del_07_29.json","07",11652
145.441743,-14.693997,598,3.55,2021-11-26 08:16:00,0.0560813341938749,6235.9598418169,"moving",29,-14.69295,145.44156,"run_day_11652_liz21_del_07_29.json","07",11652
145.441882,-14.694456,598,3.55,2021-11-26 08:28:00,0.0531831299863111,5913.6942375559,"moving",29,-14.69295,145.44156,"run_day_11652_liz21_del_07_29.json","07",11652
145.441624,-14.693292,599,3.55,2021-11-26 07:42:00,0.0522462903504449,5809.52242296804,"moving",29,-14.69295,145.44156,"run_day_11652_liz21_del_07_29.json","07",11652
145.441725,-14.693786,599,3.55,2021-11-26 07:54:00,0.0559942024047507,6226.27122891683,"moving",29,-14.69295,145.44156,"run_day_11652_liz21_del_07_29.json","07",11652
145.441855,-14.694257,599,3.55,2021-11-26 08:06:00,0.0542072270501832,6027.56863545006,"moving",29,-14.69295,145.44156,"run_day_11652_liz21_del_07_29.json","07",11652
145.442005,-14.694702,599,3.55,2021-11-26 08:18:00,0.052045547645932,5787.2008526653,"moving",29,-14.69295,145.44156,"run_day_11652_liz21_del_07_29.json","07",11652
145.4415,-14.693316,600,3.55,2021-11-26 07:15:00,0.0564136429095059,6272.91088507484,"moving",29,-14.69295,145.44156,"run_day_11652_liz21_del_07_29.json","07",11652
145.441633,-14.693829,600,3.55,2021-11-26 07:27:00,0.0588093898825834,6539.30579400511,"moving",29,-14.69295,145.44156,"run_day_11652_liz21_del_07_29.json","07",11652
145.441796,-14.694353,600,3.55,2021-11-26 07:39:00,0.060846640589528,6765.8377369204,"moving",29,-14.69295,145.44156,"run_day_11652_liz21_del_07_29.json","07",11652
145.441703,-14.693338,601,3.55,2021-11-26 08:00:00,0.0509185861350228,5661.88845012851,"moving",29,-14.69295,145.44156,"run_day_11652_liz21_del_07_29.json","07",11652
145.441787,-14.693788,601,3.55,2021-11-26 08:12:00,0.0508468553178538,5653.91234717525,"moving",29,-14.69295,145.44156,"run_day_11652_liz21_del_07_29.json","07",11652
145.441896,-14.694204,601,3.55,2021-11-26 08:24:00,0.0477196699471744,5306.18519927861,"moving",29,-14.69295,145.44156,"run_day_11652_liz21_del_07_29.json","07",11652
145.442026,-14.694613,601,3.55,2021-11-26 08:36:00,0.0475796797467334,5290.61899920962,"moving",29,-14.69295,145.44156,"run_day_11652_liz21_del_07_29.json","07",11652
145.44148,-14.693537,602,3.55,2021-11-26 07:57:00,0.0584647366175099,6500.98209947746,"moving",29,-14.69295,145.44156,"run_day_11652_liz21_del_07_29.json","07",11652
145.441618,-14.694065,602,3.55,2021-11-26 08:09:00,0.0605581402524967,6733.75796310727,"moving",29,-14.69295,145.44156,"run_day_11652_liz21_del_07_29.json","07",11652
145.441789,-14.69458,602,3.55,2021-11-26 08:21:00,0.0601465377675533,6687.98985498727,"moving",29,-14.69295,145.44156,"run_day_11652_liz21_del_07_29.json","07",11652
145.441541,-14.693426,603,3.55,2021-11-26 07:21:00,0.0563101900806528,6261.40745535935,"moving",29,-14.69295,145.44156,"run_day_11652_liz21_del_07_29.json","07",11652
145.441678,-14.693942,603,3.55,2021-11-26 07:33:00,0.0592385606547883,6587.02740653843,"moving",29,-14.69295,145.44156,"run_day_11652_liz21_del_07_29.json","07",11652
145.441841,-14.694458,603,3.55,2021-11-26 07:45:00,0.059995352244117,6671.17879179905,"moving",29,-14.69295,145.44156,"run_day_11652_liz21_del_07_29.json","07",11652
145.441511,-14.693243,604,3.55,2021-11-26 08:07:00,0.0542823753573111,6035.92474594861,"moving",29,-14.69295,145.44156,"run_day_11652_liz21_del_07_29.json","07",11652
145.441617,-14.693737,604,3.55,2021-11-26 08:19:00,0.0561010203981196,6238.1488478538,"moving",29,-14.69295,145.44156,"run_day_11652_liz21_del_07_29.json","07",11652
145.441748,-14.694235,604,3.55,2021-11-26 08:31:00,0.057139570043935,6353.63029953698,"moving",29,-14.69295,145.44156,"run_day_11652_liz21_del_07_29.json","07",11652
145.441908,-14.694702,604,3.55,2021-11-26 08:43:00,0.054705389517915,6082.96177450657,"moving",29,-14.69295,145.44156,"run_day_11652_liz21_del_07_29.json","07",11652
145.441486,-14.693296,605,3.55,2021-11-26 07:21:00,0.0559012435529008,6215.93467620442,"moving",29,-14.69295,145.44156,"run_day_11652_liz21_del_07_29.json","07",11652
145.441617,-14.693809,605,3.55,2021-11-26 07:33:00,0.0587574339107352,6533.5285535267,"moving",29,-14.69295,145.44156,"run_day_11652_liz21_del_07_29.json","07",11652
145.441779,-14.694336,605,3.55,2021-11-26 07:45:00,0.0611354115856941,6797.94760665617,"moving",29,-14.69295,145.44156,"run_day_11652_liz21_del_07_29.json","07",11652
145.441731,-14.693525,606,3.55,2021-11-26 07:58:00,0.0523070498809197,5816.27857450215,"moving",29,-14.69295,145.44156,"run_day_11652_liz21_del_07_29.json","07",11652
145.441829,-14.693966,606,3.55,2021-11-26 08:10:00,0.0501570577357864,5577.21035563767,"moving",29,-14.69295,145.44156,"run_day_11652_liz21_del_07_29.json","07",11652
145.44195,-14.694383,606,3.55,2021-11-26 08:22:00,0.048160106972467,5355.15956199757,"moving",29,-14.69295,145.44156,"run_day_11652_liz21_del_07_29.json","07",11652
145.441732,-14.693411,607,3.55,2021-11-26 07:19:00,0.051670483053181,5745.49557278738,"moving",29,-14.69295,145.44156,"run_day_11652_liz21_del_07_29.json","07",11652
145.441834,-14.69385,607,3.55,2021-11-26 07:31:00,0.0500322337804928,5563.33056508531,"moving",29,-14.69295,145.44156,"run_day_11652_liz21_del_07_29.json","07",11652
145.441959,-14.694282,607,3.55,2021-11-26 07:43:00,0.0498822538105411,5546.65355332838,"moving",29,-14.69295,145.44156,"run_day_11652_liz21_del_07_29.json","07",11652
145.441631,-14.693518,608,3.55,2021-11-26 07:41:00,0.0547289709108038,6085.58390575902,"moving",29,-14.69295,145.44156,"run_day_11652_liz21_del_07_29.json","07",11652
145.441756,-14.694025,608,3.55,2021-11-26 07:53:00,0.0579568493346295,6444.50761031388,"moving",29,-14.69295,145.44156,"run_day_11652_liz21_del_07_29.json","07",11652
145.441906,-14.694503,608,3.55,2021-11-26 08:05:00,0.0555458739571581,6176.4193800741,"moving",29,-14.69295,145.44156,"run_day_11652_liz21_del_07_29.json","07",11652
145.441757,-14.69332,609,3.55,2021-11-26 08:08:00,0.0475590063433671,5288.3202216388,"moving",29,-14.69295,145.44156,"run_day_11652_liz21_del_07_29.json","07",11652
145.441826,-14.693715,609,3.55,2021-11-26 08:20:00,0.0445445944685935,4953.13291434687,"moving",29,-14.69295,145.44156,"run_day_11652_liz21_del_07_29.json","07",11652
145.441918,-14.694091,609,3.55,2021-11-26 08:32:00,0.0429643468065329,4777.41739148381,"moving",29,-14.69295,145.44156,"run_day_11652_liz21_del_07_29.json","07",11652
145.44203,-14.69447,609,3.55,2021-11-26 08:44:00,0.0438308155107872,4873.76431549317,"moving",29,-14.69295,145.44156,"run_day_11652_liz21_del_07_29.json","07",11652
145.441662,-14.693151,610,3.55,2021-11-26 07:57:00,0.0495540533457817,5510.15932672475,"moving",29,-14.69295,145.44156,"run_day_11652_liz21_del_07_29.json","07",11652
145.441742,-14.693614,610,3.55,2021-11-26 08:09:00,0.0521973724400181,5804.08299950652,"moving",29,-14.69295,145.44156,"run_day_11652_liz21_del_07_29.json","07",11652
145.441842,-14.694047,610,3.55,2021-11-26 08:21:00,0.0493341699752393,5485.70941146692,"moving",29,-14.69295,145.44156,"run_day_11652_liz21_del_07_29.json","07",11652
145.441966,-14.69446,610,3.55,2021-11-26 08:33:00,0.0478210130923377,5317.45404287097,"moving",29,-14.69295,145.44156,"run_day_11652_liz21_del_07_29.json","07",11652
145.441563,-14.693498,611,3.55,2021-11-26 07:58:00,0.0561041299749283,6238.49461701894,"moving",29,-14.69295,145.44156,"run_day_11652_liz21_del_07_29.json","07",11652
145.441685,-14.694009,611,3.55,2021-11-26 08:10:00,0.0583161333876211,6484.45817423083,"moving",29,-14.69295,145.44156,"run_day_11652_liz21_del_07_29.json","07",11652
145.441839,-14.694499,611,3.55,2021-11-26 08:22:00,0.0569476564490889,6332.29048143597,"moving",29,-14.69295,145.44156,"run_day_11652_liz21_del_07_29.json","07",11652
145.441693,-14.693278,612,3.55,2021-11-26 07:25:00,0.0505288757385338,5618.55463117829,"moving",29,-14.69295,145.44156,"run_day_11652_liz21_del_07_29.json","07",11652
145.441786,-14.693738,612,3.55,2021-11-26 07:37:00,0.0521185869770403,5795.32245573005,"moving",29,-14.69295,145.44156,"run_day_11652_liz21_del_07_29.json","07",11652
145.441908,-14.694175,612,3.55,2021-11-26 07:49:00,0.0503327914797541,5596.75105640713,"moving",29,-14.69295,145.44156,"run_day_11652_liz21_del_07_29.json","07",11652
145.442044,-14.694611,612,3.55,2021-11-26 08:01:00,0.050639721723517,5630.88014234734,"moving",29,-14.69295,145.44156,"run_day_11652_liz21_del_07_29.json","07",11652
145.441601,-14.693374,613,3.55,2021-11-26 07:33:00,0.0536456007741517,5965.11864288509,"moving",29,-14.69295,145.44156,"run_day_11652_liz21_del_07_29.json","07",11652
145.441718,-14.693879,613,3.55,2021-11-26 07:45:00,0.0575462773843194,6398.85409241682,"moving",29,-14.69295,145.44156,"run_day_11652_liz21_del_07_29.json","07",11652
145.441863,-14.694369,613,3.55,2021-11-26 07:57:00,0.0566736656163204,6301.824090885,"moving",29,-14.69295,145.44156,"run_day_11652_liz21_del_07_29.json","07",11652
145.441463,-14.693381,614,3.55,2021-11-26 07:23:00,0.0572745706981844,6368.6416873832,"moving",29,-14.69295,145.44156,"run_day_11652_liz21_del_07_29.json","07",11652
145.441606,-14.693905,614,3.55,2021-11-26 07:35:00,0.0602620429631337,6700.8334467369,"moving",29,-14.69295,145.44156,"run_day_11652_liz21_del_07_29.json","07",11652
145.441777,-14.69444,614,3.55,2021-11-26 07:47:00,0.0622676241383953,6923.84389839981,"moving",29,-14.69295,145.44156,"run_day_11652_liz21_del_07_29.json","07",11652
145.441652,-14.693646,615,3.55,2021-11-26 07:19:00,0.0566932201668002,6303.99845769116,"moving",29,-14.69295,145.44156,"run_day_11652_liz21_del_07_29.json","07",11652
145.4418,-14.694152,615,3.55,2021-11-26 07:31:00,0.058473169110476,6501.91974991425,"moving",29,-14.69295,145.44156,"run_day_11652_liz21_del_07_29.json","07",11652
145.441957,-14.694638,615,3.55,2021-11-26 07:43:00,0.0566176524794725,6295.59571424207,"moving",29,-14.69295,145.44156,"run_day_11652_liz21_del_07_29.json","07",11652
145.441733,-14.69315,616,3.55,2021-11-26 07:35:00,0.0473023550918506,5259.7819045532,"moving",29,-14.69295,145.44156,"run_day_11652_liz21_del_07_29.json","07",11652
145.441805,-14.69356,616,3.55,2021-11-26 07:47:00,0.0462429849945058,5141.9853242895,"moving",29,-14.69295,145.44156,"run_day_11652_liz21_del_07_29.json","07",11652
145.441898,-14.693953,616,3.55,2021-11-26 07:59:00,0.0448298349569521,4984.85020952597,"moving",29,-14.69295,145.44156,"run_day_11652_liz21_del_07_29.json","07",11652
145.442008,-14.694342,616,3.55,2021-11-26 08:11:00,0.0448437504179207,4986.3975381876,"moving",29,-14.69295,145.44156,"run_day_11652_liz21_del_07_29.json","07",11652
145.441555,-14.693289,617,3.55,2021-11-26 07:48:00,0.053933247237652,5997.10347029357,"moving",29,-14.69295,145.44156,"run_day_11652_liz21_del_07_29.json","07",11652
145.441663,-14.693793,617,3.55,2021-11-26 08:00:00,0.057233484208543,6364.07307818145,"moving",29,-14.69295,145.44156,"run_day_11652_liz21_del_07_29.json","07",11652
145.441802,-14.694291,617,3.55,2021-11-26 08:12:00,0.0573578146256954,6377.8979897964,"moving",29,-14.69295,145.44156,"run_day_11652_liz21_del_07_29.json","07",11652
145.441483,-14.693407,618,3.55,2021-11-26 07:59:00,0.0570667045999439,6345.52803183746,"moving",29,-14.69295,145.44156,"run_day_11652_liz21_del_07_29.json","07",11652
145.441607,-14.693923,618,3.55,2021-11-26 08:11:00,0.0589063166913182,6550.08356339228,"moving",29,-14.69295,145.44156,"run_day_11652_liz21_del_07_29.json","07",11652
145.441764,-14.694434,618,3.55,2021-11-26 08:23:00,0.0592768049647837,6591.27997978294,"moving",29,-14.69295,145.44156,"run_day_11652_liz21_del_07_29.json","07",11652
145.441572,-14.693492,619,3.55,2021-11-26 07:45:00,0.0558481873032271,6210.03509041391,"moving",29,-14.69295,145.44156,"run_day_11652_liz21_del_07_29.json","07",11652
145.4417,-14.694011,619,3.55,2021-11-26 07:57:00,0.0593296430187654,6597.15530331947,"moving",29,-14.69295,145.44156,"run_day_11652_liz21_del_07_29.json","07",11652
145.441858,-14.694508,619,3.55,2021-11-26 08:09:00,0.0578178033370441,6429.04640081215,"moving",29,-14.69295,145.44156,"run_day_11652_liz21_del_07_29.json","07",11652
145.441637,-14.693376,620,3.55,2021-11-26 07:52:00,0.0529657606076952,5889.52386544593,"moving",29,-14.69295,145.44156,"run_day_11652_liz21_del_07_29.json","07",11652
145.441739,-14.69387,620,3.55,2021-11-26 08:04:00,0.0560151683106202,6228.60253128203,"moving",29,-14.69295,145.44156,"run_day_11652_liz21_del_07_29.json","07",11652
145.441869,-14.69433,620,3.55,2021-11-26 08:16:00,0.0530264123588552,5896.26803246703,"moving",29,-14.69295,145.44156,"run_day_11652_liz21_del_07_29.json","07",11652
145.441724,-14.693394,621,3.55,2021-11-26 08:06:00,0.0506265003991806,5629.40999815761,"moving",29,-14.69295,145.44156,"run_day_11652_liz21_del_07_29.json","07",11652
145.441806,-14.693826,621,3.55,2021-11-26 08:18:00,0.0488391851102144,5430.66960571031,"moving",29,-14.69295,145.44156,"run_day_11652_liz21_del_07_29.json","07",11652
145.441914,-14.694231,621,3.55,2021-11-26 08:30:00,0.0465080029373757,5171.45397500641,"moving",29,-14.69295,145.44156,"run_day_11652_liz21_del_07_29.json","07",11652
145.442043,-14.694633,621,3.55,2021-11-26 08:42:00,0.0468042453780923,5204.3946314709,"moving",29,-14.69295,145.44156,"run_day_11652_liz21_del_07_29.json","07",11652
145.441509,-14.693384,622,3.55,2021-11-26 08:03:00,0.0560525241910913,6232.75631567075,"moving",29,-14.69295,145.44156,"run_day_11652_liz21_del_07_29.json","07",11652
145.441626,-14.693892,622,3.55,2021-11-26 08:15:00,0.0578718339730834,6435.05433342309,"moving",29,-14.69295,145.44156,"run_day_11652_liz21_del_07_29.json","07",11652
145.441775,-14.694394,622,3.55,2021-11-26 08:27:00,0.0580748995304971,6457.63419318375,"moving",29,-14.69295,145.44156,"run_day_11652_liz21_del_07_29.json","07",11652
145.441643,-14.693375,623,3.55,2021-11-26 07:56:00,0.0528147086662573,5872.72765589822,"moving",29,-14.69295,145.44156,"run_day_11652_liz21_del_07_29.json","07",11652
145.441742,-14.693865,623,3.55,2021-11-26 08:08:00,0.0555162783344922,6173.12849698276,"moving",29,-14.69295,145.44156,"run_day_11652_liz21_del_07_29.json","07",11652
145.441869,-14.694319,623,3.55,2021-11-26 08:20:00,0.0522979447176531,5815.26612654062,"moving",29,-14.69295,145.44156,"run_day_11652_liz21_del_07_29.json","07",11652
145.441789,-14.693587,624,3.55,2021-11-26 07:16:00,0.0499523684979801,5554.44995085487,"moving",29,-14.69295,145.44156,"run_day_11652_liz21_del_07_29.json","07",11652
145.441904,-14.694004,624,3.55,2021-11-26 07:28:00,0.0479897393299224,5336.21554448222,"moving",29,-14.69295,145.44156,"run_day_11652_liz21_del_07_29.json","07",11652
145.442026,-14.694435,624,3.55,2021-11-26 07:40:00,0.0496889942364222,5525.16406916086,"moving",29,-14.69295,145.44156,"run_day_11652_liz21_del_07_29.json","07",11652
145.441536,-14.693267,625,3.55,2021-11-26 07:35:00,0.0538384809958419,5986.56594498711,"moving",29,-14.69295,145.44156,"run_day_11652_liz21_del_07_29.json","07",11652
145.441651,-14.693773,625,3.55,2021-11-26 07:47:00,0.0576082162625315,6405.74138143607,"moving",29,-14.69295,145.44156,"run_day_11652_liz21_del_07_29.json","07",11652
145.441798,-14.694285,625,3.55,2021-11-26 07:59:00,0.0590865435923964,6570.12388043704,"moving",29,-14.69295,145.44156,"run_day_11652_liz21_del_07_29.json","07",11652
145.441719,-14.69361,626,3.55,2021-11-26 07:58:00,0.053840529356337,5986.7937122821,"moving",29,-14.69295,145.44156,"run_day_11652_liz21_del_07_29.json","07",11652
145.441829,-14.694067,626,3.55,2021-11-26 08:10:00,0.0521752476917891,5801.62283975018,"moving",29,-14.69295,145.44156,"run_day_11652_liz21_del_07_29.json","07",11652
145.44196,-14.694498,626,3.55,2021-11-26 08:22:00,0.0499533589671517,5554.56008600174,"moving",29,-14.69295,145.44156,"run_day_11652_liz21_del_07_29.json","07",11652
145.441749,-14.693551,627,3.55,2021-11-26 07:50:00,0.0516490859087967,5743.11631888716,"moving",29,-14.69295,145.44156,"run_day_11652_liz21_del_07_29.json","07",11652
145.441851,-14.693987,627,3.55,2021-11-26 08:02:00,0.049706819917452,5527.14619445537,"moving",29,-14.69295,145.44156,"run_day_11652_liz21_del_07_29.json","07",11652
145.441972,-14.694404,627,3.55,2021-11-26 08:14:00,0.0481601066344335,5355.15952440996,"moving",29,-14.69295,145.44156,"run_day_11652_liz21_del_07_29.json","07",11652
145.441604,-14.693317,628,3.55,2021-11-26 07:54:00,0.0530743146842197,5901.59452802204,"moving",29,-14.69295,145.44156,"run_day_11652_liz21_del_07_29.json","07",11652
145.441704,-14.693813,628,3.55,2021-11-26 08:06:00,0.0561916958257823,6248.23149538122,"moving",29,-14.69295,145.44156,"run_day_11652_liz21_del_07_29.json","07",11652
145.441834,-14.694286,628,3.55,2021-11-26 08:18:00,0.0544221208228192,6051.46373273469,"moving",29,-14.69295,145.44156,"run_day_11652_liz21_del_07_29.json","07",11652
145.441603,-14.693278,629,3.55,2021-11-26 07:36:00,0.0524902152843624,5836.64563810177,"moving",29,-14.69295,145.44156,"run_day_11652_liz21_del_07_29.json","07",11652
145.441708,-14.693775,629,3.55,2021-11-26 07:48:00,0.0564060504181817,6272.066638559,"moving",29,-14.69295,145.44156,"run_day_11652_liz21_del_07_29.json","07",11652
145.441844,-14.69426,629,3.55,2021-11-26 08:00:00,0.0558781815643411,6213.37030007825,"moving",29,-14.69295,145.44156,"run_day_11652_liz21_del_07_29.json","07",11652
145.441765,-14.693609,630,3.55,2021-11-26 07:37:00,0.0513940788597339,5714.76082877278,"moving",29,-14.69295,145.44156,"run_day_11652_liz21_del_07_29.json","07",11652
145.441878,-14.694043,630,3.55,2021-11-26 07:49:00,0.0497655922084522,5533.68137504187,"moving",29,-14.69295,145.44156,"run_day_11652_liz21_del_07_29.json","07",11652
145.442005,-14.694472,630,3.55,2021-11-26 08:01:00,0.0496198806727,5517.47899151264,"moving",29,-14.69295,145.44156,"run_day_11652_liz21_del_07_29.json","07",11652
145.44154,-14.693643,631,3.55,2021-11-26 08:07:00,0.0578953210952013,6437.66598224409,"moving",29,-14.69295,145.44156,"run_day_11652_liz21_del_07_29.json","07",11652
145.441675,-14.694158,631,3.55,2021-11-26 08:19:00,0.0590776236462386,6569.13202767835,"moving",29,-14.69295,145.44156,"run_day_11652_liz21_del_07_29.json","07",11652
145.441844,-14.694653,631,3.55,2021-11-26 08:31:00,0.0579653337507868,6445.4510343461,"moving",29,-14.69295,145.44156,"run_day_11652_liz21_del_07_29.json","07",11652
145.441704,-14.693471,632,3.55,2021-11-26 07:40:00,0.0525843148946647,5847.10903736661,"moving",29,-14.69295,145.44156,"run_day_11652_liz21_del_07_29.json","07",11652
145.441811,-14.693939,632,3.55,2021-11-26 07:52:00,0.0532966436487604,5926.3163809251,"moving",29,-14.69295,145.44156,"run_day_11652_liz21_del_07_29.json","07",11652
145.441941,-14.694382,632,3.55,2021-11-26 08:04:00,0.0512054269620177,5693.78369484486,"moving",29,-14.69295,145.44156,"run_day_11652_liz21_del_07_29.json","07",11652
145.441672,-14.693597,633,3.55,2021-11-26 07:34:00,0.0548162395422987,6095.28773483647,"moving",29,-14.69295,145.44156,"run_day_11652_liz21_del_07_29.json","07",11652
145.441804,-14.694093,633,3.55,2021-11-26 07:46:00,0.0569507950815161,6332.63948143848,"moving",29,-14.69295,145.44156,"run_day_11652_liz21_del_07_29.json","07",11652
145.441952,-14.694563,633,3.55,2021-11-26 07:58:00,0.0546322071164158,6074.82426274019,"moving",29,-14.69295,145.44156,"run_day_11652_liz21_del_07_29.json","07",11652
145.441756,-14.693492,634,3.55,2021-11-26 07:13:00,0.0517413994357259,5753.38111474236,"moving",29,-14.69295,145.44156,"run_day_11652_liz21_del_07_29.json","07",11652
145.441867,-14.693922,634,3.55,2021-11-26 07:25:00,0.049281847005033,5479.89136263301,"moving",29,-14.69295,145.44156,"run_day_11652_liz21_del_07_29.json","07",11652
145.441991,-14.694355,634,3.55,2021-11-26 07:37:00,0.0499605207597027,5555.35644099909,"moving",29,-14.69295,145.44156,"run_day_11652_liz21_del_07_29.json","07",11652
145.441559,-14.693478,635,3.55,2021-11-26 07:20:00,0.0565840638015668,6291.86082366625,"moving",29,-14.69295,145.44156,"run_day_11652_liz21_del_07_29.json","07",11652
145.441701,-14.693997,635,3.55,2021-11-26 07:32:00,0.0596970403298325,6638.00802037299,"moving",29,-14.69295,145.44156,"run_day_11652_liz21_del_07_29.json","07",11652
145.441864,-14.694507,635,3.55,2021-11-26 07:44:00,0.0593576232821375,6600.26656665263,"moving",29,-14.69295,145.44156,"run_day_11652_liz21_del_07_29.json","07",11652
145.441658,-14.69361,636,3.55,2021-11-26 07:49:00,0.0553398623526227,6153.51193481986,"moving",29,-14.69295,145.44156,"run_day_11652_liz21_del_07_29.json","07",11652
145.441785,-14.694111,636,3.55,2021-11-26 08:01:00,0.0573589360810586,6378.02268994324,"moving",29,-14.69295,145.44156,"run_day_11652_liz21_del_07_29.json","07",11652
145.441934,-14.694575,636,3.55,2021-11-26 08:13:00,0.0540261448834015,6007.43321719813,"moving",29,-14.69295,145.44156,"run_day_11652_liz21_del_07_29.json","07",11652
145.441629,-14.693635,637,3.55,2021-11-26 07:54:00,0.0563187886007251,6262.36356716804,"moving",29,-14.69295,145.44156,"run_day_11652_liz21_del_07_29.json","07",11652
145.441759,-14.694144,637,3.55,2021-11-26 08:06:00,0.0582998342084451,6482.64578819799,"moving",29,-14.69295,145.44156,"run_day_11652_liz21_del_07_29.json","07",11652
145.441915,-14.694615,637,3.55,2021-11-26 08:18:00,0.0549949807295755,6115.16284804407,"moving",29,-14.69295,145.44156,"run_day_11652_liz21_del_07_29.json","07",11652
145.441654,-14.693296,638,3.55,2021-11-26 08:01:00,0.0515114499455578,5727.81189805116,"moving",29,-14.69295,145.44156,"run_day_11652_liz21_del_07_29.json","07",11652
145.441742,-14.693771,638,3.55,2021-11-26 08:13:00,0.0536589859618446,5966.60700784871,"moving",29,-14.69295,145.44156,"run_day_11652_liz21_del_07_29.json","07",11652
145.441858,-14.694214,638,3.55,2021-11-26 08:25:00,0.0508148915300173,5650.35813613149,"moving",29,-14.69295,145.44156,"run_day_11652_liz21_del_07_29.json","07",11652
145.441996,-14.694638,638,3.55,2021-11-26 08:37:00,0.049427940645372,5496.13623425374,"moving",29,-14.69295,145.44156,"run_day_11652_liz21_del_07_29.json","07",11652
145.441543,-14.693615,639,3.55,2021-11-26 07:22:00,0.0584596691875932,6500.41862697959,"moving",29,-14.69295,145.44156,"run_day_11652_liz21_del_07_29.json","07",11652
145.441701,-14.694145,639,3.55,2021-11-26 07:34:00,0.0613346417140429,6820.10098616329,"moving",29,-14.69295,145.44156,"run_day_11652_liz21_del_07_29.json","07",11652
145.441877,-14.694664,639,3.55,2021-11-26 07:46:00,0.0607356261844067,6753.49349828644,"moving",29,-14.69295,145.44156,"run_day_11652_liz21_del_07_29.json","07",11652
145.44146,-14.693366,640,3.55,2021-11-26 07:54:00,0.0571947852014364,6359.76994492501,"moving",29,-14.69295,145.44156,"run_day_11652_liz21_del_07_29.json","07",11652
145.441587,-14.693887,640,3.55,2021-11-26 08:06:00,0.0595212103315323,6618.45661661009,"moving",29,-14.69295,145.44156,"run_day_11652_liz21_del_07_29.json","07",11652
145.441744,-14.694406,640,3.55,2021-11-26 08:18:00,0.0601300392389576,6686.15530231033,"moving",29,-14.69295,145.44156,"run_day_11652_liz21_del_07_29.json","07",11652
145.441646,-14.693353,641,3.55,2021-11-26 07:23:00,0.052725713232689,5862.83181519089,"moving",29,-14.69295,145.44156,"run_day_11652_liz21_del_07_29.json","07",11652
145.441757,-14.693844,641,3.55,2021-11-26 07:35:00,0.0558868498133418,6214.33416539001,"moving",29,-14.69295,145.44156,"run_day_11652_liz21_del_07_29.json","07",11652
145.441895,-14.694313,641,3.55,2021-11-26 07:47:00,0.0542215997862533,6029.16681078306,"moving",29,-14.69295,145.44156,"run_day_11652_liz21_del_07_29.json","07",11652
145.441693,-14.693657,642,3.55,2021-11-26 07:48:00,0.0552570158316559,6144.2998219982,"moving",29,-14.69295,145.44156,"run_day_11652_liz21_del_07_29.json","07",11652
145.441819,-14.694142,642,3.55,2021-11-26 08:00:00,0.0556063053838817,6183.13904813565,"moving",29,-14.69295,145.44156,"run_day_11652_liz21_del_07_29.json","07",11652
145.441965,-14.694596,642,3.55,2021-11-26 08:12:00,0.0528685309108708,5878.71241643986,"moving",29,-14.69295,145.44156,"run_day_11652_liz21_del_07_29.json","07",11652
145.441647,-14.693369,643,3.55,2021-11-26 07:27:00,0.0526169088896737,5850.7333242507,"moving",29,-14.69295,145.44156,"run_day_11652_liz21_del_07_29.json","07",11652
145.441758,-14.693861,643,3.55,2021-11-26 07:39:00,0.0559954826654295,6226.4135874091,"moving",29,-14.69295,145.44156,"run_day_11652_liz21_del_07_29.json","07",11652
145.441896,-14.69433,643,3.55,2021-11-26 07:51:00,0.0542215994711329,6029.16677574327,"moving",29,-14.69295,145.44156,"run_day_11652_liz21_del_07_29.json","07",11652
145.44157,-14.693624,644,3.55,2021-11-26 07:23:00,0.0578990733420269,6438.0832130546,"moving",29,-14.69295,145.44156,"run_day_11652_liz21_del_07_29.json","07",11652
145.441725,-14.69415,644,3.55,2021-11-26 07:35:00,0.0608181577804318,6762.67059305231,"moving",29,-14.69295,145.44156,"run_day_11652_liz21_del_07_29.json","07",11652
145.441898,-14.69466,644,3.55,2021-11-26 07:47:00,0.0596841514760246,6636.57484521929,"moving",29,-14.69295,145.44156,"run_day_11652_liz21_del_07_29.json","07",11652
145.441605,-14.693541,645,3.55,2021-11-26 08:05:00,0.0553824929796137,6158.25224426094,"moving",29,-14.69295,145.44156,"run_day_11652_liz21_del_07_29.json","07",11652
145.441722,-14.694041,645,3.55,2021-11-26 08:17:00,0.0570038870245716,6338.54303615195,"moving",29,-14.69295,145.44156,"run_day_11652_liz21_del_07_29.json","07",11652
145.44187,-14.694513,645,3.55,2021-11-26 08:29:00,0.0548449864251822,6098.48424236996,"moving",29,-14.69295,145.44156,"run_day_11652_liz21_del_07_29.json","07",11652
145.441585,-14.693436,646,3.55,2021-11-26 07:57:00,0.0549039669181395,6105.0425739578,"moving",29,-14.69295,145.44156,"run_day_11652_liz21_del_07_29.json","07",11652
145.441698,-14.693941,646,3.55,2021-11-26 08:09:00,0.0574537261740021,6388.56286737473,"moving",29,-14.69295,145.44156,"run_day_11652_liz21_del_07_29.json","07",11652
145.441842,-14.694423,646,3.55,2021-11-26 08:21:00,0.0557890310740044,6203.45721784493,"moving",29,-14.69295,145.44156,"run_day_11652_liz21_del_07_29.json","07",11652
145.441586,-14.693426,647,3.55,2021-11-26 07:20:00,0.0553298595803818,6152.39967729429,"moving",29,-14.69295,145.44156,"run_day_11652_liz21_del_07_29.json","07",11652
145.441718,-14.693937,647,3.55,2021-11-26 07:32:00,0.0585675361490895,6512.41288585055,"moving",29,-14.69295,145.44156,"run_day_11652_liz21_del_07_29.json","07",11652
145.441872,-14.694437,647,3.55,2021-11-26 07:44:00,0.0580124334022611,6450.68827663677,"moving",29,-14.69295,145.44156,"run_day_11652_liz21_del_07_29.json","07",11652
145.441637,-14.693311,648,3.55,2021-11-26 07:58:00,0.0521393409801896,5797.63019558782,"moving",29,-14.69295,145.44156,"run_day_11652_liz21_del_07_29.json","07",11652
145.44173,-14.693796,648,3.55,2021-11-26 08:10:00,0.0548493749372324,6098.97222264545,"moving",29,-14.69295,145.44156,"run_day_11652_liz21_del_07_29.json","07",11652
145.441852,-14.69425,648,3.55,2021-11-26 08:22:00,0.0521600615684067,5799.93421987465,"moving",29,-14.69295,145.44156,"run_day_11652_liz21_del_07_29.json","07",11652
145.441996,-14.694682,648,3.55,2021-11-26 08:34:00,0.0504714406296059,5612.16813845423,"moving",29,-14.69295,145.44156,"run_day_11652_liz21_del_07_29.json","07",11652
145.441624,-14.693268,649,3.55,2021-11-26 08:03:00,0.0518332249823004,5763.5916496578,"moving",29,-14.69295,145.44156,"run_day_11652_liz21_del_07_29.json","07",11652
145.441715,-14.693749,649,3.55,2021-11-26 08:15:00,0.0543729799151942,6045.99951311609,"moving",29,-14.69295,145.44156,"run_day_11652_liz21_del_07_29.json","07",11652
145.441832,-14.694207,649,3.55,2021-11-26 08:27:00,0.052459054689159,5833.18073800394,"moving",29,-14.69295,145.44156,"run_day_11652_liz21_del_07_29.json","07",11652
145.441974,-14.69464,649,3.55,2021-11-26 08:39:00,0.0505118226842298,5616.65841805589,"moving",29,-14.69295,145.44156,"run_day_11652_liz21_del_07_29.json","07",11652
145.441472,-14.693449,650,3.55,2021-11-26 07:42:00,0.0577049208213468,6416.49443775973,"moving",29,-14.69295,145.44156,"run_day_11652_liz21_del_07_29.json","07",11652
145.441611,-14.693979,650,3.55,2021-11-26 07:54:00,0.0608001313140139,6760.66614144131,"moving",29,-14.69295,145.44156,"run_day_11652_liz21_del_07_29.json","07",11652
145.441782,-14.694507,650,3.55,2021-11-26 08:06:00,0.0615244175436595,6841.20309561642,"moving",29,-14.69295,145.44156,"run_day_11652_liz21_del_07_29.json","07",11652
145.441713,-14.693551,651,3.55,2021-11-26 07:49:00,0.0534024181235745,5938.07796589292,"moving",29,-14.69295,145.44156,"run_day_11652_liz21_del_07_29.json","07",11652
145.441823,-14.694015,651,3.55,2021-11-26 08:01:00,0.0529336307126077,5885.95118411857,"moving",29,-14.69295,145.44156,"run_day_11652_liz21_del_07_29.json","07",11652
145.441953,-14.694451,651,3.55,2021-11-26 08:13:00,0.0504570907868131,5610.57250873752,"moving",29,-14.69295,145.44156,"run_day_11652_liz21_del_07_29.json","07",11652
145.441707,-14.693454,652,3.55,2021-11-26 07:20:00,0.0529918863826404,5892.42891907449,"moving",29,-14.69295,145.44156,"run_day_11652_liz21_del_07_29.json","07",11652
145.44182,-14.693918,652,3.55,2021-11-26 07:32:00,0.0530066874524076,5894.07472294152,"moving",29,-14.69295,145.44156,"run_day_11652_liz21_del_07_29.json","07",11652
145.441952,-14.694369,652,3.55,2021-11-26 07:44:00,0.0521199325215997,5795.47207345863,"moving",29,-14.69295,145.44156,"run_day_11652_liz21_del_07_29.json","07",11652
145.441492,-14.693291,653,3.55,2021-11-26 07:49:00,0.0554776988759292,6168.83865691787,"moving",29,-14.69295,145.44156,"run_day_11652_liz21_del_07_29.json","07",11652
145.441611,-14.693804,653,3.55,2021-11-26 08:01:00,0.0584613512696974,6500.60566597578,"moving",29,-14.69295,145.44156,"run_day_11652_liz21_del_07_29.json","07",11652
145.441758,-14.694318,653,3.55,2021-11-26 08:13:00,0.0593008526760386,6593.9539632719,"moving",29,-14.69295,145.44156,"run_day_11652_liz21_del_07_29.json","07",11652
145.441593,-14.693273,654,3.55,2021-11-26 07:39:00,0.0526844764744699,5858.24649688566,"moving",29,-14.69295,145.44156,"run_day_11652_liz21_del_07_29.json","07",11652
145.441698,-14.693771,654,3.55,2021-11-26 07:51:00,0.0565149981784197,6284.18107676675,"moving",29,-14.69295,145.44156,"run_day_11652_liz21_del_07_29.json","07",11652
145.441833,-14.694259,654,3.55,2021-11-26 08:03:00,0.0561723016197076,6246.07495805942,"moving",29,-14.69295,145.44156,"run_day_11652_liz21_del_07_29.json","07",11652
145.441737,-14.693304,655,3.55,2021-11-26 07:22:00,0.0497335769716176,5530.12144313054,"moving",29,-14.69295,145.44156,"run_day_11652_liz21_del_07_29.json","07",11652
145.441823,-14.693726,655,3.55,2021-11-26 07:34:00,0.0478272840166811,5318.15133784333,"moving",29,-14.69295,145.44156,"run_day_11652_liz21_del_07_29.json","07",11652
145.441939,-14.694139,655,3.55,2021-11-26 07:46:00,0.0475882103251007,5291.5675562454,"moving",29,-14.69295,145.44156,"run_day_11652_liz21_del_07_29.json","07",11652
145.442064,-14.694561,655,3.55,2021-11-26 07:58:00,0.0488123709041541,5427.68800203441,"moving",29,-14.69295,145.44156,"run_day_11652_liz21_del_07_29.json","07",11652
145.441559,-14.693414,656,3.55,2021-11-26 07:38:00,0.0551131206627614,6128.29940924847,"moving",29,-14.69295,145.44156,"run_day_11652_liz21_del_07_29.json","07",11652
145.441684,-14.693929,656,3.55,2021-11-26 07:50:00,0.0588225055807932,6540.76419310545,"moving",29,-14.69295,145.44156,"run_day_11652_liz21_del_07_29.json","07",11652
145.44184,-14.694435,656,3.55,2021-11-26 08:02:00,0.0587132527917759,6528.61583724496,"moving",29,-14.69295,145.44156,"run_day_11652_liz21_del_07_29.json","07",11652
145.441607,-14.693617,657,3.55,2021-11-26 07:46:00,0.0565616104153466,6289.36412103257,"moving",29,-14.69295,145.44156,"run_day_11652_liz21_del_07_29.json","07",11652
145.441744,-14.694135,657,3.55,2021-11-26 07:58:00,0.0594539829066556,6610.98126803242,"moving",29,-14.69295,145.44156,"run_day_11652_liz21_del_07_29.json","07",11652
145.441905,-14.694621,657,3.55,2021-11-26 08:10:00,0.0567474584658674,6310.02948137727,"moving",29,-14.69295,145.44156,"run_day_11652_liz21_del_07_29.json","07",11652
145.44171,-14.693576,658,3.55,2021-11-26 07:53:00,0.0537496125385707,5976.68422339982,"moving",29,-14.69295,145.44156,"run_day_11652_liz21_del_07_29.json","07",11652
145.441821,-14.694043,658,3.55,2021-11-26 08:05:00,0.0532828251117841,5924.77982971969,"moving",29,-14.69295,145.44156,"run_day_11652_liz21_del_07_29.json","07",11652
145.441953,-14.694479,658,3.55,2021-11-26 08:17:00,0.0505171256308351,5617.24807881466,"moving",29,-14.69295,145.44156,"run_day_11652_liz21_del_07_29.json","07",11652
145.441763,-14.693517,659,3.55,2021-11-26 07:42:00,0.0502060154982449,5582.65421044292,"moving",29,-14.69295,145.44156,"run_day_11652_liz21_del_07_29.json","07",11652
145.441862,-14.693941,659,3.55,2021-11-26 07:54:00,0.0483341732858935,5374.51485295032,"moving",29,-14.69295,145.44156,"run_day_11652_liz21_del_07_29.json","07",11652
145.44198,-14.694353,659,3.55,2021-11-26 08:06:00,0.0475378909575263,5285.97229785917,"moving",29,-14.69295,145.44156,"run_day_11652_liz21_del_07_29.json","07",11652
145.441554,-14.693399,660,3.55,2021-11-26 07:41:00,0.055113120852456,6128.29943034154,"moving",29,-14.69295,145.44156,"run_day_11652_liz21_del_07_29.json","07",11652
145.441677,-14.693914,660,3.55,2021-11-26 07:53:00,0.0587737106129836,6535.33844023923,"moving",29,-14.69295,145.44156,"run_day_11652_liz21_del_07_29.json","07",11652
145.44183,-14.694419,660,3.55,2021-11-26 08:05:00,0.0585151394079867,6506.58663406721,"moving",29,-14.69295,145.44156,"run_day_11652_liz21_del_07_29.json","07",11652
145.441682,-14.693641,661,3.55,2021-11-26 07:47:00,0.0552980361112243,6148.86106897575,"moving",29,-14.69295,145.44156,"run_day_11652_liz21_del_07_29.json","07",11652
145.441809,-14.694132,661,3.55,2021-11-26 07:59:00,0.0562796013824712,6258.00614730889,"moving",29,-14.69295,145.44156,"run_day_11652_liz21_del_07_29.json","07",11652
145.441956,-14.69459,661,3.55,2021-11-26 08:11:00,0.0533251931690028,5929.49094273419,"moving",29,-14.69295,145.44156,"run_day_11652_liz21_del_07_29.json","07",11652
145.441522,-14.693396,662,3.55,2021-11-26 07:51:00,0.0559687223363957,6223.43797458519,"moving",29,-14.69295,145.44156,"run_day_11652_liz21_del_07_29.json","07",11652
145.441643,-14.693912,662,3.55,2021-11-26 08:03:00,0.0588340980258463,6542.05321418275,"moving",29,-14.69295,145.44156,"run_day_11652_liz21_del_07_29.json","07",11652
145.441797,-14.694419,662,3.55,2021-11-26 08:15:00,0.0587588165010594,6533.68229055638,"moving",29,-14.69295,145.44156,"run_day_11652_liz21_del_07_29.json","07",11652
145.441647,-14.693585,663,3.55,2021-11-26 07:59:00,0.0551889268916276,6136.72867730645,"moving",29,-14.69295,145.44156,"run_day_11652_liz21_del_07_29.json","07",11652
145.441766,-14.694081,663,3.55,2021-11-26 08:11:00,0.0566184080087518,6295.67972526486,"moving",29,-14.69295,145.44156,"run_day_11652_liz21_del_07_29.json","07",11652
145.441911,-14.694539,663,3.55,2021-11-26 08:23:00,0.0532618080822557,5922.44284266298,"moving",29,-14.69295,145.44156,"run_day_11652_liz21_del_07_29.json","07",11652
145.441655,-14.693468,664,3.55,2021-11-26 07:19:00,0.0544023345157273,6049.26359576904,"moving",29,-14.69295,145.44156,"run_day_11652_liz21_del_07_29.json","07",11652
145.441781,-14.693962,664,3.55,2021-11-26 07:31:00,0.05657741120853,6291.12108907153,"moving",29,-14.69295,145.44156,"run_day_11652_liz21_del_07_29.json","07",11652
145.441925,-14.694438,664,3.55,2021-11-26 07:43:00,0.055148398752118,6132.22215380663,"moving",29,-14.69295,145.44156,"run_day_11652_liz21_del_07_29.json","07",11652
145.441683,-14.693449,665,3.55,2021-11-26 07:20:00,0.0535109537388064,5950.14657566696,"moving",29,-14.69295,145.44156,"run_day_11652_liz21_del_07_29.json","07",11652
145.441801,-14.693928,665,3.55,2021-11-26 07:32:00,0.0547536671732962,6088.33000485526,"moving",29,-14.69295,145.44156,"run_day_11652_liz21_del_07_29.json","07",11652
145.441937,-14.69439,665,3.55,2021-11-26 07:44:00,0.0534140788969679,5939.37458473501,"moving",29,-14.69295,145.44156,"run_day_11652_liz21_del_07_29.json","07",11652
145.441695,-14.693429,666,3.55,2021-11-26 08:06:00,0.0519414882755369,5775.62997860753,"moving",29,-14.69295,145.44156,"run_day_11652_liz21_del_07_29.json","07",11652
145.441786,-14.693887,666,3.55,2021-11-26 08:18:00,0.0518593171351195,5766.49296467652,"moving",29,-14.69295,145.44156,"run_day_11652_liz21_del_07_29.json","07",11652
145.441904,-14.694312,666,3.55,2021-11-26 08:30:00,0.0489324761522822,5441.04309628964,"moving",29,-14.69295,145.44156,"run_day_11652_liz21_del_07_29.json","07",11652
145.44158,-14.693642,667,3.55,2021-11-26 07:48:00,0.0574614433283006,6389.42097578086,"moving",29,-14.69295,145.44156,"run_day_11652_liz21_del_07_29.json","07",11652
145.441722,-14.694167,667,3.55,2021-11-26 08:00:00,0.0603422432149761,6709.75130785739,"moving",29,-14.69295,145.44156,"run_day_11652_liz21_del_07_29.json","07",11652
145.44189,-14.694661,667,3.55,2021-11-26 08:12:00,0.0578260574985109,6429.96422169096,"moving",29,-14.69295,145.44156,"run_day_11652_liz21_del_07_29.json","07",11652
145.441674,-14.693445,668,3.55,2021-11-26 07:40:00,0.0529031452231763,5882.56135235752,"moving",29,-14.69295,145.44156,"run_day_11652_liz21_del_07_29.json","07",11652
145.441784,-14.693931,668,3.55,2021-11-26 07:52:00,0.0553207329749738,6151.38484507543,"moving",29,-14.69295,145.44156,"run_day_11652_liz21_del_07_29.json","07",11652
145.441918,-14.694386,668,3.55,2021-11-26 08:04:00,0.0526065602487897,5849.58260788673,"moving",29,-14.69295,145.44156,"run_day_11652_liz21_del_07_29.json","07",11652
145.441676,-14.693386,669,3.55,2021-11-26 07:14:00,0.053314011257989,5928.24757095926,"moving",29,-14.69295,145.44156,"run_day_11652_liz21_del_07_29.json","07",11652
145.441789,-14.693866,669,3.55,2021-11-26 07:26:00,0.0547399265608034,6086.80211845706,"moving",29,-14.69295,145.44156,"run_day_11652_liz21_del_07_29.json","07",11652
145.441925,-14.694327,669,3.55,2021-11-26 07:38:00,0.0533071448035586,5927.48405606257,"moving",29,-14.69295,145.44156,"run_day_11652_liz21_del_07_29.json","07",11652
145.441722,-14.693194,670,3.55,2021-11-26 07:49:00,0.048544271500377,5397.87670849796,"moving",29,-14.69295,145.44156,"run_day_11652_liz21_del_07_29.json","07",11652
145.441795,-14.69362,670,3.55,2021-11-26 08:01:00,0.0480153740694364,5339.06599746203,"moving",29,-14.69295,145.44156,"run_day_11652_liz21_del_07_29.json","07",11652
145.441889,-14.694019,670,3.55,2021-11-26 08:13:00,0.0455042043936287,5059.83666956856,"moving",29,-14.69295,145.44156,"run_day_11652_liz21_del_07_29.json","07",11652
145.442002,-14.694411,670,3.55,2021-11-26 08:25:00,0.0452511982156648,5031.70366616923,"moving",29,-14.69295,145.44156,"run_day_11652_liz21_del_07_29.json","07",11652
145.441708,-14.693362,671,3.55,2021-11-26 07:56:00,0.0511376287404002,5686.24487656547,"moving",29,-14.69295,145.44156,"run_day_11652_liz21_del_07_29.json","07",11652
145.441795,-14.693813,671,3.55,2021-11-26 08:08:00,0.051014485434507,5672.55196569991,"moving",29,-14.69295,145.44156,"run_day_11652_liz21_del_07_29.json","07",11652
145.441906,-14.69423,671,3.55,2021-11-26 08:20:00,0.0478806495105133,5324.08531001535,"moving",29,-14.69295,145.44156,"run_day_11652_liz21_del_07_29.json","07",11652
145.442038,-14.69464,671,3.55,2021-11-26 08:32:00,0.0477494948722177,5309.50157963098,"moving",29,-14.69295,145.44156,"run_day_11652_liz21_del_07_29.json","07",11652
145.441663,-14.693226,672,3.55,2021-11-26 07:19:00,0.0511793169083505,5690.88038934266,"moving",29,-14.69295,145.44156,"run_day_11652_liz21_del_07_29.json","07",11652
145.441758,-14.693698,672,3.55,2021-11-26 07:31:00,0.0534694257684454,5945.52887604897,"moving",29,-14.69295,145.44156,"run_day_11652_liz21_del_07_29.json","07",11652
145.441885,-14.69415,672,3.55,2021-11-26 07:43:00,0.0520833099554462,5791.39982990165,"moving",29,-14.69295,145.44156,"run_day_11652_liz21_del_07_29.json","07",11652
145.442024,-14.694598,672,3.55,2021-11-26 07:55:00,0.0520104439067129,5783.29749495788,"moving",29,-14.69295,145.44156,"run_day_11652_liz21_del_07_29.json","07",11652
145.441707,-14.693641,673,3.55,2021-11-26 07:41:00,0.0546907331611255,6081.33206198849,"moving",29,-14.69295,145.44156,"run_day_11652_liz21_del_07_29.json","07",11652
145.441833,-14.694118,673,3.55,2021-11-26 07:53:00,0.0547439995713049,6087.255016561,"moving",29,-14.69295,145.44156,"run_day_11652_liz21_del_07_29.json","07",11652
145.441977,-14.694573,673,3.55,2021-11-26 08:05:00,0.0529113495118389,5883.47362763354,"moving",29,-14.69295,145.44156,"run_day_11652_liz21_del_07_29.json","07",11652
145.441634,-14.69317,674,3.55,2021-11-26 07:30:00,0.0502211132057669,5584.33299892333,"moving",29,-14.69295,145.44156,"run_day_11652_liz21_del_07_29.json","07",11652
145.441726,-14.69365,674,3.55,2021-11-26 07:42:00,0.0542831099345997,6036.00642721633,"moving",29,-14.69295,145.44156,"run_day_11652_liz21_del_07_29.json","07",11652
145.441849,-14.694115,674,3.55,2021-11-26 07:54:00,0.0533713164844711,5934.61962141429,"moving",29,-14.69295,145.44156,"run_day_11652_liz21_del_07_29.json","07",11652
145.441988,-14.694561,674,3.55,2021-11-26 08:06:00,0.0517974802456631,5759.61701628949,"moving",29,-14.69295,145.44156,"run_day_11652_liz21_del_07_29.json","07",11652
145.441609,-14.693381,675,3.55,2021-11-26 07:48:00,0.0537493176390428,5976.65143206845,"moving",29,-14.69295,145.44156,"run_day_11652_liz21_del_07_29.json","07",11652
145.441718,-14.693884,675,3.55,2021-11-26 08:00:00,0.0571465762008311,6354.4093486391,"moving",29,-14.69295,145.44156,"run_day_11652_liz21_del_07_29.json","07",11652
145.441857,-14.694361,675,3.55,2021-11-26 08:12:00,0.0551068004118684,6127.59662941404,"moving",29,-14.69295,145.44156,"run_day_11652_liz21_del_07_29.json","07",11652
145.44172,-14.693421,676,3.55,2021-11-26 07:58:00,0.0514479230554375,5720.74803016428,"moving",29,-14.69295,145.44156,"run_day_11652_liz21_del_07_29.json","07",11652
145.441809,-14.693864,676,3.55,2021-11-26 08:10:00,0.0501808762714484,5579.85885596338,"moving",29,-14.69295,145.44156,"run_day_11652_liz21_del_07_29.json","07",11652
145.441922,-14.694277,676,3.55,2021-11-26 08:22:00,0.0475046295094746,5282.27379358297,"moving",29,-14.69295,145.44156,"run_day_11652_liz21_del_07_29.json","07",11652
145.442056,-14.694685,676,3.55,2021-11-26 08:34:00,0.0476018982890865,5293.08958839672,"moving",29,-14.69295,145.44156,"run_day_11652_liz21_del_07_29.json","07",11652
145.441516,-14.693472,677,3.55,2021-11-26 07:19:00,0.0575707312956611,6401.57324329464,"moving",29,-14.69295,145.44156,"run_day_11652_liz21_del_07_29.json","07",11652
145.441663,-14.693996,677,3.55,2021-11-26 07:31:00,0.0603732840910761,6713.20289579831,"moving",29,-14.69295,145.44156,"run_day_11652_liz21_del_07_29.json","07",11652
145.441833,-14.69452,677,3.55,2021-11-26 07:43:00,0.0610678306673465,6790.43295139793,"moving",29,-14.69295,145.44156,"run_day_11652_liz21_del_07_29.json","07",11652
145.441612,-14.693457,678,3.55,2021-11-26 07:32:00,0.0544288246077443,6052.20915960768,"moving",29,-14.69295,145.44156,"run_day_11652_liz21_del_07_29.json","07",11652
145.441737,-14.693966,678,3.55,2021-11-26 07:44:00,0.0581731962801804,6468.56429305418,"moving",29,-14.69295,145.44156,"run_day_11652_liz21_del_07_29.json","07",11652
145.441887,-14.694454,678,3.55,2021-11-26 07:56:00,0.0566108072153988,6294.83455560553,"moving",29,-14.69295,145.44156,"run_day_11652_liz21_del_07_29.json","07",11652
145.441571,-14.693658,679,3.55,2021-11-26 08:02:00,0.0576082176609937,6405.74153693796,"moving",29,-14.69295,145.44156,"run_day_11652_liz21_del_07_29.json","07",11652
145.441706,-14.694173,679,3.55,2021-11-26 08:14:00,0.0590776234012277,6569.13200043438,"moving",29,-14.69295,145.44156,"run_day_11652_liz21_del_07_29.json","07",11652
145.441872,-14.69466,679,3.55,2021-11-26 08:26:00,0.0570194640473472,6340.27512205683,"moving",29,-14.69295,145.44156,"run_day_11652_liz21_del_07_29.json","07",11652
145.44157,-14.693334,680,3.55,2021-11-26 07:25:00,0.0541383630907267,6019.91131252984,"moving",29,-14.69295,145.44156,"run_day_11652_liz21_del_07_29.json","07",11652
145.44169,-14.693839,680,3.55,2021-11-26 07:37:00,0.0576177014981782,6406.79609151801,"moving",29,-14.69295,145.44156,"run_day_11652_liz21_del_07_29.json","07",11652
145.441841,-14.694342,680,3.55,2021-11-26 07:49:00,0.0582414068258042,6476.1489596712,"moving",29,-14.69295,145.44156,"run_day_11652_liz21_del_07_29.json","07",11652
145.441725,-14.693404,681,3.55,2021-11-26 07:51:00,0.0511191873900105,5684.19429196166,"moving",29,-14.69295,145.44156,"run_day_11652_liz21_del_07_29.json","07",11652
145.441814,-14.693847,681,3.55,2021-11-26 08:03:00,0.0501808764137223,5579.85887178352,"moving",29,-14.69295,145.44156,"run_day_11652_liz21_del_07_29.json","07",11652
145.441928,-14.69426,681,3.55,2021-11-26 08:15:00,0.0475322622807437,5285.34641755722,"moving",29,-14.69295,145.44156,"run_day_11652_liz21_del_07_29.json","07",11652
145.44206,-14.694669,681,3.55,2021-11-26 08:27:00,0.0476433398789022,5297.69768293631,"moving",29,-14.69295,145.44156,"run_day_11652_liz21_del_07_29.json","07",11652
145.441597,-14.693235,682,3.55,2021-11-26 07:57:00,0.0522462909171977,5809.52248598808,"moving",29,-14.69295,145.44156,"run_day_11652_liz21_del_07_29.json","07",11652
145.441692,-14.693723,682,3.55,2021-11-26 08:09:00,0.0552168027293749,6139.82832903991,"moving",29,-14.69295,145.44156,"run_day_11652_liz21_del_07_29.json","07",11652
145.441814,-14.694197,682,3.55,2021-11-26 08:21:00,0.0543153177979767,6039.58777822191,"moving",29,-14.69295,145.44156,"run_day_11652_liz21_del_07_29.json","07",11652
145.441959,-14.694639,682,3.55,2021-11-26 08:33:00,0.0515632996527153,5733.57732243508,"moving",29,-14.69295,145.44156,"run_day_11652_liz21_del_07_29.json","07",11652
145.441592,-14.693575,683,3.55,2021-11-26 07:40:00,0.0562821982916712,6258.29491043689,"moving",29,-14.69295,145.44156,"run_day_11652_liz21_del_07_29.json","07",11652
145.44173,-14.694096,683,3.55,2021-11-26 07:52:00,0.0598038221217264,6649.88161388961,"moving",29,-14.69295,145.44156,"run_day_11652_liz21_del_07_29.json","07",11652
145.441893,-14.694591,683,3.55,2021-11-26 08:04:00,0.0577662114484501,6423.30964454448,"moving",29,-14.69295,145.44156,"run_day_11652_liz21_del_07_29.json","07",11652
145.441476,-14.693551,684,3.55,2021-11-26 07:48:00,0.0588093943098772,6539.30628629772,"moving",29,-14.69295,145.44156,"run_day_11652_liz21_del_07_29.json","07",11652
145.441621,-14.694086,684,3.55,2021-11-26 08:00:00,0.0614996661153023,6838.45086235589,"moving",29,-14.69295,145.44156,"run_day_11652_liz21_del_07_29.json","07",11652
145.441798,-14.694609,684,3.55,2021-11-26 08:12:00,0.0611917861264486,6804.21616957998,"moving",29,-14.69295,145.44156,"run_day_11652_liz21_del_07_29.json","07",11652
145.441553,-14.693587,685,3.55,2021-11-26 07:45:00,0.0574252692382109,6385.39860048689,"moving",29,-14.69295,145.44156,"run_day_11652_liz21_del_07_29.json","07",11652
145.441694,-14.694114,685,3.55,2021-11-26 07:57:00,0.0605303806094362,6730.67123163348,"moving",29,-14.69295,145.44156,"run_day_11652_liz21_del_07_29.json","07",11652
145.441864,-14.69462,685,3.55,2021-11-26 08:09:00,0.0591611804284192,6578.42311794358,"moving",29,-14.69295,145.44156,"run_day_11652_liz21_del_07_29.json","07",11652
145.441635,-14.693322,686,3.55,2021-11-26 07:27:00,0.0523130084313483,5816.94113507995,"moving",29,-14.69295,145.44156,"run_day_11652_liz21_del_07_29.json","07",11652
145.441743,-14.693814,686,3.55,2021-11-26 07:39:00,0.0559275730541417,6218.86238316349,"moving",29,-14.69295,145.44156,"run_day_11652_liz21_del_07_29.json","07",11652
145.44188,-14.694286,686,3.55,2021-11-26 07:51:00,0.0545133468271328,6061.60760159242,"moving",29,-14.69295,145.44156,"run_day_11652_liz21_del_07_29.json","07",11652
145.441604,-14.693685,687,3.55,2021-11-26 07:39:00,0.0573768974093456,6380.01989852455,"moving",29,-14.69295,145.44156,"run_day_11652_liz21_del_07_29.json","07",11652
145.441754,-14.69421,687,3.55,2021-11-26 07:51:00,0.0605657567126888,6734.60487483963,"moving",29,-14.69295,145.44156,"run_day_11652_liz21_del_07_29.json","07",11652
145.441924,-14.694704,687,3.55,2021-11-26 08:03:00,0.0578936374198697,6437.47876608909,"moving",29,-14.69295,145.44156,"run_day_11652_liz21_del_07_29.json","07",11652
145.441525,-14.69345,688,3.55,2021-11-26 08:05:00,0.0563294566811794,6263.54980359159,"moving",29,-14.69295,145.44156,"run_day_11652_liz21_del_07_29.json","07",11652
145.441644,-14.693958,688,3.55,2021-11-26 08:17:00,0.057918991240455,6440.29798230923,"moving",29,-14.69295,145.44156,"run_day_11652_liz21_del_07_29.json","07",11652
145.441797,-14.694456,688,3.55,2021-11-26 08:29:00,0.0577686039904949,6423.57568308164,"moving",29,-14.69295,145.44156,"run_day_11652_liz21_del_07_29.json","07",11652
145.441677,-14.693238,689,3.55,2021-11-26 07:36:00,0.0502015109042867,5582.15332244818,"moving",29,-14.69295,145.44156,"run_day_11652_liz21_del_07_29.json","07",11652
145.441765,-14.693707,689,3.55,2021-11-26 07:48:00,0.0530024090297113,5893.59898404365,"moving",29,-14.69295,145.44156,"run_day_11652_liz21_del_07_29.json","07",11652
145.441883,-14.694148,689,3.55,2021-11-26 08:00:00,0.0506528121537987,5632.33573178226,"moving",29,-14.69295,145.44156,"run_day_11652_liz21_del_07_29.json","07",11652
145.442016,-14.694577,689,3.55,2021-11-26 08:12:00,0.0498014016010974,5537.66319783024,"moving",29,-14.69295,145.44156,"run_day_11652_liz21_del_07_29.json","07",11652
145.441591,-14.693373,690,3.55,2021-11-26 07:26:00,0.0540655519545481,6011.81508358355,"moving",29,-14.69295,145.44156,"run_day_11652_liz21_del_07_29.json","07",11652
145.441712,-14.693879,690,3.55,2021-11-26 07:38:00,0.0577502196382127,6421.53143637822,"moving",29,-14.69295,145.44156,"run_day_11652_liz21_del_07_29.json","07",11652
145.441861,-14.694374,690,3.55,2021-11-26 07:50:00,0.0573271616497095,6374.4895343802,"moving",29,-14.69295,145.44156,"run_day_11652_liz21_del_07_29.json","07",11652
145.44178,-14.693349,691,3.55,2021-11-26 07:12:00,0.0478872786916773,5324.8224413286,"moving",29,-14.69295,145.44156,"run_day_11652_liz21_del_07_29.json","07",11652
145.441864,-14.69374,691,3.55,2021-11-26 07:24:00,0.0444060573203895,4937.72828631478,"moving",29,-14.69295,145.44156,"run_day_11652_liz21_del_07_29.json","07",11652
145.441978,-14.694134,691,3.55,2021-11-26 07:36:00,0.0454943307059724,5058.7387655939,"moving",29,-14.69295,145.44156,"run_day_11652_liz21_del_07_29.json","07",11652
145.442096,-14.694553,691,3.55,2021-11-26 07:48:00,0.0482884456999013,5369.43017738028,"moving",29,-14.69295,145.44156,"run_day_11652_liz21_del_07_29.json","07",11652
145.44177,-14.693286,692,3.55,2021-11-26 07:20:00,0.0474494423936442,5276.13726628648,"moving",29,-14.69295,145.44156,"run_day_11652_liz21_del_07_29.json","07",11652
145.441847,-14.693675,692,3.55,2021-11-26 07:32:00,0.0440405674514302,4897.08766714652,"moving",29,-14.69295,145.44156,"run_day_11652_liz21_del_07_29.json","07",11652
145.441954,-14.694064,692,3.55,2021-11-26 07:44:00,0.0447597031823239,4977.05191199073,"moving",29,-14.69295,145.44156,"run_day_11652_liz21_del_07_29.json","07",11652
145.442068,-14.694468,692,3.55,2021-11-26 07:56:00,0.0465660915374326,5177.91313262863,"moving",29,-14.69295,145.44156,"run_day_11652_liz21_del_07_29.json","07",11652
145.441675,-14.693481,693,3.55,2021-11-26 07:51:00,0.0535179768776485,5950.92751307531,"moving",29,-14.69295,145.44156,"run_day_11652_liz21_del_07_29.json","07",11652
145.441782,-14.693966,693,3.55,2021-11-26 08:03:00,0.0551438701557804,6131.71859686907,"moving",29,-14.69295,145.44156,"run_day_11652_liz21_del_07_29.json","07",11652
145.441915,-14.694413,693,3.55,2021-11-26 08:15:00,0.0517217593724243,5751.19723934424,"moving",29,-14.69295,145.44156,"run_day_11652_liz21_del_07_29.json","07",11652
145.441747,-14.693231,694,3.55,2021-11-26 07:11:00,0.0492575840945169,5477.19345007799,"moving",29,-14.69295,145.44156,"run_day_11652_liz21_del_07_29.json","07",11652
145.441826,-14.693638,694,3.55,2021-11-26 07:23:00,0.0460471165624669,5120.20574835695,"moving",29,-14.69295,145.44156,"run_day_11652_liz21_del_07_29.json","07",11652
145.441937,-14.694037,694,3.55,2021-11-26 07:35:00,0.0459450740263581,5108.8591360397,"moving",29,-14.69295,145.44156,"run_day_11652_liz21_del_07_29.json","07",11652
145.442054,-14.694455,694,3.55,2021-11-26 07:47:00,0.0481529495255106,5354.36369020829,"moving",29,-14.69295,145.44156,"run_day_11652_liz21_del_07_29.json","07",11652
145.441581,-14.693218,695,3.55,2021-11-26 07:35:00,0.0521878855178757,5803.02810189482,"moving",29,-14.69295,145.44156,"run_day_11652_liz21_del_07_29.json","07",11652
145.441684,-14.693712,695,3.55,2021-11-26 07:47:00,0.0560363352166922,6230.95618385,"moving",29,-14.69295,145.44156,"run_day_11652_liz21_del_07_29.json","07",11652
145.441819,-14.694207,695,3.55,2021-11-26 07:59:00,0.0569245676773781,6329.72312715927,"moving",29,-14.69295,145.44156,"run_day_11652_liz21_del_07_29.json","07",11652
145.441973,-14.694668,695,3.55,2021-11-26 08:11:00,0.0538705834521586,5990.13557526236,"moving",29,-14.69295,145.44156,"run_day_11652_liz21_del_07_29.json","07",11652
145.441514,-14.693614,696,3.55,2021-11-26 07:53:00,0.0586557529349141,6522.22214487914,"moving",29,-14.69295,145.44156,"run_day_11652_liz21_del_07_29.json","07",11652
145.441658,-14.694144,696,3.55,2021-11-26 08:05:00,0.060934599852004,6775.61836065912,"moving",29,-14.69295,145.44156,"run_day_11652_liz21_del_07_29.json","07",11652
145.441833,-14.694655,696,3.55,2021-11-26 08:17:00,0.0598571111246359,6655.80708065908,"moving",29,-14.69295,145.44156,"run_day_11652_liz21_del_07_29.json","07",11652
145.441701,-14.693387,697,3.55,2021-11-26 08:01:00,0.0515035474117271,5726.93317638155,"moving",29,-14.69295,145.44156,"run_day_11652_liz21_del_07_29.json","07",11652
145.441789,-14.693842,697,3.55,2021-11-26 08:13:00,0.0514714533523682,5723.36447980541,"moving",29,-14.69295,145.44156,"run_day_11652_liz21_del_07_29.json","07",11652
145.441903,-14.694263,697,3.55,2021-11-26 08:25:00,0.0483922581270374,5380.97359260047,"moving",29,-14.69295,145.44156,"run_day_11652_liz21_del_07_29.json","07",11652
145.442038,-14.694675,697,3.55,2021-11-26 08:37:00,0.0480583777500986,5343.84778857871,"moving",29,-14.69295,145.44156,"run_day_11652_liz21_del_07_29.json","07",11652
145.441726,-14.693395,698,3.55,2021-11-26 07:35:00,0.0508660803134423,5656.05006914945,"moving",29,-14.69295,145.44156,"run_day_11652_liz21_del_07_29.json","07",11652
145.441821,-14.693839,698,3.55,2021-11-26 07:47:00,0.0504168570733788,5606.09872392356,"moving",29,-14.69295,145.44156,"run_day_11652_liz21_del_07_29.json","07",11652
145.441941,-14.694264,698,3.55,2021-11-26 07:59:00,0.0489887132469855,5447.29637590987,"moving",29,-14.69295,145.44156,"run_day_11652_liz21_del_07_29.json","07",11652
145.441463,-14.693485,699,3.55,2021-11-26 07:46:00,0.058404525135447,6494.28688814631,"moving",29,-14.69295,145.44156,"run_day_11652_liz21_del_07_29.json","07",11652
145.441604,-14.694018,699,3.55,2021-11-26 07:58:00,0.0611765004525519,6802.51648019232,"moving",29,-14.69295,145.44156,"run_day_11652_liz21_del_07_29.json","07",11652
145.441777,-14.694545,699,3.55,2021-11-26 08:10:00,0.0614830771829462,6836.60625723945,"moving",29,-14.69295,145.44156,"run_day_11652_liz21_del_07_29.json","07",11652
145.441533,-14.693583,700,3.55,2021-11-26 07:20:00,0.0583780737019229,6491.34562293596,"moving",29,-14.69295,145.44156,"run_day_11652_liz21_del_07_29.json","07",11652
145.441689,-14.694112,700,3.55,2021-11-26 07:32:00,0.0611684506566152,6801.62138372364,"moving",29,-14.69295,145.44156,"run_day_11652_liz21_del_07_29.json","07",11652
145.441865,-14.694633,700,3.55,2021-11-26 07:44:00,0.0609469782790425,6776.99477894564,"moving",29,-14.69295,145.44156,"run_day_11652_liz21_del_07_29.json","07",11652
145.441742,-14.69366,701,3.55,2021-11-26 07:12:00,0.055386583674379,6158.70710876528,"moving",29,-14.69295,145.44156,"run_day_11652_liz21_del_07_29.json","07",11652
145.441877,-14.694121,701,3.55,2021-11-26 07:24:00,0.053277734097457,5924.21373475504,"moving",29,-14.69295,145.44156,"run_day_11652_liz21_del_07_29.json","07",11652
145.442016,-14.69458,701,3.55,2021-11-26 07:36:00,0.0531831276008525,5913.693972305,"moving",29,-14.69295,145.44156,"run_day_11652_liz21_del_07_29.json","07",11652
145.441746,-14.693584,702,3.55,2021-11-26 07:42:00,0.0523795435831272,5824.3395064013,"moving",29,-14.69295,145.44156,"run_day_11652_liz21_del_07_29.json","07",11652
145.441857,-14.694028,702,3.55,2021-11-26 07:54:00,0.0507936022857459,5647.9908801764,"moving",29,-14.69295,145.44156,"run_day_11652_liz21_del_07_29.json","07",11652
145.441985,-14.694458,702,3.55,2021-11-26 08:06:00,0.0497564423620194,5532.66395853896,"moving",29,-14.69295,145.44156,"run_day_11652_liz21_del_07_29.json","07",11652
145.441674,-14.693469,703,3.55,2021-11-26 07:34:00,0.0531420291062596,5909.12402821355,"moving",29,-14.69295,145.44156,"run_day_11652_liz21_del_07_29.json","07",11652
145.44179,-14.693956,703,3.55,2021-11-26 07:46:00,0.0555706868358811,6179.17844630354,"moving",29,-14.69295,145.44156,"run_day_11652_liz21_del_07_29.json","07",11652
145.441928,-14.694416,703,3.55,2021-11-26 07:58:00,0.0532597752190205,5922.21679858468,"moving",29,-14.69295,145.44156,"run_day_11652_liz21_del_07_29.json","07",11652
145.441739,-14.693383,704,3.55,2021-11-26 07:36:00,0.0501521681150245,5576.66665461573,"moving",29,-14.69295,145.44156,"run_day_11652_liz21_del_07_29.json","07",11652
145.441829,-14.693814,704,3.55,2021-11-26 07:48:00,0.0488928859513121,5436.64086679692,"moving",29,-14.69295,145.44156,"run_day_11652_liz21_del_07_29.json","07",11652
145.441944,-14.694228,704,3.55,2021-11-26 08:00:00,0.0476674997883579,5300.38414229597,"moving",29,-14.69295,145.44156,"run_day_11652_liz21_del_07_29.json","07",11652
145.442075,-14.694642,704,3.55,2021-11-26 08:12:00,0.0481427508273656,5353.22964671619,"moving",29,-14.69295,145.44156,"run_day_11652_liz21_del_07_29.json","07",11652
145.441485,-14.693436,705,3.55,2021-11-26 08:05:00,0.0571498308587548,6354.77125008818,"moving",29,-14.69295,145.44156,"run_day_11652_liz21_del_07_29.json","07",11652
145.441608,-14.693949,705,3.55,2021-11-26 08:17:00,0.0585570489066993,6511.24675770227,"moving",29,-14.69295,145.44156,"run_day_11652_liz21_del_07_29.json","07",11652
145.441766,-14.694457,705,3.55,2021-11-26 08:29:00,0.0589880157154266,6559.16808038494,"moving",29,-14.69295,145.44156,"run_day_11652_liz21_del_07_29.json","07",11652
145.441741,-14.693446,706,3.55,2021-11-26 07:53:00,0.0508458284512665,5653.79816482039,"moving",29,-14.69295,145.44156,"run_day_11652_liz21_del_07_29.json","07",11652
145.441831,-14.693876,706,3.55,2021-11-26 08:05:00,0.0487838966326334,5424.5218075014,"moving",29,-14.69295,145.44156,"run_day_11652_liz21_del_07_29.json","07",11652
145.441943,-14.694282,706,3.55,2021-11-26 08:17:00,0.0467247497877548,5195.55512513476,"moving",29,-14.69295,145.44156,"run_day_11652_liz21_del_07_29.json","07",11652
145.441714,-14.693565,707,3.55,2021-11-26 07:30:00,0.0534287351014655,5941.00428031901,"moving",29,-14.69295,145.44156,"run_day_11652_liz21_del_07_29.json","07",11652
145.441836,-14.694034,707,3.55,2021-11-26 07:42:00,0.0537759822853138,5979.61640545456,"moving",29,-14.69295,145.44156,"run_day_11652_liz21_del_07_29.json","07",11652
145.441973,-14.694487,707,3.55,2021-11-26 07:54:00,0.052482395006112,5835.77606283538,"moving",29,-14.69295,145.44156,"run_day_11652_liz21_del_07_29.json","07",11652
145.441619,-14.693414,708,3.55,2021-11-26 07:19:00,0.054537415131985,6064.28387498492,"moving",29,-14.69295,145.44156,"run_day_11652_liz21_del_07_29.json","07",11652
145.441744,-14.693916,708,3.55,2021-11-26 07:31:00,0.0574161876861246,6384.38877796884,"moving",29,-14.69295,145.44156,"run_day_11652_liz21_del_07_29.json","07",11652
145.441891,-14.694403,708,3.55,2021-11-26 07:43:00,0.056412947539231,6272.83356342813,"moving",29,-14.69295,145.44156,"run_day_11652_liz21_del_07_29.json","07",11652
145.441759,-14.693375,709,3.55,2021-11-26 07:41:00,0.0486353644821294,5408.00578592175,"moving",29,-14.69295,145.44156,"run_day_11652_liz21_del_07_29.json","07",11652
145.441842,-14.693787,709,3.55,2021-11-26 07:53:00,0.0466740323489908,5189.91560325179,"moving",29,-14.69295,145.44156,"run_day_11652_liz21_del_07_29.json","07",11652
145.44195,-14.694184,709,3.55,2021-11-26 08:05:00,0.0456471791722517,5075.73473958956,"moving",29,-14.69295,145.44156,"run_day_11652_liz21_del_07_29.json","07",11652
145.442072,-14.694585,709,3.55,2021-11-26 08:17:00,0.0464799168225317,5168.3309415266,"moving",29,-14.69295,145.44156,"run_day_11652_liz21_del_07_29.json","07",11652
145.441553,-14.693376,710,3.55,2021-11-26 07:35:00,0.0548370638878734,6097.60329641506,"moving",29,-14.69295,145.44156,"run_day_11652_liz21_del_07_29.json","07",11652
145.441676,-14.693889,710,3.55,2021-11-26 07:47:00,0.0585570497274767,6511.24684896855,"moving",29,-14.69295,145.44156,"run_day_11652_liz21_del_07_29.json","07",11652
145.44183,-14.694398,710,3.55,2021-11-26 07:59:00,0.0589722210302139,6557.41179152134,"moving",29,-14.69295,145.44156,"run_day_11652_liz21_del_07_29.json","07",11652
145.441761,-14.693178,711,3.55,2021-11-26 07:51:00,0.0459880451274437,5113.63730447276,"moving",29,-14.69295,145.44156,"run_day_11652_liz21_del_07_29.json","07",11652
145.441825,-14.693564,711,3.55,2021-11-26 08:03:00,0.043469747483124,4833.61538264347,"moving",29,-14.69295,145.44156,"run_day_11652_liz21_del_07_29.json","07",11652
145.441907,-14.693929,711,3.55,2021-11-26 08:15:00,0.0415334085274146,4618.30431450436,"moving",29,-14.69295,145.44156,"run_day_11652_liz21_del_07_29.json","07",11652
145.442007,-14.694292,711,3.55,2021-11-26 08:27:00,0.0417722465529559,4644.86189123435,"moving",29,-14.69295,145.44156,"run_day_11652_liz21_del_07_29.json","07",11652
145.442125,-14.694667,711,3.55,2021-11-26 08:39:00,0.0435868580387622,4846.63748228696,"moving",29,-14.69295,145.44156,"run_day_11652_liz21_del_07_29.json","07",11652
145.441558,-14.693333,712,3.55,2021-11-26 07:30:00,0.0541630387594376,6022.65512170206,"moving",29,-14.69295,145.44156,"run_day_11652_liz21_del_07_29.json","07",11652
145.441678,-14.693841,712,3.55,2021-11-26 07:42:00,0.0579428569241713,6442.95172525939,"moving",29,-14.69295,145.44156,"run_day_11652_liz21_del_07_29.json","07",11652
145.441829,-14.694348,712,3.55,2021-11-26 07:54:00,0.058668673742379,6523.65887311738,"moving",29,-14.69295,145.44156,"run_day_11652_liz21_del_07_29.json","07",11652
145.441647,-14.693297,713,3.55,2021-11-26 07:51:00,0.0519003529380576,5771.05593777402,"moving",29,-14.69295,145.44156,"run_day_11652_liz21_del_07_29.json","07",11652
145.44174,-14.693782,713,3.55,2021-11-26 08:03:00,0.0548493750541183,6098.97223564257,"moving",29,-14.69295,145.44156,"run_day_11652_liz21_del_07_29.json","07",11652
145.441861,-14.694234,713,3.55,2021-11-26 08:15:00,0.0519177879193483,5772.99461923969,"moving",29,-14.69295,145.44156,"run_day_11652_liz21_del_07_29.json","07",11652
145.442003,-14.694666,713,3.55,2021-11-26 08:27:00,0.0504058433593473,5604.87405479974,"moving",29,-14.69295,145.44156,"run_day_11652_liz21_del_07_29.json","07",11652
145.441514,-14.693287,714,3.55,2021-11-26 07:42:00,0.0547536758046645,6088.33096461962,"moving",29,-14.69295,145.44156,"run_day_11652_liz21_del_07_29.json","07",11652
145.441632,-14.693798,714,3.55,2021-11-26 07:54:00,0.0582208354389212,6473.86152581576,"moving",29,-14.69295,145.44156,"run_day_11652_liz21_del_07_29.json","07",11652
145.44178,-14.694313,714,3.55,2021-11-26 08:06:00,0.0594367462359009,6609.06463769226,"moving",29,-14.69295,145.44156,"run_day_11652_liz21_del_07_29.json","07",11652
145.441729,-14.69339,715,3.55,2021-11-26 07:42:00,0.0508090752899457,5649.71139974337,"moving",29,-14.69295,145.44156,"run_day_11652_liz21_del_07_29.json","07",11652
145.44182,-14.69383,715,3.55,2021-11-26 07:54:00,0.0498952110056672,5548.09432768995,"moving",29,-14.69295,145.44156,"run_day_11652_liz21_del_07_29.json","07",11652
145.441935,-14.694247,715,3.55,2021-11-26 08:06:00,0.0479897357844005,5336.21515023817,"moving",29,-14.69295,145.44156,"run_day_11652_liz21_del_07_29.json","07",11652
145.442068,-14.694659,715,3.55,2021-11-26 08:18:00,0.0479938211372044,5336.66942074351,"moving",29,-14.69295,145.44156,"run_day_11652_liz21_del_07_29.json","07",11652
145.441579,-14.693213,716,3.55,2021-11-26 08:06:00,0.0521374350575297,5797.41826665747,"moving",29,-14.69295,145.44156,"run_day_11652_liz21_del_07_29.json","07",11652
145.441673,-14.693693,716,3.55,2021-11-26 08:18:00,0.054322735479832,6040.41258681169,"moving",29,-14.69295,145.44156,"run_day_11652_liz21_del_07_29.json","07",11652
145.441791,-14.694171,716,3.55,2021-11-26 08:30:00,0.0546455035989909,6076.30276414476,"moving",29,-14.69295,145.44156,"run_day_11652_liz21_del_07_29.json","07",11652
145.441937,-14.694616,716,3.55,2021-11-26 08:42:00,0.0519137925727568,5772.55035696853,"moving",29,-14.69295,145.44156,"run_day_11652_liz21_del_07_29.json","07",11652
145.441467,-14.693371,717,3.55,2021-11-26 07:15:00,0.0578122811628892,6428.43236306207,"moving",29,-14.69295,145.44156,"run_day_11652_liz21_del_07_29.json","07",11652
145.441611,-14.693894,717,3.55,2021-11-26 07:27:00,0.0601821290655838,6691.94742676096,"moving",29,-14.69295,145.44156,"run_day_11652_liz21_del_07_29.json","07",11652
145.441782,-14.694427,717,3.55,2021-11-26 07:39:00,0.0620551922338475,6900.22254835666,"moving",29,-14.69295,145.44156,"run_day_11652_liz21_del_07_29.json","07",11652
145.441613,-14.693297,718,3.55,2021-11-26 07:21:00,0.0530795296418302,5902.17440485099,"moving",29,-14.69295,145.44156,"run_day_11652_liz21_del_07_29.json","07",11652
145.441723,-14.693791,718,3.55,2021-11-26 07:33:00,0.0561900336824041,6248.04667347021,"moving",29,-14.69295,145.44156,"run_day_11652_liz21_del_07_29.json","07",11652
145.441865,-14.694274,718,3.55,2021-11-26 07:45:00,0.055836641574286,6208.75126393125,"moving",29,-14.69295,145.44156,"run_day_11652_liz21_del_07_29.json","07",11652
145.441534,-14.693393,719,3.55,2021-11-26 07:41:00,0.0555358227503758,6175.30173687325,"moving",29,-14.69295,145.44156,"run_day_11652_liz21_del_07_29.json","07",11652
145.441659,-14.69391,719,3.55,2021-11-26 07:53:00,0.0590390306091702,6564.84067775253,"moving",29,-14.69295,145.44156,"run_day_11652_liz21_del_07_29.json","07",11652
145.441816,-14.694423,719,3.55,2021-11-26 08:05:00,0.0594900138556458,6614.98772676232,"moving",29,-14.69295,145.44156,"run_day_11652_liz21_del_07_29.json","07",11652
145.441598,-14.693194,720,3.55,2021-11-26 07:50:00,0.0517021104838368,5749.01238261911,"moving",29,-14.69295,145.44156,"run_day_11652_liz21_del_07_29.json","07",11652
145.441692,-14.693683,720,3.55,2021-11-26 08:02:00,0.0553063175953476,6149.78192799534,"moving",29,-14.69295,145.44156,"run_day_11652_liz21_del_07_29.json","07",11652
145.441812,-14.694159,720,3.55,2021-11-26 08:14:00,0.0544797825992465,6057.87542973472,"moving",29,-14.69295,145.44156,"run_day_11652_liz21_del_07_29.json","07",11652
145.441956,-14.694604,720,3.55,2021-11-26 08:26:00,0.0518491275017423,5765.3599291406,"moving",29,-14.69295,145.44156,"run_day_11652_liz21_del_07_29.json","07",11652
145.441662,-14.693395,721,3.55,2021-11-26 08:02:00,0.0524947103678992,5837.14546858591,"moving",29,-14.69295,145.44156,"run_day_11652_liz21_del_07_29.json","07",11652
145.441757,-14.693872,721,3.55,2021-11-26 08:14:00,0.0540152569851814,6006.22253815423,"moving",29,-14.69295,145.44156,"run_day_11652_liz21_del_07_29.json","07",11652
145.441881,-14.694315,721,3.55,2021-11-26 08:26:00,0.0510329803013843,5674.60850106563,"moving",29,-14.69295,145.44156,"run_day_11652_liz21_del_07_29.json","07",11652
145.441707,-14.693365,722,3.55,2021-11-26 07:20:00,0.0517298938886792,5752.10175628249,"moving",29,-14.69295,145.44156,"run_day_11652_liz21_del_07_29.json","07",11652
145.441808,-14.693821,722,3.55,2021-11-26 07:32:00,0.0518555589288937,5766.07507121092,"moving",29,-14.69295,145.44156,"run_day_11652_liz21_del_07_29.json","07",11652
145.441936,-14.694261,722,3.55,2021-11-26 07:44:00,0.0508259128682004,5651.58365302228,"moving",29,-14.69295,145.44156,"run_day_11652_liz21_del_07_29.json","07",11652
145.441542,-14.693429,723,3.55,2021-11-26 08:00:00,0.0559566752248806,6222.098396904,"moving",29,-14.69295,145.44156,"run_day_11652_liz21_del_07_29.json","07",11652
145.441659,-14.693936,723,3.55,2021-11-26 08:12:00,0.0577633043241704,6422.98638707345,"moving",29,-14.69295,145.44156,"run_day_11652_liz21_del_07_29.json","07",11652
145.441808,-14.694432,723,3.55,2021-11-26 08:24:00,0.0574339303952298,6386.36167720627,"moving",29,-14.69295,145.44156,"run_day_11652_liz21_del_07_29.json","07",11652
145.441656,-14.693606,724,3.55,2021-11-26 07:52:00,0.055318848804193,6151.17533484368,"moving",29,-14.69295,145.44156,"run_day_11652_liz21_del_07_29.json","07",11652
145.44178,-14.694106,724,3.55,2021-11-26 08:04:00,0.0571748159940742,6357.54947037723,"moving",29,-14.69295,145.44156,"run_day_11652_liz21_del_07_29.json","07",11652
145.441928,-14.694567,724,3.55,2021-11-26 08:16:00,0.0536756692260057,5968.4621021833,"moving",29,-14.69295,145.44156,"run_day_11652_liz21_del_07_29.json","07",11652
145.441571,-14.69334,725,3.55,2021-11-26 07:16:00,0.0549452976364001,6109.63834014295,"moving",29,-14.69295,145.44156,"run_day_11652_liz21_del_07_29.json","07",11652
145.441695,-14.693846,725,3.55,2021-11-26 07:28:00,0.0578237926610333,6429.71238325377,"moving",29,-14.69295,145.44156,"run_day_11652_liz21_del_07_29.json","07",11652
145.441848,-14.69435,725,3.55,2021-11-26 07:40:00,0.058408442190442,6494.72244478915,"moving",29,-14.69295,145.44156,"run_day_11652_liz21_del_07_29.json","07",11652
145.441492,-14.693465,726,3.55,2021-11-26 08:08:00,0.0571004161102675,6349.27658075497,"moving",29,-14.69295,145.44156,"run_day_11652_liz21_del_07_29.json","07",11652
145.441616,-14.693977,726,3.55,2021-11-26 08:20:00,0.0584731733807439,6501.92022474638,"moving",29,-14.69295,145.44156,"run_day_11652_liz21_del_07_29.json","07",11652
145.441774,-14.694482,726,3.55,2021-11-26 08:32:00,0.0586686524875222,6523.65650968514,"moving",29,-14.69295,145.44156,"run_day_11652_liz21_del_07_29.json","07",11652
145.441668,-14.693572,727,3.55,2021-11-26 07:28:00,0.054728970356581,6085.58384413226,"moving",29,-14.69295,145.44156,"run_day_11652_liz21_del_07_29.json","07",11652
145.441801,-14.694068,727,3.55,2021-11-26 07:40:00,0.0569777047270999,6335.6316975052,"moving",29,-14.69295,145.44156,"run_day_11652_liz21_del_07_29.json","07",11652
145.441949,-14.694541,727,3.55,2021-11-26 07:52:00,0.0549514035011661,6110.31728132772,"moving",29,-14.69295,145.44156,"run_day_11652_liz21_del_07_29.json","07",11652
145.441583,-14.693569,728,3.55,2021-11-26 07:24:00,0.0567756611591384,6313.16547778672,"moving",29,-14.69295,145.44156,"run_day_11652_liz21_del_07_29.json","07",11652
145.44173,-14.69409,728,3.55,2021-11-26 07:36:00,0.060051403781908,6677.41143843204,"moving",29,-14.69295,145.44156,"run_day_11652_liz21_del_07_29.json","07",11652
145.441895,-14.694594,728,3.55,2021-11-26 07:48:00,0.0587851325240822,6536.60849880598,"moving",29,-14.69295,145.44156,"run_day_11652_liz21_del_07_29.json","07",11652
145.441645,-14.693641,729,3.55,2021-11-26 07:44:00,0.0559921514821136,6226.04317672465,"moving",29,-14.69295,145.44156,"run_day_11652_liz21_del_07_29.json","07",11652
145.44178,-14.694149,729,3.55,2021-11-26 07:56:00,0.0583234497448007,6485.27171603072,"moving",29,-14.69295,145.44156,"run_day_11652_liz21_del_07_29.json","07",11652
145.441937,-14.694624,729,3.55,2021-11-26 08:08:00,0.0554513792018332,6165.91204268745,"moving",29,-14.69295,145.44156,"run_day_11652_liz21_del_07_29.json","07",11652
145.441725,-14.693657,730,3.55,2021-11-26 07:13:00,0.0559061332884373,6216.47838998871,"moving",29,-14.69295,145.44156,"run_day_11652_liz21_del_07_29.json","07",11652
145.441862,-14.694129,730,3.55,2021-11-26 07:25:00,0.0545133496892629,6061.60791984676,"moving",29,-14.69295,145.44156,"run_day_11652_liz21_del_07_29.json","07",11652
145.442005,-14.694593,730,3.55,2021-11-26 07:37:00,0.0538382379819719,5986.53892307766,"moving",29,-14.69295,145.44156,"run_day_11652_liz21_del_07_29.json","07",11652
145.441603,-14.693176,731,3.55,2021-11-26 07:50:00,0.0513535381798736,5710.2529108496,"moving",29,-14.69295,145.44156,"run_day_11652_liz21_del_07_29.json","07",11652
145.441695,-14.693662,731,3.55,2021-11-26 08:02:00,0.0549392352227044,6108.96423049677,"moving",29,-14.69295,145.44156,"run_day_11652_liz21_del_07_29.json","07",11652
145.441813,-14.694136,731,3.55,2021-11-26 08:14:00,0.0542129856514262,6028.20896269285,"moving",29,-14.69295,145.44156,"run_day_11652_liz21_del_07_29.json","07",11652
145.441954,-14.694578,731,3.55,2021-11-26 08:26:00,0.0514348070497631,5719.28959687544,"moving",29,-14.69295,145.44156,"run_day_11652_liz21_del_07_29.json","07",11652
145.441773,-14.693454,732,3.55,2021-11-26 07:53:00,0.0482347850173717,5363.46338172271,"moving",29,-14.69295,145.44156,"run_day_11652_liz21_del_07_29.json","07",11652
145.441857,-14.693858,732,3.55,2021-11-26 08:05:00,0.0458222981191759,5095.20707804687,"moving",29,-14.69295,145.44156,"run_day_11652_liz21_del_07_29.json","07",11652
145.441962,-14.694245,732,3.55,2021-11-26 08:17:00,0.0444897318483212,4947.03246931017,"moving",29,-14.69295,145.44156,"run_day_11652_liz21_del_07_29.json","07",11652
145.442085,-14.694637,732,3.55,2021-11-26 08:29:00,0.0455518695940284,5065.13679803049,"moving",29,-14.69295,145.44156,"run_day_11652_liz21_del_07_29.json","07",11652
145.441469,-14.693533,733,3.55,2021-11-26 08:07:00,0.0584395018684304,6498.17612340467,"moving",29,-14.69295,145.44156,"run_day_11652_liz21_del_07_29.json","07",11652
145.441602,-14.694053,733,3.55,2021-11-26 08:19:00,0.0595646729465322,6623.28943889677,"moving",29,-14.69295,145.44156,"run_day_11652_liz21_del_07_29.json","07",11652
145.441771,-14.694565,733,3.55,2021-11-26 08:31:00,0.0597632400468521,6645.36909305087,"moving",29,-14.69295,145.44156,"run_day_11652_liz21_del_07_29.json","07",11652
145.441485,-14.693382,734,3.55,2021-11-26 07:39:00,0.0565214812238028,6284.90195852256,"moving",29,-14.69295,145.44156,"run_day_11652_liz21_del_07_29.json","07",11652
145.441617,-14.693906,734,3.55,2021-11-26 07:51:00,0.0599709777630497,6668.46847316477,"moving",29,-14.69295,145.44156,"run_day_11652_liz21_del_07_29.json","07",11652
145.441781,-14.694431,734,3.55,2021-11-26 08:03:00,0.0609841503842734,6781.12812846002,"moving",29,-14.69295,145.44156,"run_day_11652_liz21_del_07_29.json","07",11652
145.441588,-14.693475,735,3.55,2021-11-26 07:29:00,0.0551974909454278,6137.68095664054,"moving",29,-14.69295,145.44156,"run_day_11652_liz21_del_07_29.json","07",11652
145.441722,-14.69399,735,3.55,2021-11-26 07:41:00,0.0590512822293322,6566.20299575773,"moving",29,-14.69295,145.44156,"run_day_11652_liz21_del_07_29.json","07",11652
145.441878,-14.694488,735,3.55,2021-11-26 07:53:00,0.0578613494038627,6433.8885025177,"moving",29,-14.69295,145.44156,"run_day_11652_liz21_del_07_29.json","07",11652
145.441718,-14.693667,736,3.55,2021-11-26 07:42:00,0.0546705279055179,6079.08534007336,"moving",29,-14.69295,145.44156,"run_day_11652_liz21_del_07_29.json","07",11652
145.441844,-14.694139,736,3.55,2021-11-26 07:54:00,0.0542055051677037,6027.37717085406,"moving",29,-14.69295,145.44156,"run_day_11652_liz21_del_07_29.json","07",11652
145.441987,-14.69459,736,3.55,2021-11-26 08:06:00,0.0524545743822762,5832.68255060875,"moving",29,-14.69295,145.44156,"run_day_11652_liz21_del_07_29.json","07",11652
145.441689,-14.693534,737,3.55,2021-11-26 07:32:00,0.0535991937740052,5959.958419908,"moving",29,-14.69295,145.44156,"run_day_11652_liz21_del_07_29.json","07",11652
145.441812,-14.694016,737,3.55,2021-11-26 07:44:00,0.0552046252568606,6138.47425587697,"moving",29,-14.69295,145.44156,"run_day_11652_liz21_del_07_29.json","07",11652
145.441951,-14.694476,737,3.55,2021-11-26 07:56:00,0.0532898496685539,5925.56092479442,"moving",29,-14.69295,145.44156,"run_day_11652_liz21_del_07_29.json","07",11652
145.441602,-14.693413,738,3.55,2021-11-26 07:53:00,0.0543155242022686,6039.61072933201,"moving",29,-14.69295,145.44156,"run_day_11652_liz21_del_07_29.json","07",11652
145.441712,-14.693917,738,3.55,2021-11-26 08:05:00,0.0572775310317075,6368.97086145215,"moving",29,-14.69295,145.44156,"run_day_11652_liz21_del_07_29.json","07",11652
145.441852,-14.694394,738,3.55,2021-11-26 08:17:00,0.0551360777231148,6130.85211789044,"moving",29,-14.69295,145.44156,"run_day_11652_liz21_del_07_29.json","07",11652
145.441784,-14.693494,739,3.55,2021-11-26 07:22:00,0.0483252412584365,5373.52165681245,"moving",29,-14.69295,145.44156,"run_day_11652_liz21_del_07_29.json","07",11652
145.441885,-14.6939,739,3.55,2021-11-26 07:34:00,0.0464337920562243,5163.20210152056,"moving",29,-14.69295,145.44156,"run_day_11652_liz21_del_07_29.json","07",11652
145.442003,-14.694312,739,3.55,2021-11-26 07:46:00,0.0475378915927635,5285.97236849432,"moving",29,-14.69295,145.44156,"run_day_11652_liz21_del_07_29.json","07",11652
145.441595,-14.693166,740,3.55,2021-11-26 07:28:00,0.0511177098873858,5684.0300011657,"moving",29,-14.69295,145.44156,"run_day_11652_liz21_del_07_29.json","07",11652
145.441695,-14.693651,740,3.55,2021-11-26 07:40:00,0.0549916680768964,6114.79449787241,"moving",29,-14.69295,145.44156,"run_day_11652_liz21_del_07_29.json","07",11652
145.441825,-14.694138,740,3.55,2021-11-26 07:52:00,0.0559280239378216,6218.91251914119,"moving",29,-14.69295,145.44156,"run_day_11652_liz21_del_07_29.json","07",11652
145.441973,-14.694599,740,3.55,2021-11-26 08:04:00,0.0536756685345607,5968.46202529812,"moving",29,-14.69295,145.44156,"run_day_11652_liz21_del_07_29.json","07",11652
145.441493,-14.693374,741,3.55,2021-11-26 07:49:00,0.0564182279004356,6273.42071280493,"moving",29,-14.69295,145.44156,"run_day_11652_liz21_del_07_29.json","07",11652
145.441618,-14.693894,741,3.55,2021-11-26 08:01:00,0.0593638992819241,6600.96442598852,"moving",29,-14.69295,145.44156,"run_day_11652_liz21_del_07_29.json","07",11652
145.441775,-14.69441,741,3.55,2021-11-26 08:13:00,0.059809952488204,6650.56327954038,"moving",29,-14.69295,145.44156,"run_day_11652_liz21_del_07_29.json","07",11652
145.441543,-14.693342,742,3.55,2021-11-26 07:41:00,0.0548124810543423,6094.86981004386,"moving",29,-14.69295,145.44156,"run_day_11652_liz21_del_07_29.json","07",11652
145.441661,-14.693853,742,3.55,2021-11-26 07:53:00,0.058220834743332,6473.86144846978,"moving",29,-14.69295,145.44156,"run_day_11652_liz21_del_07_29.json","07",11652
145.441811,-14.694362,742,3.55,2021-11-26 08:05:00,0.0588528277314832,6544.13586242713,"moving",29,-14.69295,145.44156,"run_day_11652_liz21_del_07_29.json","07",11652
145.441537,-14.69338,743,3.55,2021-11-26 07:39:00,0.0552946565372793,6148.48527749884,"moving",29,-14.69295,145.44156,"run_day_11652_liz21_del_07_29.json","07",11652
145.441661,-14.693896,743,3.55,2021-11-26 07:51:00,0.0589063170646646,6550.0836049065,"moving",29,-14.69295,145.44156,"run_day_11652_liz21_del_07_29.json","07",11652
145.441816,-14.694408,743,3.55,2021-11-26 08:03:00,0.059322588141316,6596.37083673901,"moving",29,-14.69295,145.44156,"run_day_11652_liz21_del_07_29.json","07",11652
145.441681,-14.693532,744,3.55,2021-11-26 08:00:00,0.0538067276493546,5983.03513395374,"moving",29,-14.69295,145.44156,"run_day_11652_liz21_del_07_29.json","07",11652
145.441788,-14.694009,744,3.55,2021-11-26 08:12:00,0.0542742168614326,6035.01756259787,"moving",29,-14.69295,145.44156,"run_day_11652_liz21_del_07_29.json","07",11652
145.441921,-14.694451,744,3.55,2021-11-26 08:24:00,0.0511877031244568,5691.81289402742,"moving",29,-14.69295,145.44156,"run_day_11652_liz21_del_07_29.json","07",11652
145.44159,-14.693624,745,3.55,2021-11-26 07:14:00,0.0582813912479421,6480.59502455775,"moving",29,-14.69295,145.44156,"run_day_11652_liz21_del_07_29.json","07",11652
145.441746,-14.694148,745,3.55,2021-11-26 07:26:00,0.0606339933977195,6742.19244802608,"moving",29,-14.69295,145.44156,"run_day_11652_liz21_del_07_29.json","07",11652
145.441914,-14.694652,745,3.55,2021-11-26 07:38:00,0.05888334907715,6547.52968121964,"moving",29,-14.69295,145.44156,"run_day_11652_liz21_del_07_29.json","07",11652
145.441593,-14.693531,746,3.55,2021-11-26 07:38:00,0.0556927840112787,6192.75503276539,"moving",29,-14.69295,145.44156,"run_day_11652_liz21_del_07_29.json","07",11652
145.441727,-14.694049,746,3.55,2021-11-26 07:50:00,0.0593748332670881,6602.18022966677,"moving",29,-14.69295,145.44156,"run_day_11652_liz21_del_07_29.json","07",11652
145.441886,-14.694544,746,3.55,2021-11-26 08:02:00,0.0576370955287462,6408.95260932436,"moving",29,-14.69295,145.44156,"run_day_11652_liz21_del_07_29.json","07",11652
145.441557,-14.693231,747,3.55,2021-11-26 07:34:00,0.0528494585504688,5876.59166672403,"moving",29,-14.69295,145.44156,"run_day_11652_liz21_del_07_29.json","07",11652
145.441666,-14.69373,747,3.55,2021-11-26 07:46:00,0.0567113322129327,6306.01242533225,"moving",29,-14.69295,145.44156,"run_day_11652_liz21_del_07_29.json","07",11652
145.441806,-14.694234,747,3.55,2021-11-26 07:58:00,0.0580300004402617,6452.64164213861,"moving",29,-14.69295,145.44156,"run_day_11652_liz21_del_07_29.json","07",11652
145.441966,-14.694704,747,3.55,2021-11-26 08:10:00,0.0550221384633689,6118.18265026106,"moving",29,-14.69295,145.44156,"run_day_11652_liz21_del_07_29.json","07",11652
145.441589,-14.693219,748,3.55,2021-11-26 07:35:00,0.0520327120096045,5785.77359502543,"moving",29,-14.69295,145.44156,"run_day_11652_liz21_del_07_29.json","07",11652
145.441692,-14.693712,748,3.55,2021-11-26 07:47:00,0.0559273393637288,6218.83639797516,"moving",29,-14.69295,145.44156,"run_day_11652_liz21_del_07_29.json","07",11652
145.441825,-14.694202,748,3.55,2021-11-26 07:59:00,0.0563321516655221,6263.84947217789,"moving",29,-14.69295,145.44156,"run_day_11652_liz21_del_07_29.json","07",11652
145.441977,-14.694661,748,3.55,2021-11-26 08:11:00,0.0535929975208993,5959.26942799841,"moving",29,-14.69295,145.44156,"run_day_11652_liz21_del_07_29.json","07",11652
145.441586,-14.693489,749,3.55,2021-11-26 07:54:00,0.0556238806500805,6185.09332857139,"moving",29,-14.69295,145.44156,"run_day_11652_liz21_del_07_29.json","07",11652
145.441706,-14.694,749,3.55,2021-11-26 08:06:00,0.058268105592038,6479.11772702407,"moving",29,-14.69295,145.44156,"run_day_11652_liz21_del_07_29.json","07",11652
145.441856,-14.694484,749,3.55,2021-11-26 08:18:00,0.056184615094094,6247.44415394055,"moving",29,-14.69295,145.44156,"run_day_11652_liz21_del_07_29.json","07",11652
145.441636,-14.693181,750,3.55,2021-11-26 07:32:00,0.0503079810860269,5593.99226649661,"moving",29,-14.69295,145.44156,"run_day_11652_liz21_del_07_29.json","07",11652
145.441728,-14.693662,750,3.55,2021-11-26 07:44:00,0.0543924454082744,6048.16397719124,"moving",29,-14.69295,145.44156,"run_day_11652_liz21_del_07_29.json","07",11652
145.44185,-14.694125,750,3.55,2021-11-26 07:56:00,0.0531292282214948,5907.70063477113,"moving",29,-14.69295,145.44156,"run_day_11652_liz21_del_07_29.json","07",11652
145.44199,-14.694569,750,3.55,2021-11-26 08:08:00,0.0516158710413928,5739.42299414268,"moving",29,-14.69295,145.44156,"run_day_11652_liz21_del_07_29.json","07",11652
145.44159,-14.69332,751,3.55,2021-11-26 07:30:00,0.0532588365943137,5922.11242827925,"moving",29,-14.69295,145.44156,"run_day_11652_liz21_del_07_29.json","07",11652
145.441703,-14.693822,751,3.55,2021-11-26 07:42:00,0.057127736034975,6352.31441777877,"moving",29,-14.69295,145.44156,"run_day_11652_liz21_del_07_29.json","07",11652
145.441848,-14.694316,751,3.55,2021-11-26 07:54:00,0.0571014047791349,6349.38651571716,"moving",29,-14.69295,145.44156,"run_day_11652_liz21_del_07_29.json","07",11652
145.4417,-14.693352,752,3.55,2021-11-26 07:38:00,0.0511238013798526,5684.7073442237,"moving",29,-14.69295,145.44156,"run_day_11652_liz21_del_07_29.json","07",11652
145.441794,-14.693815,752,3.55,2021-11-26 07:50:00,0.0524666292685271,5834.02299280113,"moving",29,-14.69295,145.44156,"run_day_11652_liz21_del_07_29.json","07",11652
145.441916,-14.694249,752,3.55,2021-11-26 08:02:00,0.0500108171561695,5560.94914511471,"moving",29,-14.69295,145.44156,"run_day_11652_liz21_del_07_29.json","07",11652
145.442054,-14.694674,752,3.55,2021-11-26 08:14:00,0.0495340140266497,5507.93105610385,"moving",29,-14.69295,145.44156,"run_day_11652_liz21_del_07_29.json","07",11652
145.441643,-14.693563,753,3.55,2021-11-26 07:42:00,0.0550556906809525,6121.91348663403,"moving",29,-14.69295,145.44156,"run_day_11652_liz21_del_07_29.json","07",11652
145.441771,-14.694069,753,3.55,2021-11-26 07:54:00,0.0579245369019481,6440.91463173215,"moving",29,-14.69295,145.44156,"run_day_11652_liz21_del_07_29.json","07",11652
145.441922,-14.694543,753,3.55,2021-11-26 08:06:00,0.0551519981956164,6132.6223936624,"moving",29,-14.69295,145.44156,"run_day_11652_liz21_del_07_29.json","07",11652
145.441711,-14.693356,754,3.55,2021-11-26 07:38:00,0.0508660806065422,5656.05010174067,"moving",29,-14.69295,145.44156,"run_day_11652_liz21_del_07_29.json","07",11652
145.441803,-14.693809,754,3.55,2021-11-26 07:50:00,0.051334067569666,5708.08787777583,"moving",29,-14.69295,145.44156,"run_day_11652_liz21_del_07_29.json","07",11652
145.441923,-14.694237,754,3.55,2021-11-26 08:02:00,0.04931059057363,5483.08750163466,"moving",29,-14.69295,145.44156,"run_day_11652_liz21_del_07_29.json","07",11652
145.442058,-14.694659,754,3.55,2021-11-26 08:14:00,0.0491195080611727,5461.84009567891,"moving",29,-14.69295,145.44156,"run_day_11652_liz21_del_07_29.json","07",11652
145.441481,-14.69339,755,3.55,2021-11-26 08:06:00,0.0567172268346048,6306.66787735668,"moving",29,-14.69295,145.44156,"run_day_11652_liz21_del_07_29.json","07",11652
145.4416,-14.693899,755,3.55,2021-11-26 08:18:00,0.0580274429949967,6452.35726719998,"moving",29,-14.69295,145.44156,"run_day_11652_liz21_del_07_29.json","07",11652
145.441753,-14.694407,755,3.55,2021-11-26 08:30:00,0.058835335612941,6542.19082758896,"moving",29,-14.69295,145.44156,"run_day_11652_liz21_del_07_29.json","07",11652
145.441629,-14.693374,756,3.55,2021-11-26 07:41:00,0.0531610286715607,5911.23668348347,"moving",29,-14.69295,145.44156,"run_day_11652_liz21_del_07_29.json","07",11652
145.441738,-14.693873,756,3.55,2021-11-26 07:53:00,0.0567113306260956,6306.01224888402,"moving",29,-14.69295,145.44156,"run_day_11652_liz21_del_07_29.json","07",11652
145.441875,-14.694346,756,3.55,2021-11-26 08:05:00,0.0546204095433448,6073.51243246799,"moving",29,-14.69295,145.44156,"run_day_11652_liz21_del_07_29.json","07",11652
145.441636,-14.69365,757,3.55,2021-11-26 08:02:00,0.0560151704735193,6228.60277178544,"moving",29,-14.69295,145.44156,"run_day_11652_liz21_del_07_29.json","07",11652
145.441762,-14.694149,757,3.55,2021-11-26 08:14:00,0.057117352499787,6351.15982134521,"moving",29,-14.69295,145.44156,"run_day_11652_liz21_del_07_29.json","07",11652
145.441914,-14.694613,757,3.55,2021-11-26 08:26:00,0.0541227383388904,6018.17391939557,"moving",29,-14.69295,145.44156,"run_day_11652_liz21_del_07_29.json","07",11652
145.441513,-14.693401,758,3.55,2021-11-26 07:19:00,0.0568712222427373,6323.79138546757,"moving",29,-14.69295,145.44156,"run_day_11652_liz21_del_07_29.json","07",11652
145.441652,-14.693919,758,3.55,2021-11-26 07:31:00,0.0595076675250401,6616.95072523563,"moving",29,-14.69295,145.44156,"run_day_11652_liz21_del_07_29.json","07",11652
145.441817,-14.694442,758,3.55,2021-11-26 07:43:00,0.060802607558544,6760.94148727019,"moving",29,-14.69295,145.44156,"run_day_11652_liz21_del_07_29.json","07",11652
145.441668,-14.693302,759,3.55,2021-11-26 07:38:00,0.0512249670092464,5695.95644896309,"moving",29,-14.69295,145.44156,"run_day_11652_liz21_del_07_29.json","07",11652
145.441763,-14.693781,759,3.55,2021-11-26 07:50:00,0.0542336485879114,6030.50657639959,"moving",29,-14.69295,145.44156,"run_day_11652_liz21_del_07_29.json","07",11652
145.441888,-14.694231,759,3.55,2021-11-26 08:02:00,0.0518125000095277,5761.28713783063,"moving",29,-14.69295,145.44156,"run_day_11652_liz21_del_07_29.json","07",11652
145.44203,-14.694665,759,3.55,2021-11-26 08:14:00,0.0506178233118699,5628.44515007061,"moving",29,-14.69295,145.44156,"run_day_11652_liz21_del_07_29.json","07",11652
145.44172,-14.693382,760,3.55,2021-11-26 07:48:00,0.0510281035948268,5674.06623603771,"moving",29,-14.69295,145.44156,"run_day_11652_liz21_del_07_29.json","07",11652
145.441809,-14.693829,760,3.55,2021-11-26 08:00:00,0.0506175594443719,5628.41580934352,"moving",29,-14.69295,145.44156,"run_day_11652_liz21_del_07_29.json","07",11652
145.441924,-14.694246,760,3.55,2021-11-26 08:12:00,0.047989735798992,5336.21515186067,"moving",29,-14.69295,145.44156,"run_day_11652_liz21_del_07_29.json","07",11652
145.442057,-14.694658,760,3.55,2021-11-26 08:24:00,0.0479938211569085,5336.66942293452,"moving",29,-14.69295,145.44156,"run_day_11652_liz21_del_07_29.json","07",11652
145.441544,-14.693341,761,3.55,2021-11-26 07:53:00,0.0548483579881763,6098.85914306976,"moving",29,-14.69295,145.44156,"run_day_11652_liz21_del_07_29.json","07",11652
145.441656,-14.693849,761,3.55,2021-11-26 08:05:00,0.0577572760601666,6422.31607469975,"moving",29,-14.69295,145.44156,"run_day_11652_liz21_del_07_29.json","07",11652
145.4418,-14.694347,761,3.55,2021-11-26 08:17:00,0.0575003354796543,6393.74558569768,"moving",29,-14.69295,145.44156,"run_day_11652_liz21_del_07_29.json","07",11652
145.441598,-14.69347,762,3.55,2021-11-26 07:19:00,0.0556312453592703,6185.91224686951,"moving",29,-14.69295,145.44156,"run_day_11652_liz21_del_07_29.json","07",11652
145.441734,-14.693982,762,3.55,2021-11-26 07:31:00,0.058781005885053,6536.14963748184,"moving",29,-14.69295,145.44156,"run_day_11652_liz21_del_07_29.json","07",11652
145.441889,-14.694479,762,3.55,2021-11-26 07:43:00,0.0577237854477759,6418.59208851169,"moving",29,-14.69295,145.44156,"run_day_11652_liz21_del_07_29.json","07",11652
145.44163,-14.693513,763,3.55,2021-11-26 07:33:00,0.0547089687542031,6083.35976742307,"moving",29,-14.69295,145.44156,"run_day_11652_liz21_del_07_29.json","07",11652
145.44176,-14.694021,763,3.55,2021-11-26 07:45:00,0.0581918927597412,6470.64324672745,"moving",29,-14.69295,145.44156,"run_day_11652_liz21_del_07_29.json","07",11652
145.44191,-14.694503,763,3.55,2021-11-26 07:57:00,0.0559716274152114,6223.761004611,"moving",29,-14.69295,145.44156,"run_day_11652_liz21_del_07_29.json","07",11652
145.441734,-14.693506,764,3.55,2021-11-26 07:17:00,0.0531505797409223,5910.07481540762,"moving",29,-14.69295,145.44156,"run_day_11652_liz21_del_07_29.json","07",11652
145.44185,-14.693954,764,3.55,2021-11-26 07:29:00,0.0513540318176186,5710.30780086243,"moving",29,-14.69295,145.44156,"run_day_11652_liz21_del_07_29.json","07",11652
145.441979,-14.694399,764,3.55,2021-11-26 07:41:00,0.0513902562022259,5714.33576865159,"moving",29,-14.69295,145.44156,"run_day_11652_liz21_del_07_29.json","07",11652
145.441502,-14.693516,765,3.55,2021-11-26 07:18:00,0.0584311605032754,6497.24860591815,"moving",29,-14.69295,145.44156,"run_day_11652_liz21_del_07_29.json","07",11652
145.441656,-14.694045,765,3.55,2021-11-26 07:30:00,0.0611097936169604,6795.09901850203,"moving",29,-14.69295,145.44156,"run_day_11652_liz21_del_07_29.json","07",11652
145.441832,-14.694573,765,3.55,2021-11-26 07:42:00,0.0616873205007985,6859.31707798567,"moving",29,-14.69295,145.44156,"run_day_11652_liz21_del_07_29.json","07",11652
145.441651,-14.693376,766,3.55,2021-11-26 07:25:00,0.0528345271310607,5874.93136863824,"moving",29,-14.69295,145.44156,"run_day_11652_liz21_del_07_29.json","07",11652
145.441763,-14.693866,766,3.55,2021-11-26 07:37:00,0.0558013477235051,6204.82676678266,"moving",29,-14.69295,145.44156,"run_day_11652_liz21_del_07_29.json","07",11652
145.441902,-14.694335,766,3.55,2021-11-26 07:49:00,0.0542511417909483,6032.45173182805,"moving",29,-14.69295,145.44156,"run_day_11652_liz21_del_07_29.json","07",11652
145.441483,-14.693356,767,3.55,2021-11-26 07:53:00,0.0565517523392649,6288.26795298581,"moving",29,-14.69295,145.44156,"run_day_11652_liz21_del_07_29.json","07",11652
145.441605,-14.693874,767,3.55,2021-11-26 08:05:00,0.0590747980854473,6568.81783965343,"moving",29,-14.69295,145.44156,"run_day_11652_liz21_del_07_29.json","07",11652
145.441759,-14.694388,767,3.55,2021-11-26 08:17:00,0.0595060193505897,6616.76745659851,"moving",29,-14.69295,145.44156,"run_day_11652_liz21_del_07_29.json","07",11652
145.441707,-14.693607,768,3.55,2021-11-26 07:57:00,0.0542063326504334,6027.46918273549,"moving",29,-14.69295,145.44156,"run_day_11652_liz21_del_07_29.json","07",11652
145.441819,-14.694074,768,3.55,2021-11-26 08:09:00,0.0533070281587789,5927.47108575485,"moving",29,-14.69295,145.44156,"run_day_11652_liz21_del_07_29.json","07",11652
145.441953,-14.69451,768,3.55,2021-11-26 08:21:00,0.0505780040577277,5624.01745102723,"moving",29,-14.69295,145.44156,"run_day_11652_liz21_del_07_29.json","07",11652
145.441677,-14.693305,769,3.55,2021-11-26 07:28:00,0.0510277597376158,5674.02800086036,"moving",29,-14.69295,145.44156,"run_day_11652_liz21_del_07_29.json","07",11652
145.441775,-14.693778,769,3.55,2021-11-26 07:40:00,0.0536410480612433,5964.6124043072,"moving",29,-14.69295,145.44156,"run_day_11652_liz21_del_07_29.json","07",11652
145.441902,-14.694226,769,3.55,2021-11-26 07:52:00,0.051654230421522,5743.68836260227,"moving",29,-14.69295,145.44156,"run_day_11652_liz21_del_07_29.json","07",11652
145.442044,-14.694667,769,3.55,2021-11-26 08:04:00,0.0513604463508832,5711.02106441826,"moving",29,-14.69295,145.44156,"run_day_11652_liz21_del_07_29.json","07",11652
145.441573,-14.69341,770,3.55,2021-11-26 07:13:00,0.0560525238498264,6232.75627772383,"moving",29,-14.69295,145.44156,"run_day_11652_liz21_del_07_29.json","07",11652
145.441707,-14.693924,770,3.55,2021-11-26 07:25:00,0.0589434574887771,6554.21343164124,"moving",29,-14.69295,145.44156,"run_day_11652_liz21_del_07_29.json","07",11652
145.441864,-14.694428,770,3.55,2021-11-26 07:37:00,0.0585311129114046,6508.36280660802,"moving",29,-14.69295,145.44156,"run_day_11652_liz21_del_07_29.json","07",11652
145.441666,-14.693519,771,3.55,2021-11-26 07:24:00,0.0542716287111933,6034.72977342187,"moving",29,-14.69295,145.44156,"run_day_11652_liz21_del_07_29.json","07",11652
145.441795,-14.694012,771,3.55,2021-11-26 07:36:00,0.0565477667755155,6287.82477851706,"moving",29,-14.69295,145.44156,"run_day_11652_liz21_del_07_29.json","07",11652
145.441939,-14.694485,771,3.55,2021-11-26 07:48:00,0.0548283191689255,6096.63092803313,"moving",29,-14.69295,145.44156,"run_day_11652_liz21_del_07_29.json","07",11652
145.441766,-14.693544,772,3.55,2021-11-26 07:45:00,0.0501700557646904,5578.65567050817,"moving",29,-14.69295,145.44156,"run_day_11652_liz21_del_07_29.json","07",11652
145.441867,-14.693967,772,3.55,2021-11-26 07:57:00,0.0482736701162499,5367.78720744003,"moving",29,-14.69295,145.44156,"run_day_11652_liz21_del_07_29.json","07",11652
145.441985,-14.694378,772,3.55,2021-11-26 08:09:00,0.0474307411968324,5274.05778807883,"moving",29,-14.69295,145.44156,"run_day_11652_liz21_del_07_29.json","07",11652
145.441593,-14.693552,773,3.55,2021-11-26 07:46:00,0.0560813392776112,6235.96040710259,"moving",29,-14.69295,145.44156,"run_day_11652_liz21_del_07_29.json","07",11652
145.441725,-14.69407,773,3.55,2021-11-26 07:58:00,0.0593229819615021,6596.4146275457,"moving",29,-14.69295,145.44156,"run_day_11652_liz21_del_07_29.json","07",11652
145.441883,-14.694559,773,3.55,2021-11-26 08:10:00,0.0569681362388346,6334.56773015445,"moving",29,-14.69295,145.44156,"run_day_11652_liz21_del_07_29.json","07",11652
145.441709,-14.693466,774,3.55,2021-11-26 07:45:00,0.0525265316755599,5840.68383655697,"moving",29,-14.69295,145.44156,"run_day_11652_liz21_del_07_29.json","07",11652
145.441812,-14.693928,774,3.55,2021-11-26 07:57:00,0.0525530358779971,5843.63096940275,"moving",29,-14.69295,145.44156,"run_day_11652_liz21_del_07_29.json","07",11652
145.441937,-14.694362,774,3.55,2021-11-26 08:09:00,0.0500964480017247,5570.47086070473,"moving",29,-14.69295,145.44156,"run_day_11652_liz21_del_07_29.json","07",11652
145.441717,-14.693219,775,3.55,2021-11-26 07:26:00,0.0492063702917538,5471.49873503655,"moving",29,-14.69295,145.44156,"run_day_11652_liz21_del_07_29.json","07",11652
145.441798,-14.693651,775,3.55,2021-11-26 07:38:00,0.0488198771749142,5428.52266126095,"moving",29,-14.69295,145.44156,"run_day_11652_liz21_del_07_29.json","07",11652
145.441909,-14.694066,775,3.55,2021-11-26 07:50:00,0.0476653185830431,5300.14160333101,"moving",29,-14.69295,145.44156,"run_day_11652_liz21_del_07_29.json","07",11652
145.442031,-14.694485,775,3.55,2021-11-26 08:02:00,0.0484033065030067,5382.20211595593,"moving",29,-14.69295,145.44156,"run_day_11652_liz21_del_07_29.json","07",11652
145.441542,-14.693616,776,3.55,2021-11-26 07:13:00,0.0592669771908377,6590.18718117993,"moving",29,-14.69295,145.44156,"run_day_11652_liz21_del_07_29.json","07",11652
145.441703,-14.694149,776,3.55,2021-11-26 07:25:00,0.0617449543140745,6865.72566562515,"moving",29,-14.69295,145.44156,"run_day_11652_liz21_del_07_29.json","07",11652
145.441881,-14.694666,776,3.55,2021-11-26 07:37:00,0.0605919803568159,6737.52081102469,"moving",29,-14.69295,145.44156,"run_day_11652_liz21_del_07_29.json","07",11652
145.441725,-14.69345,777,3.55,2021-11-26 07:53:00,0.0516671145803289,5745.12101569568,"moving",29,-14.69295,145.44156,"run_day_11652_liz21_del_07_29.json","07",11652
145.441819,-14.693895,777,3.55,2021-11-26 08:05:00,0.0505041066940763,5615.80043909679,"moving",29,-14.69295,145.44156,"run_day_11652_liz21_del_07_29.json","07",11652
145.441935,-14.69431,777,3.55,2021-11-26 08:17:00,0.0478028536794839,5315.43480829079,"moving",29,-14.69295,145.44156,"run_day_11652_liz21_del_07_29.json","07",11652
145.441722,-14.693642,778,3.55,2021-11-26 07:22:00,0.0549707319340931,6112.46650500918,"moving",29,-14.69295,145.44156,"run_day_11652_liz21_del_07_29.json","07",11652
145.441855,-14.694111,778,3.55,2021-11-26 07:34:00,0.0540768581601952,6013.07227629111,"moving",29,-14.69295,145.44156,"run_day_11652_liz21_del_07_29.json","07",11652
145.441996,-14.694574,778,3.55,2021-11-26 07:46:00,0.053670505408103,5967.8879118304,"moving",29,-14.69295,145.44156,"run_day_11652_liz21_del_07_29.json","07",11652
145.441517,-14.693346,779,3.55,2021-11-26 07:29:00,0.0553644420376221,6156.24507109031,"moving",29,-14.69295,145.44156,"run_day_11652_liz21_del_07_29.json","07",11652
145.441645,-14.69386,779,3.55,2021-11-26 07:41:00,0.0587889881560601,6537.03722552094,"moving",29,-14.69295,145.44156,"run_day_11652_liz21_del_07_29.json","07",11652
145.441804,-14.694381,779,3.55,2021-11-26 07:53:00,0.0604040636896471,6716.62543100356,"moving",29,-14.69295,145.44156,"run_day_11652_liz21_del_07_29.json","07",11652
145.44156,-14.693634,780,3.55,2021-11-26 07:29:00,0.0577085506548408,6416.89805682883,"moving",29,-14.69295,145.44156,"run_day_11652_liz21_del_07_29.json","07",11652
145.441715,-14.694164,780,3.55,2021-11-26 07:41:00,0.0612460214050871,6810.24685740973,"moving",29,-14.69295,145.44156,"run_day_11652_liz21_del_07_29.json","07",11652
145.441891,-14.694677,780,3.55,2021-11-26 07:53:00,0.0601020500267767,6683.04304391504,"moving",29,-14.69295,145.44156,"run_day_11652_liz21_del_07_29.json","07",11652
145.44166,-14.693597,781,3.55,2021-11-26 07:24:00,0.0553613862396664,6155.90528186078,"moving",29,-14.69295,145.44156,"run_day_11652_liz21_del_07_29.json","07",11652
145.441799,-14.694098,781,3.55,2021-11-26 07:36:00,0.0576799370559682,6413.71636980115,"moving",29,-14.69295,145.44156,"run_day_11652_liz21_del_07_29.json","07",11652
145.441951,-14.694577,781,3.55,2021-11-26 07:48:00,0.0557150258088744,6195.22820781749,"moving",29,-14.69295,145.44156,"run_day_11652_liz21_del_07_29.json","07",11652
145.441538,-14.693271,782,3.55,2021-11-26 07:39:00,0.053897308793448,5993.10729762658,"moving",29,-14.69295,145.44156,"run_day_11652_liz21_del_07_29.json","07",11652
145.441652,-14.693777,782,3.55,2021-11-26 07:51:00,0.0575852178540181,6403.18407508848,"moving",29,-14.69295,145.44156,"run_day_11652_liz21_del_07_29.json","07",11652
145.441796,-14.694286,782,3.55,2021-11-26 08:03:00,0.0586791973966321,6524.82905008008,"moving",29,-14.69295,145.44156,"run_day_11652_liz21_del_07_29.json","07",11652
145.441733,-14.693481,783,3.55,2021-11-26 07:41:00,0.0517038227827594,5749.20278157219,"moving",29,-14.69295,145.44156,"run_day_11652_liz21_del_07_29.json","07",11652
145.441835,-14.693926,783,3.55,2021-11-26 07:53:00,0.0506833764260758,5635.73432379606,"moving",29,-14.69295,145.44156,"run_day_11652_liz21_del_07_29.json","07",11652
145.441957,-14.694352,783,3.55,2021-11-26 08:05:00,0.0491529775235248,5465.56173008999,"moving",29,-14.69295,145.44156,"run_day_11652_liz21_del_07_29.json","07",11652
145.441678,-14.693209,784,3.55,2021-11-26 07:51:00,0.0500110469342071,5560.97469526674,"moving",29,-14.69295,145.44156,"run_day_11652_liz21_del_07_29.json","07",11652
145.441759,-14.693673,784,3.55,2021-11-26 08:03:00,0.0523248502014809,5818.25787984119,"moving",29,-14.69295,145.44156,"run_day_11652_liz21_del_07_29.json","07",11652
145.441865,-14.694103,784,3.55,2021-11-26 08:15:00,0.049154329196791,5465.71202929967,"moving",29,-14.69295,145.44156,"run_day_11652_liz21_del_07_29.json","07",11652
145.441992,-14.694518,784,3.55,2021-11-26 08:27:00,0.0481252091972698,5351.27910644445,"moving",29,-14.69295,145.44156,"run_day_11652_liz21_del_07_29.json","07",11652
145.4416,-14.693254,785,3.55,2021-11-26 07:22:00,0.0526220108071612,5851.30063159147,"moving",29,-14.69295,145.44156,"run_day_11652_liz21_del_07_29.json","07",11652
145.441708,-14.693747,785,3.55,2021-11-26 07:34:00,0.0560363485440195,6230.95766578117,"moving",29,-14.69295,145.44156,"run_day_11652_liz21_del_07_29.json","07",11652
145.441849,-14.694233,785,3.55,2021-11-26 07:46:00,0.0561284217186905,6241.19573568465,"moving",29,-14.69295,145.44156,"run_day_11652_liz21_del_07_29.json","07",11652
145.442005,-14.6947,785,3.55,2021-11-26 07:58:00,0.0545715748688288,6068.08226441747,"moving",29,-14.69295,145.44156,"run_day_11652_liz21_del_07_29.json","07",11652
145.441775,-14.693436,786,3.55,2021-11-26 07:22:00,0.0484534983824123,5387.78319830459,"moving",29,-14.69295,145.44156,"run_day_11652_liz21_del_07_29.json","07",11652
145.441869,-14.693842,786,3.55,2021-11-26 07:34:00,0.0462634378625954,5144.2595794564,"moving",29,-14.69295,145.44156,"run_day_11652_liz21_del_07_29.json","07",11652
145.441986,-14.694249,786,3.55,2021-11-26 07:46:00,0.0469734042823111,5223.20424341678,"moving",29,-14.69295,145.44156,"run_day_11652_liz21_del_07_29.json","07",11652
145.442116,-14.694668,786,3.55,2021-11-26 07:58:00,0.0486436258546184,5408.92440862965,"moving",29,-14.69295,145.44156,"run_day_11652_liz21_del_07_29.json","07",11652
145.44177,-14.69362,787,3.55,2021-11-26 07:17:00,0.0523656555830662,5822.79523125327,"moving",29,-14.69295,145.44156,"run_day_11652_liz21_del_07_29.json","07",11652
145.441893,-14.694056,787,3.55,2021-11-26 07:29:00,0.0502536605022318,5587.95209316623,"moving",29,-14.69295,145.44156,"run_day_11652_liz21_del_07_29.json","07",11652
145.442021,-14.6945,787,3.55,2021-11-26 07:41:00,0.0512542019154173,5699.20722221023,"moving",29,-14.69295,145.44156,"run_day_11652_liz21_del_07_29.json","07",11652
145.441704,-14.693148,788,3.55,2021-11-26 08:00:00,0.0484162390528153,5383.64014988322,"moving",29,-14.69295,145.44156,"run_day_11652_liz21_del_07_29.json","07",11652
145.441775,-14.693579,788,3.55,2021-11-26 08:12:00,0.048529634470375,5396.24914502059,"moving",29,-14.69295,145.44156,"run_day_11652_liz21_del_07_29.json","07",11652
145.441864,-14.693981,788,3.55,2021-11-26 08:24:00,0.045713878076747,5083.15131938218,"moving",29,-14.69295,145.44156,"run_day_11652_liz21_del_07_29.json","07",11652
145.441976,-14.694372,788,3.55,2021-11-26 08:36:00,0.0451152609068039,5016.58812708219,"moving",29,-14.69295,145.44156,"run_day_11652_liz21_del_07_29.json","07",11652
145.441587,-14.693499,789,3.55,2021-11-26 08:03:00,0.0553170680064906,6150.97731917378,"moving",29,-14.69295,145.44156,"run_day_11652_liz21_del_07_29.json","07",11652
145.441703,-14.694002,789,3.55,2021-11-26 08:15:00,0.0573057752655005,6372.1114769569,"moving",29,-14.69295,145.44156,"run_day_11652_liz21_del_07_29.json","07",11652
145.441851,-14.694481,789,3.55,2021-11-26 08:27:00,0.0555903034843838,6181.35971809482,"moving",29,-14.69295,145.44156,"run_day_11652_liz21_del_07_29.json","07",11652
145.441565,-14.693522,790,3.55,2021-11-26 07:35:00,0.0562935169316167,6259.55348577534,"moving",29,-14.69295,145.44156,"run_day_11652_liz21_del_07_29.json","07",11652
145.441703,-14.694044,790,3.55,2021-11-26 07:47:00,0.0599115449921616,6661.85985056559,"moving",29,-14.69295,145.44156,"run_day_11652_liz21_del_07_29.json","07",11652
145.441868,-14.69455,790,3.55,2021-11-26 07:59:00,0.0589971850630191,6560.18766531787,"moving",29,-14.69295,145.44156,"run_day_11652_liz21_del_07_29.json","07",11652
145.441639,-14.693227,791,3.55,2021-11-26 07:23:00,0.0512447154135457,5698.1523713305,"moving",29,-14.69295,145.44156,"run_day_11652_liz21_del_07_29.json","07",11652
145.441737,-14.693709,791,3.55,2021-11-26 07:35:00,0.0546226452211736,6073.76102850016,"moving",29,-14.69295,145.44156,"run_day_11652_liz21_del_07_29.json","07",11652
145.441868,-14.694174,791,3.55,2021-11-26 07:47:00,0.0535910914600531,5959.05748370244,"moving",29,-14.69295,145.44156,"run_day_11652_liz21_del_07_29.json","07",11652
145.442012,-14.694627,791,3.55,2021-11-26 07:59:00,0.0526987399879444,5859.83252722015,"moving",29,-14.69295,145.44156,"run_day_11652_liz21_del_07_29.json","07",11652
145.441599,-14.693676,792,3.55,2021-11-26 07:52:00,0.0573910341929113,6381.59183713614,"moving",29,-14.69295,145.44156,"run_day_11652_liz21_del_07_29.json","07",11652
145.44174,-14.694197,792,3.55,2021-11-26 08:04:00,0.0598847226230214,6658.87733919661,"moving",29,-14.69295,145.44156,"run_day_11652_liz21_del_07_29.json","07",11652
145.441906,-14.694682,792,3.55,2021-11-26 08:16:00,0.0568083003718389,6316.79479264869,"moving",29,-14.69295,145.44156,"run_day_11652_liz21_del_07_29.json","07",11652
145.441501,-14.693395,793,3.55,2021-11-26 07:28:00,0.0562244489221143,6251.87347352524,"moving",29,-14.69295,145.44156,"run_day_11652_liz21_del_07_29.json","07",11652
145.441637,-14.693916,793,3.55,2021-11-26 07:40:00,0.0597507974583224,6643.98554033205,"moving",29,-14.69295,145.44156,"run_day_11652_liz21_del_07_29.json","07",11652
145.441803,-14.694442,793,3.55,2021-11-26 07:52:00,0.0611530607262744,6799.91010154833,"moving",29,-14.69295,145.44156,"run_day_11652_liz21_del_07_29.json","07",11652
145.441649,-14.693218,794,3.55,2021-11-26 07:11:00,0.0521155740665688,5794.98743537118,"moving",29,-14.69295,145.44156,"run_day_11652_liz21_del_07_29.json","07",11652
145.441748,-14.693698,794,3.55,2021-11-26 07:23:00,0.0544253939311726,6051.82768577795,"moving",29,-14.69295,145.44156,"run_day_11652_liz21_del_07_29.json","07",11652
145.441881,-14.694158,794,3.55,2021-11-26 07:35:00,0.0531124136318892,5905.83093771338,"moving",29,-14.69295,145.44156,"run_day_11652_liz21_del_07_29.json","07",11652
145.442022,-14.694615,794,3.55,2021-11-26 07:47:00,0.0530308594837054,5896.76253018852,"moving",29,-14.69295,145.44156,"run_day_11652_liz21_del_07_29.json","07",11652
145.441541,-14.693206,795,3.55,2021-11-26 07:31:00,0.0528984702969298,5882.04152427648,"moving",29,-14.69295,145.44156,"run_day_11652_liz21_del_07_29.json","07",11652
145.441652,-14.693704,795,3.55,2021-11-26 07:43:00,0.0566474915531596,6298.91366785184,"moving",29,-14.69295,145.44156,"run_day_11652_liz21_del_07_29.json","07",11652
145.441793,-14.694214,795,3.55,2021-11-26 07:55:00,0.0587022682444669,6527.3944113127,"moving",29,-14.69295,145.44156,"run_day_11652_liz21_del_07_29.json","07",11652
145.441955,-14.69469,795,3.55,2021-11-26 08:07:00,0.0557231178072946,6196.12799698823,"moving",29,-14.69295,145.44156,"run_day_11652_liz21_del_07_29.json","07",11652
145.441526,-14.693453,796,3.55,2021-11-26 07:42:00,0.05647590646124,6279.83427614254,"moving",29,-14.69295,145.44156,"run_day_11652_liz21_del_07_29.json","07",11652
145.441658,-14.693975,796,3.55,2021-11-26 07:54:00,0.0597549320517386,6644.44528614366,"moving",29,-14.69295,145.44156,"run_day_11652_liz21_del_07_29.json","07",11652
145.441821,-14.69449,796,3.55,2021-11-26 08:06:00,0.0598890189775095,6659.35507201876,"moving",29,-14.69295,145.44156,"run_day_11652_liz21_del_07_29.json","07",11652
145.441572,-14.69356,797,3.55,2021-11-26 07:54:00,0.0566932211925483,6303.99857174915,"moving",29,-14.69295,145.44156,"run_day_11652_liz21_del_07_29.json","07",11652
145.441702,-14.694078,797,3.55,2021-11-26 08:06:00,0.059271866244074,6590.7308190959,"moving",29,-14.69295,145.44156,"run_day_11652_liz21_del_07_29.json","07",11652
145.441861,-14.694568,797,3.55,2021-11-26 08:18:00,0.0571063960932746,6349.94152452678,"moving",29,-14.69295,145.44156,"run_day_11652_liz21_del_07_29.json","07",11652
145.441723,-14.693438,798,3.55,2021-11-26 07:21:00,0.052147030485118,5798.48522952426,"moving",29,-14.69295,145.44156,"run_day_11652_liz21_del_07_29.json","07",11652
145.44183,-14.693887,798,3.55,2021-11-26 07:33:00,0.0512358163085204,5697.16283600001,"moving",29,-14.69295,145.44156,"run_day_11652_liz21_del_07_29.json","07",11652
145.441958,-14.694327,798,3.55,2021-11-26 07:45:00,0.050825911741696,5651.5835277607,"moving",29,-14.69295,145.44156,"run_day_11652_liz21_del_07_29.json","07",11652
145.441503,-14.693562,799,3.55,2021-11-26 08:07:00,0.057882852705981,6436.27956061936,"moving",29,-14.69295,145.44156,"run_day_11652_liz21_del_07_29.json","07",11652
145.441634,-14.694078,799,3.55,2021-11-26 08:19:00,0.0590813353252901,6569.54474755821,"moving",29,-14.69295,145.44156,"run_day_11652_liz21_del_07_29.json","07",11652
145.441801,-14.694582,799,3.55,2021-11-26 08:31:00,0.0588504331440775,6543.86959645621,"moving",29,-14.69295,145.44156,"run_day_11652_liz21_del_07_29.json","07",11652
145.441627,-14.693308,800,3.55,2021-11-26 08:01:00,0.0523994927697928,5826.5577547492,"moving",29,-14.69295,145.44156,"run_day_11652_liz21_del_07_29.json","07",11652
145.44172,-14.693792,800,3.55,2021-11-26 08:13:00,0.054740048557603,6086.81568388225,"moving",29,-14.69295,145.44156,"run_day_11652_liz21_del_07_29.json","07",11652
145.441842,-14.69425,800,3.55,2021-11-26 08:25:00,0.0525906553971529,5847.81406907569,"moving",29,-14.69295,145.44156,"run_day_11652_liz21_del_07_29.json","07",11652
145.441988,-14.694684,800,3.55,2021-11-26 08:37:00,0.0507492971719391,5643.06437629668,"moving",29,-14.69295,145.44156,"run_day_11652_liz21_del_07_29.json","07",11652
145.441588,-14.693539,801,3.55,2021-11-26 07:11:00,0.0575335770151477,6397.44187579841,"moving",29,-14.69295,145.44156,"run_day_11652_liz21_del_07_29.json","07",11652
145.441736,-14.694061,801,3.55,2021-11-26 07:23:00,0.0601870412503443,6692.49363678507,"moving",29,-14.69295,145.44156,"run_day_11652_liz21_del_07_29.json","07",11652
145.441898,-14.694563,801,3.55,2021-11-26 07:35:00,0.0584761999917745,6502.25676853791,"moving",29,-14.69295,145.44156,"run_day_11652_liz21_del_07_29.json","07",11652
145.441576,-14.693338,802,3.55,2021-11-26 07:53:00,0.0540569124040312,6010.85440939759,"moving",29,-14.69295,145.44156,"run_day_11652_liz21_del_07_29.json","07",11652
145.441684,-14.69384,802,3.55,2021-11-26 08:05:00,0.0570157404599434,6339.8610780286,"moving",29,-14.69295,145.44156,"run_day_11652_liz21_del_07_29.json","07",11652
145.441822,-14.694327,802,3.55,2021-11-26 08:17:00,0.0561493272376145,6243.52032332787,"moving",29,-14.69295,145.44156,"run_day_11652_liz21_del_07_29.json","07",11652
145.44163,-14.693572,803,3.55,2021-11-26 07:54:00,0.0555790740837222,6180.11106571199,"moving",29,-14.69295,145.44156,"run_day_11652_liz21_del_07_29.json","07",11652
145.441754,-14.694077,803,3.55,2021-11-26 08:06:00,0.0577155984255212,6417.68173317264,"moving",29,-14.69295,145.44156,"run_day_11652_liz21_del_07_29.json","07",11652
145.441903,-14.694546,803,3.55,2021-11-26 08:18:00,0.054557345235565,6066.50000139052,"moving",29,-14.69295,145.44156,"run_day_11652_liz21_del_07_29.json","07",11652
145.441702,-14.693498,804,3.55,2021-11-26 07:47:00,0.0531118218802351,5905.76513793162,"moving",29,-14.69295,145.44156,"run_day_11652_liz21_del_07_29.json","07",11652
145.441808,-14.693968,804,3.55,2021-11-26 07:59:00,0.0534907794374697,5947.90329570971,"moving",29,-14.69295,145.44156,"run_day_11652_liz21_del_07_29.json","07",11652
145.441937,-14.694406,804,3.55,2021-11-26 08:11:00,0.0506412342192821,5631.04832420299,"moving",29,-14.69295,145.44156,"run_day_11652_liz21_del_07_29.json","07",11652
145.441586,-14.693221,805,3.55,2021-11-26 07:49:00,0.0523130094946574,5816.94125331454,"moving",29,-14.69295,145.44156,"run_day_11652_liz21_del_07_29.json","07",11652
145.441684,-14.693714,805,3.55,2021-11-26 08:01:00,0.0558232981347816,6207.26754115437,"moving",29,-14.69295,145.44156,"run_day_11652_liz21_del_07_29.json","07",11652
145.44181,-14.694198,805,3.55,2021-11-26 08:13:00,0.0554984692161411,6171.14821337411,"moving",29,-14.69295,145.44156,"run_day_11652_liz21_del_07_29.json","07",11652
145.441959,-14.694647,805,3.55,2021-11-26 08:25:00,0.0524356262015623,5830.57560904422,"moving",29,-14.69295,145.44156,"run_day_11652_liz21_del_07_29.json","07",11652
145.441563,-14.693626,806,3.55,2021-11-26 08:00:00,0.0574996214507834,6393.66618930976,"moving",29,-14.69295,145.44156,"run_day_11652_liz21_del_07_29.json","07",11652
145.441698,-14.694143,806,3.55,2021-11-26 08:12:00,0.0592932170314779,6593.10491833509,"moving",29,-14.69295,145.44156,"run_day_11652_liz21_del_07_29.json","07",11652
145.441863,-14.694634,806,3.55,2021-11-26 08:24:00,0.0574087040431898,6383.55663484167,"moving",29,-14.69295,145.44156,"run_day_11652_liz21_del_07_29.json","07",11652
145.441715,-14.693542,807,3.55,2021-11-26 07:42:00,0.0532404741760103,5920.07062052299,"moving",29,-14.69295,145.44156,"run_day_11652_liz21_del_07_29.json","07",11652
145.441827,-14.694007,807,3.55,2021-11-26 07:54:00,0.0530904159122735,5903.38490289437,"moving",29,-14.69295,145.44156,"run_day_11652_liz21_del_07_29.json","07",11652
145.441959,-14.694448,807,3.55,2021-11-26 08:06:00,0.0510509309482874,5676.60452193125,"moving",29,-14.69295,145.44156,"run_day_11652_liz21_del_07_29.json","07",11652
145.441755,-14.693599,808,3.55,2021-11-26 07:38:00,0.0519603041833976,5777.72221210185,"moving",29,-14.69295,145.44156,"run_day_11652_liz21_del_07_29.json","07",11652
145.441868,-14.694039,808,3.55,2021-11-26 07:50:00,0.0504128220587588,5605.65005076887,"moving",29,-14.69295,145.44156,"run_day_11652_liz21_del_07_29.json","07",11652
145.441996,-14.694471,808,3.55,2021-11-26 08:02:00,0.0499701872029521,5556.43130044713,"moving",29,-14.69295,145.44156,"run_day_11652_liz21_del_07_29.json","07",11652
145.441739,-14.693596,809,3.55,2021-11-26 07:43:00,0.0529644172832751,5889.37449458557,"moving",29,-14.69295,145.44156,"run_day_11652_liz21_del_07_29.json","07",11652
145.441852,-14.694046,809,3.55,2021-11-26 07:55:00,0.0514926693760511,5725.72359400252,"moving",29,-14.69295,145.44156,"run_day_11652_liz21_del_07_29.json","07",11652
145.441983,-14.69448,809,3.55,2021-11-26 08:07:00,0.050273487012979,5590.15670057437,"moving",29,-14.69295,145.44156,"run_day_11652_liz21_del_07_29.json","07",11652
145.44164,-14.693156,810,3.55,2021-11-26 07:11:00,0.0514404478420041,5719.9168243549,"moving",29,-14.69295,145.44156,"run_day_11652_liz21_del_07_29.json","07",11652
145.441736,-14.693635,810,3.55,2021-11-26 07:23:00,0.0542540176032212,6032.77150756278,"moving",29,-14.69295,145.44156,"run_day_11652_liz21_del_07_29.json","07",11652
145.441865,-14.694095,810,3.55,2021-11-26 07:35:00,0.0529981557503825,5893.12604096069,"moving",29,-14.69295,145.44156,"run_day_11652_liz21_del_07_29.json","07",11652
145.442003,-14.694551,810,3.55,2021-11-26 07:47:00,0.0528327601207027,5874.7348860511,"moving",29,-14.69295,145.44156,"run_day_11652_liz21_del_07_29.json","07",11652
145.441749,-14.693374,811,3.55,2021-11-26 08:04:00,0.0490202811318254,5450.80656454897,"moving",29,-14.69295,145.44156,"run_day_11652_liz21_del_07_29.json","07",11652
145.441826,-14.693783,811,3.55,2021-11-26 08:16:00,0.0462266799026616,5140.17228079795,"moving",29,-14.69295,145.44156,"run_day_11652_liz21_del_07_29.json","07",11652
145.441925,-14.69417,811,3.55,2021-11-26 08:28:00,0.0443303073403015,4929.30527283557,"moving",29,-14.69295,145.44156,"run_day_11652_liz21_del_07_29.json","07",11652
145.442045,-14.69456,811,3.55,2021-11-26 08:40:00,0.0452460114922304,5031.12692883742,"moving",29,-14.69295,145.44156,"run_day_11652_liz21_del_07_29.json","07",11652
145.441727,-14.69354,812,3.55,2021-11-26 07:19:00,0.0536075153431696,5960.8837361808,"moving",29,-14.69295,145.44156,"run_day_11652_liz21_del_07_29.json","07",11652
145.441849,-14.693996,812,3.55,2021-11-26 07:31:00,0.0523753326677516,5823.871273975,"moving",29,-14.69295,145.44156,"run_day_11652_liz21_del_07_29.json","07",11652
145.441981,-14.694447,812,3.55,2021-11-26 07:43:00,0.0521199311417438,5795.47192002565,"moving",29,-14.69295,145.44156,"run_day_11652_liz21_del_07_29.json","07",11652
145.441504,-14.693364,813,3.55,2021-11-26 07:41:00,0.0559606283613916,6222.53796562835,"moving",29,-14.69295,145.44156,"run_day_11652_liz21_del_07_29.json","07",11652
145.44163,-14.693882,813,3.55,2021-11-26 07:53:00,0.0591718515558864,6579.6096931795,"moving",29,-14.69295,145.44156,"run_day_11652_liz21_del_07_29.json","07",11652
145.441789,-14.694402,813,3.55,2021-11-26 08:05:00,0.0602974261820622,6704.76788117011,"moving",29,-14.69295,145.44156,"run_day_11652_liz21_del_07_29.json","07",11652
145.441692,-14.693291,814,3.55,2021-11-26 07:40:00,0.0505973327893943,5626.16670792702,"moving",29,-14.69295,145.44156,"run_day_11652_liz21_del_07_29.json","07",11652
145.441781,-14.693755,814,3.55,2021-11-26 07:52:00,0.0524749796453175,5834.95151233579,"moving",29,-14.69295,145.44156,"run_day_11652_liz21_del_07_29.json","07",11652
145.441898,-14.694189,814,3.55,2021-11-26 08:04:00,0.0498724096315841,5545.55893057137,"moving",29,-14.69295,145.44156,"run_day_11652_liz21_del_07_29.json","07",11652
145.442032,-14.694612,814,3.55,2021-11-26 08:16:00,0.049194125861485,5470.13721651102,"moving",29,-14.69295,145.44156,"run_day_11652_liz21_del_07_29.json","07",11652
145.441474,-14.693365,815,3.55,2021-11-26 07:45:00,0.056737199004767,6308.8886813528,"moving",29,-14.69295,145.44156,"run_day_11652_liz21_del_07_29.json","07",11652
145.441603,-14.693888,815,3.55,2021-11-26 07:57:00,0.0597872427287776,6648.03806950685,"moving",29,-14.69295,145.44156,"run_day_11652_liz21_del_07_29.json","07",11652
145.441763,-14.694411,815,3.55,2021-11-26 08:09:00,0.0606478189915567,6743.72978391862,"moving",29,-14.69295,145.44156,"run_day_11652_liz21_del_07_29.json","07",11652
145.441601,-14.693166,816,3.55,2021-11-26 07:48:00,0.051222699924791,5695.70436067338,"moving",29,-14.69295,145.44156,"run_day_11652_liz21_del_07_29.json","07",11652
145.441694,-14.693652,816,3.55,2021-11-26 08:00:00,0.0549587100468278,6111.12973213659,"moving",29,-14.69295,145.44156,"run_day_11652_liz21_del_07_29.json","07",11652
145.441812,-14.694127,816,3.55,2021-11-26 08:12:00,0.0543210968138058,6040.23037546311,"moving",29,-14.69295,145.44156,"run_day_11652_liz21_del_07_29.json","07",11652
145.441953,-14.69457,816,3.55,2021-11-26 08:24:00,0.051541069158662,5731.10540427955,"moving",29,-14.69295,145.44156,"run_day_11652_liz21_del_07_29.json","07",11652
145.441579,-14.693283,817,3.55,2021-11-26 07:54:00,0.0533366223563429,5930.76181038208,"moving",29,-14.69295,145.44156,"run_day_11652_liz21_del_07_29.json","07",11652
145.441681,-14.693779,817,3.55,2021-11-26 08:06:00,0.0562332687948195,6252.85419862371,"moving",29,-14.69295,145.44156,"run_day_11652_liz21_del_07_29.json","07",11652
145.441811,-14.694263,817,3.55,2021-11-26 08:18:00,0.0556050932492085,6183.00426490959,"moving",29,-14.69295,145.44156,"run_day_11652_liz21_del_07_29.json","07",11652
145.441965,-14.694714,817,3.55,2021-11-26 08:30:00,0.0528136072493209,5872.60518392277,"moving",29,-14.69295,145.44156,"run_day_11652_liz21_del_07_29.json","07",11652
145.441541,-14.693297,818,3.55,2021-11-26 08:00:00,0.0543670813478141,6045.34362234894,"moving",29,-14.69295,145.44156,"run_day_11652_liz21_del_07_29.json","07",11652
145.441648,-14.693796,818,3.55,2021-11-26 08:12:00,0.0566672514642343,6301.11086971429,"moving",29,-14.69295,145.44156,"run_day_11652_liz21_del_07_29.json","07",11652
145.441783,-14.694291,818,3.55,2021-11-26 08:24:00,0.056924566253222,6329.72296880034,"moving",29,-14.69295,145.44156,"run_day_11652_liz21_del_07_29.json","07",11652
145.441752,-14.693295,819,3.55,2021-11-26 08:04:00,0.0479056813008885,5326.86871810991,"moving",29,-14.69295,145.44156,"run_day_11652_liz21_del_07_29.json","07",11652
145.441821,-14.693694,819,3.55,2021-11-26 08:16:00,0.0449832186706134,5001.905700315,"moving",29,-14.69295,145.44156,"run_day_11652_liz21_del_07_29.json","07",11652
145.441913,-14.694073,819,3.55,2021-11-26 08:28:00,0.0432890318671542,4813.52072298218,"moving",29,-14.69295,145.44156,"run_day_11652_liz21_del_07_29.json","07",11652
145.442024,-14.694453,819,3.55,2021-11-26 08:40:00,0.043908371576182,4882.38815649558,"moving",29,-14.69295,145.44156,"run_day_11652_liz21_del_07_29.json","07",11652
145.441619,-14.693494,820,3.55,2021-11-26 07:20:00,0.0554524232894707,6166.02813993572,"moving",29,-14.69295,145.44156,"run_day_11652_liz21_del_07_29.json","07",11652
145.441754,-14.694002,820,3.55,2021-11-26 07:32:00,0.0583234521769435,6485.27198647266,"moving",29,-14.69295,145.44156,"run_day_11652_liz21_del_07_29.json","07",11652
145.441906,-14.694492,820,3.55,2021-11-26 07:44:00,0.0568854596610483,6325.37451415227,"moving",29,-14.69295,145.44156,"run_day_11652_liz21_del_07_29.json","07",11652
145.441599,-14.693283,821,3.55,2021-11-26 07:54:00,0.0527257139495399,5862.83189490108,"moving",29,-14.69295,145.44156,"run_day_11652_liz21_del_07_29.json","07",11652
145.441698,-14.693777,821,3.55,2021-11-26 08:06:00,0.0559528657391563,6221.67480141833,"moving",29,-14.69295,145.44156,"run_day_11652_liz21_del_07_29.json","07",11652
145.441825,-14.694252,821,3.55,2021-11-26 08:18:00,0.0545553893877033,6066.282521031,"moving",29,-14.69295,145.44156,"run_day_11652_liz21_del_07_29.json","07",11652
145.441975,-14.694697,821,3.55,2021-11-26 08:30:00,0.0520455477613345,5787.20086549746,"moving",29,-14.69295,145.44156,"run_day_11652_liz21_del_07_29.json","07",11652
145.441719,-14.69334,822,3.55,2021-11-26 07:14:00,0.0518191514978117,5762.02674958245,"moving",29,-14.69295,145.44156,"run_day_11652_liz21_del_07_29.json","07",11652
145.441816,-14.693784,822,3.55,2021-11-26 07:26:00,0.0504608953102188,5610.99555243854,"moving",29,-14.69295,145.44156,"run_day_11652_liz21_del_07_29.json","07",11652
145.441941,-14.694216,822,3.55,2021-11-26 07:38:00,0.0498822549060042,5546.65367513832,"moving",29,-14.69295,145.44156,"run_day_11652_liz21_del_07_29.json","07",11652
145.442078,-14.694655,822,3.55,2021-11-26 07:50:00,0.050990155060269,5669.84655152128,"moving",29,-14.69295,145.44156,"run_day_11652_liz21_del_07_29.json","07",11652
145.441612,-14.693262,823,3.55,2021-11-26 08:08:00,0.0517242167727826,5751.47048979682,"moving",29,-14.69295,145.44156,"run_day_11652_liz21_del_07_29.json","07",11652
145.441703,-14.69374,823,3.55,2021-11-26 08:20:00,0.0540448778944447,6009.51623298692,"moving",29,-14.69295,145.44156,"run_day_11652_liz21_del_07_29.json","07",11652
145.44182,-14.694204,823,3.55,2021-11-26 08:32:00,0.0531069844743143,5905.2272429351,"moving",29,-14.69295,145.44156,"run_day_11652_liz21_del_07_29.json","07",11652
145.441964,-14.69464,823,3.55,2021-11-26 08:44:00,0.0508949438177495,5659.2595443936,"moving",29,-14.69295,145.44156,"run_day_11652_liz21_del_07_29.json","07",11652
145.441771,-14.693475,824,3.55,2021-11-26 07:49:00,0.0488008550945904,5426.40750243472,"moving",29,-14.69295,145.44156,"run_day_11652_liz21_del_07_29.json","07",11652
145.44186,-14.693885,824,3.55,2021-11-26 08:01:00,0.0465840885020452,5179.91430378855,"moving",29,-14.69295,145.44156,"run_day_11652_liz21_del_07_29.json","07",11652
145.441969,-14.69428,824,3.55,2021-11-26 08:13:00,0.0454597646086694,5054.8951909399,"moving",29,-14.69295,145.44156,"run_day_11652_liz21_del_07_29.json","07",11652
145.442097,-14.694677,824,3.55,2021-11-26 08:25:00,0.0462414177660972,5141.81105644157,"moving",29,-14.69295,145.44156,"run_day_11652_liz21_del_07_29.json","07",11652
145.441566,-14.693306,825,3.55,2021-11-26 08:08:00,0.0534453491645685,5942.85167984702,"moving",29,-14.69295,145.44156,"run_day_11652_liz21_del_07_29.json","07",11652
145.441667,-14.693795,825,3.55,2021-11-26 08:20:00,0.0554488962781227,6165.6359541676,"moving",29,-14.69295,145.44156,"run_day_11652_liz21_del_07_29.json","07",11652
145.441797,-14.694278,825,3.55,2021-11-26 08:32:00,0.0554974781237619,6171.03800892971,"moving",29,-14.69295,145.44156,"run_day_11652_liz21_del_07_29.json","07",11652
145.441501,-14.693342,826,3.55,2021-11-26 07:34:00,0.0556063174764616,6183.14039276919,"moving",29,-14.69295,145.44156,"run_day_11652_liz21_del_07_29.json","07",11652
145.441629,-14.693859,826,3.55,2021-11-26 07:46:00,0.0591133483145106,6573.10442954626,"moving",29,-14.69295,145.44156,"run_day_11652_liz21_del_07_29.json","07",11652
145.441789,-14.694383,826,3.55,2021-11-26 07:58:00,0.0607544521820623,6755.58685371477,"moving",29,-14.69295,145.44156,"run_day_11652_liz21_del_07_29.json","07",11652
145.441704,-14.693249,827,3.55,2021-11-26 07:40:00,0.0497726416827506,5534.46524081936,"moving",29,-14.69295,145.44156,"run_day_11652_liz21_del_07_29.json","07",11652
145.441786,-14.693699,827,3.55,2021-11-26 07:52:00,0.0508090731248415,5649.71115899477,"moving",29,-14.69295,145.44156,"run_day_11652_liz21_del_07_29.json","07",11652
145.441896,-14.694122,827,3.55,2021-11-26 08:04:00,0.0485006821913079,5393.02979847354,"moving",29,-14.69295,145.44156,"run_day_11652_liz21_del_07_29.json","07",11652
145.442022,-14.694537,827,3.55,2021-11-26 08:16:00,0.0480947901297175,5347.89666045938,"moving",29,-14.69295,145.44156,"run_day_11652_liz21_del_07_29.json","07",11652
145.441586,-14.693335,828,3.55,2021-11-26 07:58:00,0.0536628333068761,5967.03481309727,"moving",29,-14.69295,145.44156,"run_day_11652_liz21_del_07_29.json","07",11652
145.44169,-14.693832,828,3.55,2021-11-26 08:10:00,0.0563846129261309,6269.68289820297,"moving",29,-14.69295,145.44156,"run_day_11652_liz21_del_07_29.json","07",11652
145.441823,-14.694312,828,3.55,2021-11-26 08:22:00,0.0552573730123892,6144.33953868363,"moving",29,-14.69295,145.44156,"run_day_11652_liz21_del_07_29.json","07",11652
145.441539,-14.693335,829,3.55,2021-11-26 08:03:00,0.0548246239117634,6096.22003418405,"moving",29,-14.69295,145.44156,"run_day_11652_liz21_del_07_29.json","07",11652
145.441647,-14.693834,829,3.55,2021-11-26 08:15:00,0.0566891933056111,6303.55069115664,"moving",29,-14.69295,145.44156,"run_day_11652_liz21_del_07_29.json","07",11652
145.441786,-14.694328,829,3.55,2021-11-26 08:27:00,0.0569285273834971,6330.16342639072,"moving",29,-14.69295,145.44156,"run_day_11652_liz21_del_07_29.json","07",11652
145.441664,-14.693166,830,3.55,2021-11-26 08:07:00,0.0494249964821811,5495.8088582437,"moving",29,-14.69295,145.44156,"run_day_11652_liz21_del_07_29.json","07",11652
145.441741,-14.693622,830,3.55,2021-11-26 08:19:00,0.0513768152311298,5712.84120085653,"moving",29,-14.69295,145.44156,"run_day_11652_liz21_del_07_29.json","07",11652
145.441839,-14.694052,830,3.55,2021-11-26 08:31:00,0.0489619023024499,5444.31513489897,"moving",29,-14.69295,145.44156,"run_day_11652_liz21_del_07_29.json","07",11652
145.441963,-14.694463,830,3.55,2021-11-26 08:43:00,0.0476074878667112,5293.71112107067,"moving",29,-14.69295,145.44156,"run_day_11652_liz21_del_07_29.json","07",11652
145.441549,-14.693635,831,3.55,2021-11-26 08:04:00,0.057763308101652,6422.98680711024,"moving",29,-14.69295,145.44156,"run_day_11652_liz21_del_07_29.json","07",11652
145.441684,-14.694151,831,3.55,2021-11-26 08:16:00,0.0591854140437174,6581.11777301899,"moving",29,-14.69295,145.44156,"run_day_11652_liz21_del_07_29.json","07",11652
145.441851,-14.694644,831,3.55,2021-11-26 08:28:00,0.057686860508627,6414.48622261167,"moving",29,-14.69295,145.44156,"run_day_11652_liz21_del_07_29.json","07",11652
145.441611,-14.693369,832,3.55,2021-11-26 07:38:00,0.0533592829616118,5933.28155472268,"moving",29,-14.69295,145.44156,"run_day_11652_liz21_del_07_29.json","07",11652
145.441723,-14.693873,832,3.55,2021-11-26 07:50:00,0.0573223531402761,6373.95485252649,"moving",29,-14.69295,145.44156,"run_day_11652_liz21_del_07_29.json","07",11652
145.441865,-14.694355,832,3.55,2021-11-26 08:02:00,0.0557296941266833,6196.85925034025,"moving",29,-14.69295,145.44156,"run_day_11652_liz21_del_07_29.json","07",11652
145.441638,-14.693172,833,3.55,2021-11-26 07:24:00,0.0505476175964829,5620.63863069812,"moving",29,-14.69295,145.44156,"run_day_11652_liz21_del_07_29.json","07",11652
145.441732,-14.693649,833,3.55,2021-11-26 07:36:00,0.0539950154254801,6003.97177940808,"moving",29,-14.69295,145.44156,"run_day_11652_liz21_del_07_29.json","07",11652
145.441857,-14.694111,833,3.55,2021-11-26 07:48:00,0.0531022635399834,5904.70229898848,"moving",29,-14.69295,145.44156,"run_day_11652_liz21_del_07_29.json","07",11652
145.441996,-14.694561,833,3.55,2021-11-26 08:00:00,0.0522234875987882,5806.98687267027,"moving",29,-14.69295,145.44156,"run_day_11652_liz21_del_07_29.json","07",11652
145.441671,-14.693525,834,3.55,2021-11-26 07:35:00,0.0539681710952924,6000.98682608203,"moving",29,-14.69295,145.44156,"run_day_11652_liz21_del_07_29.json","07",11652
145.441794,-14.694017,834,3.55,2021-11-26 07:47:00,0.0562848030303447,6258.58454416261,"moving",29,-14.69295,145.44156,"run_day_11652_liz21_del_07_29.json","07",11652
145.441936,-14.694482,834,3.55,2021-11-26 07:59:00,0.0539142417537102,5994.99015690081,"moving",29,-14.69295,145.44156,"run_day_11652_liz21_del_07_29.json","07",11652
145.441645,-14.69359,835,3.55,2021-11-26 07:19:00,0.0562127819673968,6250.57616735126,"moving",29,-14.69295,145.44156,"run_day_11652_liz21_del_07_29.json","07",11652
145.441788,-14.694095,835,3.55,2021-11-26 07:31:00,0.0582218063255756,6473.96948348609,"moving",29,-14.69295,145.44156,"run_day_11652_liz21_del_07_29.json","07",11652
145.441942,-14.694581,835,3.55,2021-11-26 07:43:00,0.0565222530622206,6284.9877830388,"moving",29,-14.69295,145.44156,"run_day_11652_liz21_del_07_29.json","07",11652
145.441713,-14.693345,836,3.55,2021-11-26 07:28:00,0.0507958889805718,5648.24514903983,"moving",29,-14.69295,145.44156,"run_day_11652_liz21_del_07_29.json","07",11652
145.441808,-14.693794,836,3.55,2021-11-26 07:40:00,0.050961418488329,5666.6511905124,"moving",29,-14.69295,145.44156,"run_day_11652_liz21_del_07_29.json","07",11652
145.44193,-14.694225,836,3.55,2021-11-26 07:52:00,0.0496889975669202,5525.16443949535,"moving",29,-14.69295,145.44156,"run_day_11652_liz21_del_07_29.json","07",11652
145.442067,-14.694655,836,3.55,2021-11-26 08:04:00,0.0500329353750685,5563.40857884269,"moving",29,-14.69295,145.44156,"run_day_11652_liz21_del_07_29.json","07",11652
145.44164,-14.693421,837,3.55,2021-11-26 07:22:00,0.0537715896656993,5979.12796843874,"moving",29,-14.69295,145.44156,"run_day_11652_liz21_del_07_29.json","07",11652
145.441761,-14.693918,837,3.55,2021-11-26 07:34:00,0.0567756563940321,6313.16494793107,"moving",29,-14.69295,145.44156,"run_day_11652_liz21_del_07_29.json","07",11652
145.441905,-14.694396,837,3.55,2021-11-26 07:46:00,0.0553618739386615,6155.95951151478,"moving",29,-14.69295,145.44156,"run_day_11652_liz21_del_07_29.json","07",11652
145.441682,-14.693588,838,3.55,2021-11-26 07:40:00,0.0544928503341508,6059.32849555881,"moving",29,-14.69295,145.44156,"run_day_11652_liz21_del_07_29.json","07",11652
145.441808,-14.694078,838,3.55,2021-11-26 07:52:00,0.056145679529564,6243.11471669877,"moving",29,-14.69295,145.44156,"run_day_11652_liz21_del_07_29.json","07",11652
145.441952,-14.694539,838,3.55,2021-11-26 08:04:00,0.05354965215101,5954.44964277319,"moving",29,-14.69295,145.44156,"run_day_11652_liz21_del_07_29.json","07",11652
145.441645,-14.693533,839,3.55,2021-11-26 07:57:00,0.054731755967365,6085.89358991904,"moving",29,-14.69295,145.44156,"run_day_11652_liz21_del_07_29.json","07",11652
145.441759,-14.694029,839,3.55,2021-11-26 08:09:00,0.0564992615725546,6282.43124603194,"moving",29,-14.69295,145.44156,"run_day_11652_liz21_del_07_29.json","07",11652
145.441901,-14.694488,839,3.55,2021-11-26 08:21:00,0.053274737920721,5923.88057510267,"moving",29,-14.69295,145.44156,"run_day_11652_liz21_del_07_29.json","07",11652
145.441607,-14.69334,840,3.55,2021-11-26 07:21:00,0.0537775093778866,5979.78621040117,"moving",29,-14.69295,145.44156,"run_day_11652_liz21_del_07_29.json","07",11652
145.441723,-14.693839,840,3.55,2021-11-26 07:33:00,0.0568717499894889,6323.8500682289,"moving",29,-14.69295,145.44156,"run_day_11652_liz21_del_07_29.json","07",11652
145.441869,-14.694327,840,3.55,2021-11-26 07:45:00,0.0564897015546773,6281.36822054536,"moving",29,-14.69295,145.44156,"run_day_11652_liz21_del_07_29.json","07",11652
145.441732,-14.693305,841,3.55,2021-11-26 07:54:00,0.0495121634984037,5505.50138821839,"moving",29,-14.69295,145.44156,"run_day_11652_liz21_del_07_29.json","07",11652
145.44181,-14.693731,841,3.55,2021-11-26 08:06:00,0.0481062422659281,5349.17007990525,"moving",29,-14.69295,145.44156,"run_day_11652_liz21_del_07_29.json","07",11652
145.44191,-14.694128,841,3.55,2021-11-26 08:18:00,0.0454358293461594,5052.23371118088,"moving",29,-14.69295,145.44156,"run_day_11652_liz21_del_07_29.json","07",11652
145.44203,-14.694525,841,3.55,2021-11-26 08:30:00,0.0459925712243106,5114.14058348186,"moving",29,-14.69295,145.44156,"run_day_11652_liz21_del_07_29.json","07",11652
145.441766,-14.693383,842,3.55,2021-11-26 07:35:00,0.0479780738094316,5334.91839778698,"moving",29,-14.69295,145.44156,"run_day_11652_liz21_del_07_29.json","07",11652
145.441851,-14.69379,842,3.55,2021-11-26 07:47:00,0.0461705594178767,5133.93196760904,"moving",29,-14.69295,145.44156,"run_day_11652_liz21_del_07_29.json","07",11652
145.441961,-14.694187,842,3.55,2021-11-26 07:59:00,0.0457023954220736,5081.87450643809,"moving",29,-14.69295,145.44156,"run_day_11652_liz21_del_07_29.json","07",11652
145.442083,-14.694592,842,3.55,2021-11-26 08:11:00,0.0469067713759099,5215.79500227739,"moving",29,-14.69295,145.44156,"run_day_11652_liz21_del_07_29.json","07",11652
145.44167,-14.693549,843,3.55,2021-11-26 08:06:00,0.0538261821654496,5985.19837744383,"moving",29,-14.69295,145.44156,"run_day_11652_liz21_del_07_29.json","07",11652
145.441778,-14.694028,843,3.55,2021-11-26 08:18:00,0.0545143875378787,6061.72332334747,"moving",29,-14.69295,145.44156,"run_day_11652_liz21_del_07_29.json","07",11652
145.441913,-14.694472,843,3.55,2021-11-26 08:30:00,0.051461551871619,5722.26348537983,"moving",29,-14.69295,145.44156,"run_day_11652_liz21_del_07_29.json","07",11652
145.441461,-14.69341,844,3.55,2021-11-26 08:06:00,0.0574414765608557,6387.20077253948,"moving",29,-14.69295,145.44156,"run_day_11652_liz21_del_07_29.json","07",11652
145.441585,-14.693924,844,3.55,2021-11-26 08:18:00,0.0586897236385963,6525.99951478315,"moving",29,-14.69295,145.44156,"run_day_11652_liz21_del_07_29.json","07",11652
145.441743,-14.694436,844,3.55,2021-11-26 08:30:00,0.059414076199285,6606.54384463372,"moving",29,-14.69295,145.44156,"run_day_11652_liz21_del_07_29.json","07",11652
145.441758,-14.69339,845,3.55,2021-11-26 07:28:00,0.0490197204304061,5450.74421739578,"moving",29,-14.69295,145.44156,"run_day_11652_liz21_del_07_29.json","07",11652
145.441848,-14.693804,845,3.55,2021-11-26 07:40:00,0.0470414812713473,5230.77405921884,"moving",29,-14.69295,145.44156,"run_day_11652_liz21_del_07_29.json","07",11652
145.441963,-14.694211,845,3.55,2021-11-26 07:52:00,0.0469162323248018,5216.84701179541,"moving",29,-14.69295,145.44156,"run_day_11652_liz21_del_07_29.json","07",11652
145.442091,-14.694628,845,3.55,2021-11-26 08:04:00,0.0483689964143061,5378.3870081597,"moving",29,-14.69295,145.44156,"run_day_11652_liz21_del_07_29.json","07",11652
145.441756,-14.693314,846,3.55,2021-11-26 07:48:00,0.0481606422534383,5355.21908252591,"moving",29,-14.69295,145.44156,"run_day_11652_liz21_del_07_29.json","07",11652
145.441831,-14.69372,846,3.55,2021-11-26 08:00:00,0.0458602039834808,5099.42201784765,"moving",29,-14.69295,145.44156,"run_day_11652_liz21_del_07_29.json","07",11652
145.441929,-14.694106,846,3.55,2021-11-26 08:12:00,0.0441966011372388,4914.43782139408,"moving",29,-14.69295,145.44156,"run_day_11652_liz21_del_07_29.json","07",11652
145.442044,-14.694495,846,3.55,2021-11-26 08:24:00,0.044988627308389,5002.50711339571,"moving",29,-14.69295,145.44156,"run_day_11652_liz21_del_07_29.json","07",11652
145.441669,-14.693535,847,3.55,2021-11-26 07:13:00,0.0555130184697226,6172.76601655883,"moving",29,-14.69295,145.44156,"run_day_11652_liz21_del_07_29.json","07",11652
145.441803,-14.69403,847,3.55,2021-11-26 07:25:00,0.0568972296449592,6326.68327664985,"moving",29,-14.69295,145.44156,"run_day_11652_liz21_del_07_29.json","07",11652
145.441948,-14.694505,847,3.55,2021-11-26 07:37:00,0.0550720495611925,6123.73251112231,"moving",29,-14.69295,145.44156,"run_day_11652_liz21_del_07_29.json","07",11652
145.441681,-14.693498,848,3.55,2021-11-26 07:34:00,0.0533809871289895,5935.69494802212,"moving",29,-14.69295,145.44156,"run_day_11652_liz21_del_07_29.json","07",11652
145.441799,-14.693983,848,3.55,2021-11-26 07:46:00,0.0554028805321242,6160.5192366668,"moving",29,-14.69295,145.44156,"run_day_11652_liz21_del_07_29.json","07",11652
145.441938,-14.694442,848,3.55,2021-11-26 07:58:00,0.0531831302556145,5913.69426750107,"moving",29,-14.69295,145.44156,"run_day_11652_liz21_del_07_29.json","07",11652
145.44164,-14.69337,849,3.55,2021-11-26 07:36:00,0.0527036571427076,5860.37928988335,"moving",29,-14.69295,145.44156,"run_day_11652_liz21_del_07_29.json","07",11652
145.441748,-14.693866,849,3.55,2021-11-26 07:48:00,0.0563627281613352,6267.24942338687,"moving",29,-14.69295,145.44156,"run_day_11652_liz21_del_07_29.json","07",11652
145.441886,-14.694336,849,3.55,2021-11-26 08:00:00,0.0543285553535567,6041.05972724358,"moving",29,-14.69295,145.44156,"run_day_11652_liz21_del_07_29.json","07",11652
145.441695,-14.693561,850,3.55,2021-11-26 07:47:00,0.0539355269324045,5997.35696078434,"moving",29,-14.69295,145.44156,"run_day_11652_liz21_del_07_29.json","07",11652
145.441811,-14.69404,850,3.55,2021-11-26 07:59:00,0.0547042019327469,6082.82972106092,"moving",29,-14.69295,145.44156,"run_day_11652_liz21_del_07_29.json","07",11652
145.441947,-14.694488,850,3.55,2021-11-26 08:11:00,0.0519186121496189,5773.08626946417,"moving",29,-14.69295,145.44156,"run_day_11652_liz21_del_07_29.json","07",11652
145.441614,-14.693546,851,3.55,2021-11-26 07:28:00,0.055607636416811,6183.28705224459,"moving",29,-14.69295,145.44156,"run_day_11652_liz21_del_07_29.json","07",11652
145.441752,-14.69406,851,3.55,2021-11-26 07:40:00,0.0590501292771552,6566.07479332498,"moving",29,-14.69295,145.44156,"run_day_11652_liz21_del_07_29.json","07",11652
145.441909,-14.694552,851,3.55,2021-11-26 07:52:00,0.0572548040406765,6366.44373535161,"moving",29,-14.69295,145.44156,"run_day_11652_liz21_del_07_29.json","07",11652
145.441583,-14.693628,852,3.55,2021-11-26 07:51:00,0.0571738915632206,6357.44667835627,"moving",29,-14.69295,145.44156,"run_day_11652_liz21_del_07_29.json","07",11652
145.441722,-14.69415,852,3.55,2021-11-26 08:03:00,0.0599382812764275,6664.83278973328,"moving",29,-14.69295,145.44156,"run_day_11652_liz21_del_07_29.json","07",11652
145.441886,-14.69464,852,3.55,2021-11-26 08:15:00,0.0572697457608845,6368.10517883408,"moving",29,-14.69295,145.44156,"run_day_11652_liz21_del_07_29.json","07",11652
145.441707,-14.693196,853,3.55,2021-11-26 07:43:00,0.0490387164602491,5452.85647954072,"moving",29,-14.69295,145.44156,"run_day_11652_liz21_del_07_29.json","07",11652
145.441784,-14.693637,853,3.55,2021-11-26 07:55:00,0.0497314318625104,5529.88291788072,"moving",29,-14.69295,145.44156,"run_day_11652_liz21_del_07_29.json","07",11652
145.441886,-14.694051,853,3.55,2021-11-26 08:07:00,0.0473239393393069,5262.18196336578,"moving",29,-14.69295,145.44156,"run_day_11652_liz21_del_07_29.json","07",11652
145.442005,-14.694456,853,3.55,2021-11-26 08:19:00,0.0468175310460985,5205.87193035027,"moving",29,-14.69295,145.44156,"run_day_11652_liz21_del_07_29.json","07",11652
145.44163,-14.693493,854,3.55,2021-11-26 08:03:00,0.0544044543575204,6049.49931142172,"moving",29,-14.69295,145.44156,"run_day_11652_liz21_del_07_29.json","07",11652
145.441739,-14.693986,854,3.55,2021-11-26 08:15:00,0.0560587414433762,6233.4476425825,"moving",29,-14.69295,145.44156,"run_day_11652_liz21_del_07_29.json","07",11652
145.441878,-14.694447,854,3.55,2021-11-26 08:27:00,0.0533965885533294,5937.42974725715,"moving",29,-14.69295,145.44156,"run_day_11652_liz21_del_07_29.json","07",11652
145.441664,-14.693449,855,3.55,2021-11-26 07:35:00,0.0531838106625147,5913.76992529642,"moving",29,-14.69295,145.44156,"run_day_11652_liz21_del_07_29.json","07",11652
145.441779,-14.69394,855,3.55,2021-11-26 07:47:00,0.0559803363238737,6224.72939107087,"moving",29,-14.69295,145.44156,"run_day_11652_liz21_del_07_29.json","07",11652
145.441917,-14.694403,855,3.55,2021-11-26 07:59:00,0.0535802245679015,5957.84914042679,"moving",29,-14.69295,145.44156,"run_day_11652_liz21_del_07_29.json","07",11652
145.441737,-14.69325,856,3.55,2021-11-26 07:52:00,0.0486353652886059,5408.00587559785,"moving",29,-14.69295,145.44156,"run_day_11652_liz21_del_07_29.json","07",11652
145.441809,-14.693668,856,3.55,2021-11-26 08:04:00,0.0471202165203962,5239.52901946118,"moving",29,-14.69295,145.44156,"run_day_11652_liz21_del_07_29.json","07",11652
145.441904,-14.694059,856,3.55,2021-11-26 08:16:00,0.0446618027705036,4966.1658828799,"moving",29,-14.69295,145.44156,"run_day_11652_liz21_del_07_29.json","07",11652
145.442018,-14.694448,856,3.55,2021-11-26 08:28:00,0.044959174930769,4999.23215842674,"moving",29,-14.69295,145.44156,"run_day_11652_liz21_del_07_29.json","07",11652
145.44156,-14.69352,857,3.55,2021-11-26 07:38:00,0.0563774938345175,6268.89129133323,"moving",29,-14.69295,145.44156,"run_day_11652_liz21_del_07_29.json","07",11652
145.441698,-14.694043,857,3.55,2021-11-26 07:50:00,0.0600192796701577,6673.83940018244,"moving",29,-14.69295,145.44156,"run_day_11652_liz21_del_07_29.json","07",11652
145.441862,-14.69455,857,3.55,2021-11-26 08:02:00,0.0590710316412008,6568.39903016174,"moving",29,-14.69295,145.44156,"run_day_11652_liz21_del_07_29.json","07",11652
145.44159,-14.693294,858,3.55,2021-11-26 07:33:00,0.0528859731567104,5880.65190568652,"moving",29,-14.69295,145.44156,"run_day_11652_liz21_del_07_29.json","07",11652
145.4417,-14.693794,858,3.55,2021-11-26 07:45:00,0.0568424193739793,6320.58865258887,"moving",29,-14.69295,145.44156,"run_day_11652_liz21_del_07_29.json","07",11652
145.441841,-14.694287,858,3.55,2021-11-26 07:57:00,0.0568782229552125,6324.56982917771,"moving",29,-14.69295,145.44156,"run_day_11652_liz21_del_07_29.json","07",11652
145.441698,-14.693503,859,3.55,2021-11-26 07:56:00,0.0530927591189891,5903.64545559322,"moving",29,-14.69295,145.44156,"run_day_11652_liz21_del_07_29.json","07",11652
145.441801,-14.693972,859,3.55,2021-11-26 08:08:00,0.0533141609137761,5928.26421192353,"moving",29,-14.69295,145.44156,"run_day_11652_liz21_del_07_29.json","07",11652
145.441928,-14.694405,859,3.55,2021-11-26 08:20:00,0.0500476255442169,5565.04205112354,"moving",29,-14.69295,145.44156,"run_day_11652_liz21_del_07_29.json","07",11652
145.44161,-14.693401,860,3.55,2021-11-26 07:32:00,0.0537541625888115,5977.19016590258,"moving",29,-14.69295,145.44156,"run_day_11652_liz21_del_07_29.json","07",11652
145.441729,-14.693907,860,3.55,2021-11-26 07:44:00,0.0577021212540267,6416.18314007693,"moving",29,-14.69295,145.44156,"run_day_11652_liz21_del_07_29.json","07",11652
145.441875,-14.694394,860,3.55,2021-11-26 07:56:00,0.056382896568728,6269.49204796745,"moving",29,-14.69295,145.44156,"run_day_11652_liz21_del_07_29.json","07",11652
145.441649,-14.693396,861,3.55,2021-11-26 08:03:00,0.0527735117299777,5868.14676559063,"moving",29,-14.69295,145.44156,"run_day_11652_liz21_del_07_29.json","07",11652
145.441746,-14.693878,861,3.55,2021-11-26 08:15:00,0.0546019897189291,6071.46424144327,"moving",29,-14.69295,145.44156,"run_day_11652_liz21_del_07_29.json","07",11652
145.441872,-14.694327,861,3.55,2021-11-26 08:27:00,0.0517331928271673,5752.46858150568,"moving",29,-14.69295,145.44156,"run_day_11652_liz21_del_07_29.json","07",11652
145.441617,-14.693482,862,3.55,2021-11-26 08:02:00,0.0545555499858609,6066.30037873136,"moving",29,-14.69295,145.44156,"run_day_11652_liz21_del_07_29.json","07",11652
145.441728,-14.693979,862,3.55,2021-11-26 08:14:00,0.0565387959694163,6286.82727039092,"moving",29,-14.69295,145.44156,"run_day_11652_liz21_del_07_29.json","07",11652
145.441869,-14.694446,862,3.55,2021-11-26 08:26:00,0.0540973073637831,6015.346123984,"moving",29,-14.69295,145.44156,"run_day_11652_liz21_del_07_29.json","07",11652
145.44175,-14.693486,863,3.55,2021-11-26 07:37:00,0.0506809710292485,5635.4668558723,"moving",29,-14.69295,145.44156,"run_day_11652_liz21_del_07_29.json","07",11652
145.441851,-14.693918,863,3.55,2021-11-26 07:49:00,0.0492492706838403,5476.26904098764,"moving",29,-14.69295,145.44156,"run_day_11652_liz21_del_07_29.json","07",11652
145.441971,-14.694338,863,3.55,2021-11-26 08:01:00,0.0484526025294929,5387.68358400492,"moving",29,-14.69295,145.44156,"run_day_11652_liz21_del_07_29.json","07",11652
145.441578,-14.693429,864,3.55,2021-11-26 07:20:00,0.0555949415868499,6181.87545155831,"moving",29,-14.69295,145.44156,"run_day_11652_liz21_del_07_29.json","07",11652
145.441711,-14.69394,864,3.55,2021-11-26 07:32:00,0.0585937028884406,6515.32249451322,"moving",29,-14.69295,145.44156,"run_day_11652_liz21_del_07_29.json","07",11652
145.441867,-14.694443,864,3.55,2021-11-26 07:44:00,0.0583936576809798,6493.07848234402,"moving",29,-14.69295,145.44156,"run_day_11652_liz21_del_07_29.json","07",11652
145.441467,-14.693531,865,3.55,2021-11-26 08:05:00,0.0585981853276221,6515.8209190092,"moving",29,-14.69295,145.44156,"run_day_11652_liz21_del_07_29.json","07",11652
145.441601,-14.694053,865,3.55,2021-11-26 08:17:00,0.0598064073365611,6650.16907666351,"moving",29,-14.69295,145.44156,"run_day_11652_liz21_del_07_29.json","07",11652
145.441771,-14.694566,865,3.55,2021-11-26 08:29:00,0.059901920512622,6660.78965726919,"moving",29,-14.69295,145.44156,"run_day_11652_liz21_del_07_29.json","07",11652
145.441561,-14.693529,866,3.55,2021-11-26 07:46:00,0.0565701728599631,6290.31622143361,"moving",29,-14.69295,145.44156,"run_day_11652_liz21_del_07_29.json","07",11652
145.441694,-14.694051,866,3.55,2021-11-26 07:58:00,0.0597805779040708,6647.29697481248,"moving",29,-14.69295,145.44156,"run_day_11652_liz21_del_07_29.json","07",11652
145.441857,-14.694552,866,3.55,2021-11-26 08:10:00,0.0584022639120743,6494.03545157926,"moving",29,-14.69295,145.44156,"run_day_11652_liz21_del_07_29.json","07",11652
145.441599,-14.693172,867,3.55,2021-11-26 07:23:00,0.0513580338467887,5710.75280620244,"moving",29,-14.69295,145.44156,"run_day_11652_liz21_del_07_29.json","07",11652
145.4417,-14.693657,867,3.55,2021-11-26 07:35:00,0.0550128065720781,6117.14499129352,"moving",29,-14.69295,145.44156,"run_day_11652_liz21_del_07_29.json","07",11652
145.441832,-14.694142,867,3.55,2021-11-26 07:47:00,0.0557671020607824,6201.01882282832,"moving",29,-14.69295,145.44156,"run_day_11652_liz21_del_07_29.json","07",11652
145.44198,-14.694605,867,3.55,2021-11-26 07:59:00,0.0538880935743691,5992.08261201709,"moving",29,-14.69295,145.44156,"run_day_11652_liz21_del_07_29.json","07",11652
145.441686,-14.693356,868,3.55,2021-11-26 08:02:00,0.0514130982214846,5716.87568530747,"moving",29,-14.69295,145.44156,"run_day_11652_liz21_del_07_29.json","07",11652
145.441774,-14.693819,868,3.55,2021-11-26 08:14:00,0.0523460985895598,5820.62059279494,"moving",29,-14.69295,145.44156,"run_day_11652_liz21_del_07_29.json","07",11652
145.441888,-14.694246,868,3.55,2021-11-26 08:26:00,0.0490379474708652,5452.77097182258,"moving",29,-14.69295,145.44156,"run_day_11652_liz21_del_07_29.json","07",11652
145.442024,-14.694662,868,3.55,2021-11-26 08:38:00,0.0485148783898215,5394.60834372588,"moving",29,-14.69295,145.44156,"run_day_11652_liz21_del_07_29.json","07",11652
145.441585,-14.693553,869,3.55,2021-11-26 07:13:00,0.0575580028472649,6400.15790440892,"moving",29,-14.69295,145.44156,"run_day_11652_liz21_del_07_29.json","07",11652
145.441734,-14.694074,869,3.55,2021-11-26 07:25:00,0.0601084008843266,6683.74922705442,"moving",29,-14.69295,145.44156,"run_day_11652_liz21_del_07_29.json","07",11652
145.441898,-14.694578,869,3.55,2021-11-26 07:37:00,0.0587527508958108,6533.00782602572,"moving",29,-14.69295,145.44156,"run_day_11652_liz21_del_07_29.json","07",11652
145.441642,-14.693639,870,3.55,2021-11-26 07:52:00,0.0560792616035555,6235.72938028837,"moving",29,-14.69295,145.44156,"run_day_11652_liz21_del_07_29.json","07",11652
145.441772,-14.694146,870,3.55,2021-11-26 08:04:00,0.0580839597650189,6458.64164529678,"moving",29,-14.69295,145.44156,"run_day_11652_liz21_del_07_29.json","07",11652
145.441926,-14.694614,870,3.55,2021-11-26 08:16:00,0.0546117663608286,6072.55135442212,"moving",29,-14.69295,145.44156,"run_day_11652_liz21_del_07_29.json","07",11652
145.441691,-14.69364,871,3.55,2021-11-26 07:23:00,0.055513017386555,6172.76589611609,"moving",29,-14.69295,145.44156,"run_day_11652_liz21_del_07_29.json","07",11652
145.44183,-14.694128,871,3.55,2021-11-26 07:35:00,0.0562850522652927,6258.61225782438,"moving",29,-14.69295,145.44156,"run_day_11652_liz21_del_07_29.json","07",11652
145.441978,-14.6946,871,3.55,2021-11-26 07:47:00,0.0548449845853993,6098.48403779543,"moving",29,-14.69295,145.44156,"run_day_11652_liz21_del_07_29.json","07",11652
145.441688,-14.693245,872,3.55,2021-11-26 07:39:00,0.0501402893770983,5575.34579922339,"moving",29,-14.69295,145.44156,"run_day_11652_liz21_del_07_29.json","07",11652
145.441774,-14.693707,872,3.55,2021-11-26 07:51:00,0.0521981914349346,5804.17406758619,"moving",29,-14.69295,145.44156,"run_day_11652_liz21_del_07_29.json","07",11652
145.441888,-14.69414,872,3.55,2021-11-26 08:03:00,0.0496842056453031,5524.63160212265,"moving",29,-14.69295,145.44156,"run_day_11652_liz21_del_07_29.json","07",11652
145.442018,-14.694562,872,3.55,2021-11-26 08:15:00,0.0489632279072914,5444.46253543207,"moving",29,-14.69295,145.44156,"run_day_11652_liz21_del_07_29.json","07",11652
145.441711,-14.693578,873,3.55,2021-11-26 07:38:00,0.0537365471354724,5975.23141686072,"moving",29,-14.69295,145.44156,"run_day_11652_liz21_del_07_29.json","07",11652
145.441831,-14.694048,873,3.55,2021-11-26 07:50:00,0.0538318404242881,5985.8275471203,"moving",29,-14.69295,145.44156,"run_day_11652_liz21_del_07_29.json","07",11652
145.441968,-14.694499,873,3.55,2021-11-26 08:02:00,0.0522689877858868,5812.04626263702,"moving",29,-14.69295,145.44156,"run_day_11652_liz21_del_07_29.json","07",11652
145.441765,-14.693241,874,3.55,2021-11-26 07:47:00,0.0463526152071657,5154.17564774424,"moving",29,-14.69295,145.44156,"run_day_11652_liz21_del_07_29.json","07",11652
145.441833,-14.693631,874,3.55,2021-11-26 07:59:00,0.0439784729634929,4890.1830751153,"moving",29,-14.69295,145.44156,"run_day_11652_liz21_del_07_29.json","07",11652
145.441922,-14.694003,874,3.55,2021-11-26 08:11:00,0.0424577354534221,4721.08477923735,"moving",29,-14.69295,145.44156,"run_day_11652_liz21_del_07_29.json","07",11652
145.442028,-14.694376,874,3.55,2021-11-26 08:23:00,0.0430141931067993,4782.96004718543,"moving",29,-14.69295,145.44156,"run_day_11652_liz21_del_07_29.json","07",11652
145.441541,-14.693399,875,3.55,2021-11-26 08:03:00,0.0554756814151075,6168.61432550979,"moving",29,-14.69295,145.44156,"run_day_11652_liz21_del_07_29.json","07",11652
145.441654,-14.693902,875,3.55,2021-11-26 08:15:00,0.0572363892139056,6364.39610003965,"moving",29,-14.69295,145.44156,"run_day_11652_liz21_del_07_29.json","07",11652
145.4418,-14.694396,875,3.55,2021-11-26 08:27:00,0.0571308739419261,6352.663337112,"moving",29,-14.69295,145.44156,"run_day_11652_liz21_del_07_29.json","07",11652
145.441578,-14.69319,876,3.55,2021-11-26 07:49:00,0.0521183436012698,5795.2953935791,"moving",29,-14.69295,145.44156,"run_day_11652_liz21_del_07_29.json","07",11652
145.441675,-14.693681,876,3.55,2021-11-26 08:01:00,0.055584636004537,6180.72952308899,"moving",29,-14.69295,145.44156,"run_day_11652_liz21_del_07_29.json","07",11652
145.441799,-14.694168,876,3.55,2021-11-26 08:13:00,0.055770180104257,6201.36108564669,"moving",29,-14.69295,145.44156,"run_day_11652_liz21_del_07_29.json","07",11652
145.441947,-14.694619,876,3.55,2021-11-26 08:25:00,0.0526147775043977,5850.49632502128,"moving",29,-14.69295,145.44156,"run_day_11652_liz21_del_07_29.json","07",11652
145.441628,-14.693548,877,3.55,2021-11-26 07:39:00,0.0552303223421251,6141.33164138794,"moving",29,-14.69295,145.44156,"run_day_11652_liz21_del_07_29.json","07",11652
145.441759,-14.694058,877,3.55,2021-11-26 07:51:00,0.0584336333957509,6497.52357901556,"moving",29,-14.69295,145.44156,"run_day_11652_liz21_del_07_29.json","07",11652
145.441911,-14.694539,877,3.55,2021-11-26 08:03:00,0.0559276646651152,6218.87256983896,"moving",29,-14.69295,145.44156,"run_day_11652_liz21_del_07_29.json","07",11652
145.441561,-14.693423,878,3.55,2021-11-26 07:42:00,0.0553298596181547,6152.39968149444,"moving",29,-14.69295,145.44156,"run_day_11652_liz21_del_07_29.json","07",11652
145.441684,-14.693938,878,3.55,2021-11-26 07:54:00,0.0587737102858828,6535.33840386728,"moving",29,-14.69295,145.44156,"run_day_11652_liz21_del_07_29.json","07",11652
145.441839,-14.694441,878,3.55,2021-11-26 08:06:00,0.0583628424677067,6489.65198696458,"moving",29,-14.69295,145.44156,"run_day_11652_liz21_del_07_29.json","07",11652
145.441484,-14.693356,879,3.55,2021-11-26 07:41:00,0.0562796131566179,6258.00745653427,"moving",29,-14.69295,145.44156,"run_day_11652_liz21_del_07_29.json","07",11652
145.441613,-14.693877,879,3.55,2021-11-26 07:53:00,0.0595709470119232,6623.98708313769,"moving",29,-14.69295,145.44156,"run_day_11652_liz21_del_07_29.json","07",11652
145.441773,-14.694402,879,3.55,2021-11-26 08:05:00,0.0608611006544434,6767.44562277794,"moving",29,-14.69295,145.44156,"run_day_11652_liz21_del_07_29.json","07",11652
145.441583,-14.693522,880,3.55,2021-11-26 07:11:00,0.0575093420071888,6394.7470658662,"moving",29,-14.69295,145.44156,"run_day_11652_liz21_del_07_29.json","07",11652
145.44173,-14.694043,880,3.55,2021-11-26 07:23:00,0.0600514046775795,6677.41153802616,"moving",29,-14.69295,145.44156,"run_day_11652_liz21_del_07_29.json","07",11652
145.441892,-14.694546,880,3.55,2021-11-26 07:35:00,0.0585823535483877,6514.06050547857,"moving",29,-14.69295,145.44156,"run_day_11652_liz21_del_07_29.json","07",11652
145.441475,-14.693434,881,3.55,2021-11-26 07:25:00,0.057489612218171,6392.55321342365,"moving",29,-14.69295,145.44156,"run_day_11652_liz21_del_07_29.json","07",11652
145.441621,-14.693962,881,3.55,2021-11-26 07:37:00,0.0607747717294646,6757.84628429762,"moving",29,-14.69295,145.44156,"run_day_11652_liz21_del_07_29.json","07",11652
145.441794,-14.694495,881,3.55,2021-11-26 07:49:00,0.0621192882310848,6907.34969806767,"moving",29,-14.69295,145.44156,"run_day_11652_liz21_del_07_29.json","07",11652
145.441715,-14.693267,882,3.55,2021-11-26 07:29:00,0.0496633427785491,5522.31175718434,"moving",29,-14.69295,145.44156,"run_day_11652_liz21_del_07_29.json","07",11652
145.4418,-14.693707,882,3.55,2021-11-26 07:41:00,0.0497726381632941,5534.46484947365,"moving",29,-14.69295,145.44156,"run_day_11652_liz21_del_07_29.json","07",11652
145.441915,-14.694128,882,3.55,2021-11-26 07:53:00,0.0484196249774724,5384.01664752709,"moving",29,-14.69295,145.44156,"run_day_11652_liz21_del_07_29.json","07",11652
145.442043,-14.69455,882,3.55,2021-11-26 08:05:00,0.048902231456515,5437.68003956242,"moving",29,-14.69295,145.44156,"run_day_11652_liz21_del_07_29.json","07",11652
145.441738,-14.693241,883,3.55,2021-11-26 07:20:00,0.0490579392892347,5454.99396059966,"moving",29,-14.69295,145.44156,"run_day_11652_liz21_del_07_29.json","07",11652
145.441818,-14.693655,883,3.55,2021-11-26 07:32:00,0.0468319770895941,5207.47825709708,"moving",29,-14.69295,145.44156,"run_day_11652_liz21_del_07_29.json","07",11652
145.441929,-14.694061,883,3.55,2021-11-26 07:44:00,0.0466971379954108,5192.48483391054,"moving",29,-14.69295,145.44156,"run_day_11652_liz21_del_07_29.json","07",11652
145.442048,-14.694476,883,3.55,2021-11-26 07:56:00,0.0478880835580909,5324.91193839042,"moving",29,-14.69295,145.44156,"run_day_11652_liz21_del_07_29.json","07",11652
145.441761,-14.693201,884,3.55,2021-11-26 08:08:00,0.0456413809144374,5075.09000273723,"moving",29,-14.69295,145.44156,"run_day_11652_liz21_del_07_29.json","07",11652
145.441823,-14.69358,884,3.55,2021-11-26 08:20:00,0.0426672321816735,4744.37975256754,"moving",29,-14.69295,145.44156,"run_day_11652_liz21_del_07_29.json","07",11652
145.441902,-14.693942,884,3.55,2021-11-26 08:32:00,0.0411396368623123,4574.5189030886,"moving",29,-14.69295,145.44156,"run_day_11652_liz21_del_07_29.json","07",11652
145.442001,-14.694302,884,3.55,2021-11-26 08:44:00,0.0414222186147572,4605.9405603228,"moving",29,-14.69295,145.44156,"run_day_11652_liz21_del_07_29.json","07",11652
145.441693,-14.693362,885,3.55,2021-11-26 07:29:00,0.0514226042050415,5717.93270245177,"moving",29,-14.69295,145.44156,"run_day_11652_liz21_del_07_29.json","07",11652
145.441794,-14.69383,885,3.55,2021-11-26 07:41:00,0.053161024038698,5911.23616833265,"moving",29,-14.69295,145.44156,"run_day_11652_liz21_del_07_29.json","07",11652
145.441922,-14.694273,885,3.55,2021-11-26 07:53:00,0.0511471061008382,5687.29871096417,"moving",29,-14.69295,145.44156,"run_day_11652_liz21_del_07_29.json","07",11652
145.441462,-14.693386,886,3.55,2021-11-26 07:28:00,0.0571670704842002,6356.68820897496,"moving",29,-14.69295,145.44156,"run_day_11652_liz21_del_07_29.json","07",11652
145.441603,-14.693911,886,3.55,2021-11-26 07:40:00,0.060315113280638,6706.7345967988,"moving",29,-14.69295,145.44156,"run_day_11652_liz21_del_07_29.json","07",11652
145.441773,-14.694446,886,3.55,2021-11-26 07:52:00,0.0622359385961668,6920.32062685603,"moving",29,-14.69295,145.44156,"run_day_11652_liz21_del_07_29.json","07",11652
145.441614,-14.693312,887,3.55,2021-11-26 07:58:00,0.0527691265023145,5867.6591505223,"moving",29,-14.69295,145.44156,"run_day_11652_liz21_del_07_29.json","07",11652
145.441711,-14.693802,887,3.55,2021-11-26 08:10:00,0.0554754202228236,6168.58528225294,"moving",29,-14.69295,145.44156,"run_day_11652_liz21_del_07_29.json","07",11652
145.441837,-14.694269,887,3.55,2021-11-26 08:22:00,0.0536673655422186,5967.53877467372,"moving",29,-14.69295,145.44156,"run_day_11652_liz21_del_07_29.json","07",11652
145.441651,-14.693318,888,3.55,2021-11-26 07:43:00,0.051942242058373,5775.7137954347,"moving",29,-14.69295,145.44156,"run_day_11652_liz21_del_07_29.json","07",11652
145.441749,-14.693806,888,3.55,2021-11-26 07:55:00,0.0552774236875333,6146.56907203546,"moving",29,-14.69295,145.44156,"run_day_11652_liz21_del_07_29.json","07",11652
145.441876,-14.694263,888,3.55,2021-11-26 08:07:00,0.0526200226519065,5851.07955881376,"moving",29,-14.69295,145.44156,"run_day_11652_liz21_del_07_29.json","07",11652
145.441506,-14.693608,889,3.55,2021-11-26 07:36:00,0.0586465986909104,6521.20423938866,"moving",29,-14.69295,145.44156,"run_day_11652_liz21_del_07_29.json","07",11652
145.441661,-14.694145,889,3.55,2021-11-26 07:48:00,0.0619953565960559,6893.5691290017,"moving",29,-14.69295,145.44156,"run_day_11652_liz21_del_07_29.json","07",11652
145.441843,-14.694671,889,3.55,2021-11-26 08:00:00,0.06167747436271,6858.2222373832,"moving",29,-14.69295,145.44156,"run_day_11652_liz21_del_07_29.json","07",11652
145.441676,-14.693249,890,3.55,2021-11-26 07:54:00,0.0504680516382822,5611.79129981259,"moving",29,-14.69295,145.44156,"run_day_11652_liz21_del_07_29.json","07",11652
145.441759,-14.693716,890,3.55,2021-11-26 08:06:00,0.0526898284036414,5858.84160425729,"moving",29,-14.69295,145.44156,"run_day_11652_liz21_del_07_29.json","07",11652
145.441868,-14.694147,890,3.55,2021-11-26 08:18:00,0.049338175496328,5486.15480509055,"moving",29,-14.69295,145.44156,"run_day_11652_liz21_del_07_29.json","07",11652
145.441998,-14.694564,890,3.55,2021-11-26 08:30:00,0.0484306658174756,5385.24433292134,"moving",29,-14.69295,145.44156,"run_day_11652_liz21_del_07_29.json","07",11652
145.441504,-14.693603,891,3.55,2021-11-26 07:42:00,0.0588093934817561,6539.30619421486,"moving",29,-14.69295,145.44156,"run_day_11652_liz21_del_07_29.json","07",11652
145.441655,-14.694138,891,3.55,2021-11-26 07:54:00,0.061666481803088,6856.99992052239,"moving",29,-14.69295,145.44156,"run_day_11652_liz21_del_07_29.json","07",11652
145.441835,-14.694662,891,3.55,2021-11-26 08:06:00,0.0613984532197062,6827.1965018546,"moving",29,-14.69295,145.44156,"run_day_11652_liz21_del_07_29.json","07",11652
145.441605,-14.693575,892,3.55,2021-11-26 07:12:00,0.0574614441883847,6389.42107141784,"moving",29,-14.69295,145.44156,"run_day_11652_liz21_del_07_29.json","07",11652
145.441755,-14.694094,892,3.55,2021-11-26 07:24:00,0.0599229597639534,6663.12911527765,"moving",29,-14.69295,145.44156,"run_day_11652_liz21_del_07_29.json","07",11652
145.441916,-14.694592,892,3.55,2021-11-26 07:36:00,0.0580195823071719,6451.48319859392,"moving",29,-14.69295,145.44156,"run_day_11652_liz21_del_07_29.json","07",11652
145.4416,-14.69329,893,3.55,2021-11-26 07:46:00,0.0528567482050301,5877.40223932823,"moving",29,-14.69295,145.44156,"run_day_11652_liz21_del_07_29.json","07",11652
145.441703,-14.693788,893,3.55,2021-11-26 07:58:00,0.0564724036168308,6279.44477761542,"moving",29,-14.69295,145.44156,"run_day_11652_liz21_del_07_29.json","07",11652
145.441835,-14.694269,893,3.55,2021-11-26 08:10:00,0.0553370918444054,6153.20386836187,"moving",29,-14.69295,145.44156,"run_day_11652_liz21_del_07_29.json","07",11652
145.441688,-14.69321,894,3.55,2021-11-26 07:53:00,0.049733577661195,5530.12151980805,"moving",29,-14.69295,145.44156,"run_day_11652_liz21_del_07_29.json","07",11652
145.441767,-14.693666,894,3.55,2021-11-26 08:05:00,0.0514119304320902,5716.74583305142,"moving",29,-14.69295,145.44156,"run_day_11652_liz21_del_07_29.json","07",11652
145.44187,-14.694087,894,3.55,2021-11-26 08:17:00,0.0481060931842466,5349.15350277861,"moving",29,-14.69295,145.44156,"run_day_11652_liz21_del_07_29.json","07",11652
145.441994,-14.694496,894,3.55,2021-11-26 08:29:00,0.0473940436594024,5269.97720809626,"moving",29,-14.69295,145.44156,"run_day_11652_liz21_del_07_29.json","07",11652
145.441741,-14.693594,895,3.55,2021-11-26 07:35:00,0.0527836097974451,5869.26961946192,"moving",29,-14.69295,145.44156,"run_day_11652_liz21_del_07_29.json","07",11652
145.441858,-14.694045,895,3.55,2021-11-26 07:47:00,0.0517037574373976,5749.19551549948,"moving",29,-14.69295,145.44156,"run_day_11652_liz21_del_07_29.json","07",11652
145.44199,-14.694485,895,3.55,2021-11-26 07:59:00,0.050944131388053,5664.72895266531,"moving",29,-14.69295,145.44156,"run_day_11652_liz21_del_07_29.json","07",11652
145.441618,-14.693452,896,3.55,2021-11-26 08:00:00,0.0543375430664661,6042.05911532125,"moving",29,-14.69295,145.44156,"run_day_11652_liz21_del_07_29.json","07",11652
145.441727,-14.693949,896,3.55,2021-11-26 08:12:00,0.0564937626253864,6281.81979100495,"moving",29,-14.69295,145.44156,"run_day_11652_liz21_del_07_29.json","07",11652
145.441865,-14.694415,896,3.55,2021-11-26 08:24:00,0.0539008328358334,5993.49915326112,"moving",29,-14.69295,145.44156,"run_day_11652_liz21_del_07_29.json","07",11652
145.441635,-14.693351,897,3.55,2021-11-26 07:26:00,0.0527704551299444,5867.80688717415,"moving",29,-14.69295,145.44156,"run_day_11652_liz21_del_07_29.json","07",11652
145.441747,-14.693845,897,3.55,2021-11-26 07:38:00,0.0562357214696708,6253.12692362388,"moving",29,-14.69295,145.44156,"run_day_11652_liz21_del_07_29.json","07",11652
145.441887,-14.69432,897,3.55,2021-11-26 07:50:00,0.0549221773849639,6107.06748548051,"moving",29,-14.69295,145.44156,"run_day_11652_liz21_del_07_29.json","07",11652
145.441682,-14.693532,898,3.55,2021-11-26 07:31:00,0.0537290923619106,5974.40248386137,"moving",29,-14.69295,145.44156,"run_day_11652_liz21_del_07_29.json","07",11652
145.441806,-14.694018,898,3.55,2021-11-26 07:43:00,0.0556622201953907,6189.35649149975,"moving",29,-14.69295,145.44156,"run_day_11652_liz21_del_07_29.json","07",11652
145.441947,-14.694481,898,3.55,2021-11-26 07:55:00,0.0536705072321904,5967.88811465967,"moving",29,-14.69295,145.44156,"run_day_11652_liz21_del_07_29.json","07",11652
145.441564,-14.693458,899,3.55,2021-11-26 07:59:00,0.0556696185851166,6190.17915490261,"moving",29,-14.69295,145.44156,"run_day_11652_liz21_del_07_29.json","07",11652
145.441681,-14.693965,899,3.55,2021-11-26 08:11:00,0.0577633039602874,6422.98634661151,"moving",29,-14.69295,145.44156,"run_day_11652_liz21_del_07_29.json","07",11652
145.44183,-14.694454,899,3.55,2021-11-26 08:23:00,0.056686897705209,6303.29543203831,"moving",29,-14.69295,145.44156,"run_day_11652_liz21_del_07_29.json","07",11652
145.441536,-14.693573,900,3.55,2021-11-26 08:01:00,0.057461444214237,6389.42107429249,"moving",29,-14.69295,145.44156,"run_day_11652_liz21_del_07_29.json","07",11652
145.441668,-14.694091,900,3.55,2021-11-26 08:13:00,0.0593229816349206,6596.4145912315,"moving",29,-14.69295,145.44156,"run_day_11652_liz21_del_07_29.json","07",11652
145.441832,-14.694589,900,3.55,2021-11-26 08:25:00,0.0581167054808843,6462.28280277036,"moving",29,-14.69295,145.44156,"run_day_11652_liz21_del_07_29.json","07",11652
145.441663,-14.693632,901,3.55,2021-11-26 08:00:00,0.0552570160574278,6144.29984710289,"moving",29,-14.69295,145.44156,"run_day_11652_liz21_del_07_29.json","07",11652
145.441784,-14.694123,901,3.55,2021-11-26 08:12:00,0.0561264571897561,6240.97729003389,"moving",29,-14.69295,145.44156,"run_day_11652_liz21_del_07_29.json","07",11652
145.44193,-14.694578,901,3.55,2021-11-26 08:24:00,0.0529747181377296,5890.51989734102,"moving",29,-14.69295,145.44156,"run_day_11652_liz21_del_07_29.json","07",11652
145.44162,-14.693573,902,3.55,2021-11-26 07:59:00,0.0556004054620449,6182.4830067598,"moving",29,-14.69295,145.44156,"run_day_11652_liz21_del_07_29.json","07",11652
145.441742,-14.694077,902,3.55,2021-11-26 08:11:00,0.057557995672863,6400.15710665183,"moving",29,-14.69295,145.44156,"run_day_11652_liz21_del_07_29.json","07",11652
145.441892,-14.694547,902,3.55,2021-11-26 08:23:00,0.0546952745608064,6081.83704259286,"moving",29,-14.69295,145.44156,"run_day_11652_liz21_del_07_29.json","07",11652
145.441705,-14.693267,903,3.55,2021-11-26 07:20:00,0.0506175641009535,5628.41632713177,"moving",29,-14.69295,145.44156,"run_day_11652_liz21_del_07_29.json","07",11652
145.441795,-14.693714,903,3.55,2021-11-26 07:32:00,0.0506380118113992,5630.69000879484,"moving",29,-14.69295,145.44156,"run_day_11652_liz21_del_07_29.json","07",11652
145.441916,-14.694145,903,3.55,2021-11-26 07:44:00,0.0496607026943596,5522.01819321655,"moving",29,-14.69295,145.44156,"run_day_11652_liz21_del_07_29.json","07",11652
145.442047,-14.694578,903,3.55,2021-11-26 07:56:00,0.0501667565152331,5578.28881070678,"moving",29,-14.69295,145.44156,"run_day_11652_liz21_del_07_29.json","07",11652
145.44161,-14.693442,904,3.55,2021-11-26 07:22:00,0.0548010893155803,6093.60310648787,"moving",29,-14.69295,145.44156,"run_day_11652_liz21_del_07_29.json","07",11652
145.441739,-14.693949,904,3.55,2021-11-26 07:34:00,0.058058164065143,6455.77329434133,"moving",29,-14.69295,145.44156,"run_day_11652_liz21_del_07_29.json","07",11652
145.44189,-14.69444,904,3.55,2021-11-26 07:46:00,0.0569612123092618,6333.7978243135,"moving",29,-14.69295,145.44156,"run_day_11652_liz21_del_07_29.json","07",11652
145.441577,-14.693503,905,3.55,2021-11-26 07:18:00,0.056642827853223,6298.3950880795,"moving",29,-14.69295,145.44156,"run_day_11652_liz21_del_07_29.json","07",11652
145.44172,-14.69402,905,3.55,2021-11-26 07:30:00,0.0595097876491177,6617.18647227691,"moving",29,-14.69295,145.44156,"run_day_11652_liz21_del_07_29.json","07",11652
145.441881,-14.694526,905,3.55,2021-11-26 07:42:00,0.0588691963161302,6545.95596599623,"moving",29,-14.69295,145.44156,"run_day_11652_liz21_del_07_29.json","07",11652
145.441773,-14.693156,906,3.55,2021-11-26 07:12:00,0.0461699645328536,5133.86581941254,"moving",29,-14.69295,145.44156,"run_day_11652_liz21_del_07_29.json","07",11652
145.441841,-14.693527,906,3.55,2021-11-26 07:24:00,0.0418966651111555,4658.69660368658,"moving",29,-14.69295,145.44156,"run_day_11652_liz21_del_07_29.json","07",11652
145.441934,-14.693892,906,3.55,2021-11-26 07:36:00,0.04180064585009,4648.01974899594,"moving",29,-14.69295,145.44156,"run_day_11652_liz21_del_07_29.json","07",11652
145.44204,-14.694272,906,3.55,2021-11-26 07:48:00,0.0437652056269763,4866.46882927566,"moving",29,-14.69295,145.44156,"run_day_11652_liz21_del_07_29.json","07",11652
145.44175,-14.693601,907,3.55,2021-11-26 08:04:00,0.0519428599237951,5775.78249893499,"moving",29,-14.69295,145.44156,"run_day_11652_liz21_del_07_29.json","07",11652
145.441849,-14.694029,907,3.55,2021-11-26 08:16:00,0.0487681227062512,5422.76782691444,"moving",29,-14.69295,145.44156,"run_day_11652_liz21_del_07_29.json","07",11652
145.441971,-14.69444,907,3.55,2021-11-26 08:28:00,0.0475476720287363,5287.05990335487,"moving",29,-14.69295,145.44156,"run_day_11652_liz21_del_07_29.json","07",11652
145.441526,-14.693551,908,3.55,2021-11-26 07:29:00,0.0575184592887323,6395.76086131863,"moving",29,-14.69295,145.44156,"run_day_11652_liz21_del_07_29.json","07",11652
145.441677,-14.69408,908,3.55,2021-11-26 07:41:00,0.0610231213950277,6785.46150714211,"moving",29,-14.69295,145.44156,"run_day_11652_liz21_del_07_29.json","07",11652
145.441851,-14.694601,908,3.55,2021-11-26 07:53:00,0.060880507159169,6769.60352764733,"moving",29,-14.69295,145.44156,"run_day_11652_liz21_del_07_29.json","07",11652
145.441473,-14.693504,909,3.55,2021-11-26 07:26:00,0.0583245721584583,6485.39652273504,"moving",29,-14.69295,145.44156,"run_day_11652_liz21_del_07_29.json","07",11652
145.441626,-14.694037,909,3.55,2021-11-26 07:38:00,0.0615091771783398,6839.50844431266,"moving",29,-14.69295,145.44156,"run_day_11652_liz21_del_07_29.json","07",11652
145.441805,-14.694572,909,3.55,2021-11-26 07:50:00,0.0625271866895775,6952.7059372382,"moving",29,-14.69295,145.44156,"run_day_11652_liz21_del_07_29.json","07",11652
145.441563,-14.693576,910,3.55,2021-11-26 07:47:00,0.0571361458686572,6353.24954861815,"moving",29,-14.69295,145.44156,"run_day_11652_liz21_del_07_29.json","07",11652
145.4417,-14.6941,910,3.55,2021-11-26 07:59:00,0.060100564355279,6682.87784478183,"moving",29,-14.69295,145.44156,"run_day_11652_liz21_del_07_29.json","07",11652
145.441866,-14.6946,910,3.55,2021-11-26 08:11:00,0.0583940575568384,6493.12294651079,"moving",29,-14.69295,145.44156,"run_day_11652_liz21_del_07_29.json","07",11652
145.441737,-14.693506,911,3.55,2021-11-26 07:39:00,0.0518319915095125,5763.45449374164,"moving",29,-14.69295,145.44156,"run_day_11652_liz21_del_07_29.json","07",11652
145.441842,-14.693951,911,3.55,2021-11-26 07:51:00,0.0507542002505036,5643.60957375799,"moving",29,-14.69295,145.44156,"run_day_11652_liz21_del_07_29.json","07",11652
145.441967,-14.69438,911,3.55,2021-11-26 08:03:00,0.0495610942518028,5510.94223975328,"moving",29,-14.69295,145.44156,"run_day_11652_liz21_del_07_29.json","07",11652
145.44173,-14.693579,912,3.55,2021-11-26 07:52:00,0.0531648017636185,5911.65623217807,"moving",29,-14.69295,145.44156,"run_day_11652_liz21_del_07_29.json","07",11652
145.441838,-14.694031,912,3.55,2021-11-26 08:04:00,0.0515850436145546,5735.99514067676,"moving",29,-14.69295,145.44156,"run_day_11652_liz21_del_07_29.json","07",11652
145.441966,-14.694459,912,3.55,2021-11-26 08:16:00,0.049542773380577,5508.90505182126,"moving",29,-14.69295,145.44156,"run_day_11652_liz21_del_07_29.json","07",11652
145.441472,-14.693376,913,3.55,2021-11-26 07:53:00,0.0570608711736142,6344.87938442465,"moving",29,-14.69295,145.44156,"run_day_11652_liz21_del_07_29.json","07",11652
145.441598,-14.693897,913,3.55,2021-11-26 08:05:00,0.05949661800014,6615.7220741249,"moving",29,-14.69295,145.44156,"run_day_11652_liz21_del_07_29.json","07",11652
145.441756,-14.694414,913,3.55,2021-11-26 08:17:00,0.0599470341147843,6665.8060609523,"moving",29,-14.69295,145.44156,"run_day_11652_liz21_del_07_29.json","07",11652
145.441772,-14.693509,914,3.55,2021-11-26 07:24:00,0.0495859427354897,5513.70526507407,"moving",29,-14.69295,145.44156,"run_day_11652_liz21_del_07_29.json","07",11652
145.441877,-14.693928,914,3.55,2021-11-26 07:36:00,0.0479399307095503,5330.67707859368,"moving",29,-14.69295,145.44156,"run_day_11652_liz21_del_07_29.json","07",11652
145.441997,-14.694348,914,3.55,2021-11-26 07:48:00,0.0484526023721304,5387.68356650702,"moving",29,-14.69295,145.44156,"run_day_11652_liz21_del_07_29.json","07",11652
145.44152,-14.693594,915,3.55,2021-11-26 08:07:00,0.05772607919733,6418.84714182509,"moving",29,-14.69295,145.44156,"run_day_11652_liz21_del_07_29.json","07",11652
145.441652,-14.69411,915,3.55,2021-11-26 08:19:00,0.0591070783971023,6572.40724653997,"moving",29,-14.69295,145.44156,"run_day_11652_liz21_del_07_29.json","07",11652
145.441819,-14.69461,915,3.55,2021-11-26 08:31:00,0.0584270341263594,6496.78977373967,"moving",29,-14.69295,145.44156,"run_day_11652_liz21_del_07_29.json","07",11652
145.441584,-14.693538,916,3.55,2021-11-26 07:47:00,0.0561041295098311,6238.49456530249,"moving",29,-14.69295,145.44156,"run_day_11652_liz21_del_07_29.json","07",11652
145.441715,-14.694056,916,3.55,2021-11-26 07:59:00,0.0592973323366194,6593.56251938842,"moving",29,-14.69295,145.44156,"run_day_11652_liz21_del_07_29.json","07",11652
145.441873,-14.694548,916,3.55,2021-11-26 08:11:00,0.0572866192835053,6369.98142894414,"moving",29,-14.69295,145.44156,"run_day_11652_liz21_del_07_29.json","07",11652
145.441559,-14.693449,917,3.55,2021-11-26 07:51:00,0.0557161492949002,6195.35313376371,"moving",29,-14.69295,145.44156,"run_day_11652_liz21_del_07_29.json","07",11652
145.441681,-14.693964,917,3.55,2021-11-26 08:03:00,0.0587495925309455,6532.6566318762,"moving",29,-14.69295,145.44156,"run_day_11652_liz21_del_07_29.json","07",11652
145.441834,-14.69446,917,3.55,2021-11-26 08:15:00,0.057555463189257,6399.87550732303,"moving",29,-14.69295,145.44156,"run_day_11652_liz21_del_07_29.json","07",11652
145.441525,-14.693525,918,3.55,2021-11-26 07:59:00,0.0572926471445813,6370.6516965143,"moving",29,-14.69295,145.44156,"run_day_11652_liz21_del_07_29.json","07",11652
145.441654,-14.694043,918,3.55,2021-11-26 08:11:00,0.0592465853288713,6587.91970958443,"moving",29,-14.69295,145.44156,"run_day_11652_liz21_del_07_29.json","07",11652
145.441816,-14.694545,918,3.55,2021-11-26 08:23:00,0.0584762004184188,6502.2568159786,"moving",29,-14.69295,145.44156,"run_day_11652_liz21_del_07_29.json","07",11652
145.441676,-14.693138,919,3.55,2021-11-26 07:52:00,0.0490773914004464,5457.15693667894,"moving",29,-14.69295,145.44156,"run_day_11652_liz21_del_07_29.json","07",11652
145.441753,-14.693596,919,3.55,2021-11-26 08:04:00,0.051596309190261,5737.24781554104,"moving",29,-14.69295,145.44156,"run_day_11652_liz21_del_07_29.json","07",11652
145.441852,-14.694021,919,3.55,2021-11-26 08:16:00,0.0484426416024124,5386.5759794489,"moving",29,-14.69295,145.44156,"run_day_11652_liz21_del_07_29.json","07",11652
145.441972,-14.69443,919,3.55,2021-11-26 08:28:00,0.0472747753534045,5256.7151775598,"moving",29,-14.69295,145.44156,"run_day_11652_liz21_del_07_29.json","07",11652
145.441572,-14.693415,920,3.55,2021-11-26 07:52:00,0.0549949188741994,6115.15597004007,"moving",29,-14.69295,145.44156,"run_day_11652_liz21_del_07_29.json","07",11652
145.441688,-14.693925,920,3.55,2021-11-26 08:04:00,0.058065715597359,6456.61298641214,"moving",29,-14.69295,145.44156,"run_day_11652_liz21_del_07_29.json","07",11652
145.441834,-14.694416,920,3.55,2021-11-26 08:16:00,0.0568102118261695,6317.00733667276,"moving",29,-14.69295,145.44156,"run_day_11652_liz21_del_07_29.json","07",11652
145.441534,-14.693325,921,3.55,2021-11-26 07:37:00,0.0546455150123,6076.30403324683,"moving",29,-14.69295,145.44156,"run_day_11652_liz21_del_07_29.json","07",11652
145.441654,-14.693836,921,3.55,2021-11-26 07:49:00,0.0582681077377902,6479.11796562083,"moving",29,-14.69295,145.44156,"run_day_11652_liz21_del_07_29.json","07",11652
145.441806,-14.69435,921,3.55,2021-11-26 08:01:00,0.0594464999199494,6610.14919787454,"moving",29,-14.69295,145.44156,"run_day_11652_liz21_del_07_29.json","07",11652
145.441706,-14.693144,922,3.55,2021-11-26 08:02:00,0.0483066868157994,5371.45849692449,"moving",29,-14.69295,145.44156,"run_day_11652_liz21_del_07_29.json","07",11652
145.441776,-14.693572,922,3.55,2021-11-26 08:14:00,0.0481833102553268,5357.73964933308,"moving",29,-14.69295,145.44156,"run_day_11652_liz21_del_07_29.json","07",11652
145.441864,-14.693971,922,3.55,2021-11-26 08:26:00,0.0453651797986022,5044.37783992278,"moving",29,-14.69295,145.44156,"run_day_11652_liz21_del_07_29.json","07",11652
145.441974,-14.69436,922,3.55,2021-11-26 08:38:00,0.0448437501607555,4986.39750959212,"moving",29,-14.69295,145.44156,"run_day_11652_liz21_del_07_29.json","07",11652
145.441505,-14.693537,923,3.55,2021-11-26 08:04:00,0.0577990830001981,6426.96479432979,"moving",29,-14.69295,145.44156,"run_day_11652_liz21_del_07_29.json","07",11652
145.441635,-14.694055,923,3.55,2021-11-26 08:16:00,0.0592718665914925,6590.73085772708,"moving",29,-14.69295,145.44156,"run_day_11652_liz21_del_07_29.json","07",11652
145.4418,-14.69456,923,3.55,2021-11-26 08:28:00,0.0588911495552137,6548.39705480572,"moving",29,-14.69295,145.44156,"run_day_11652_liz21_del_07_29.json","07",11652
145.44154,-14.693358,924,3.55,2021-11-26 08:03:00,0.0550416001841049,6120.34669487067,"moving",29,-14.69295,145.44156,"run_day_11652_liz21_del_07_29.json","07",11652
145.441649,-14.693858,924,3.55,2021-11-26 08:15:00,0.0568201283733808,6318.11000641249,"moving",29,-14.69295,145.44156,"run_day_11652_liz21_del_07_29.json","07",11652
145.441791,-14.694353,924,3.55,2021-11-26 08:27:00,0.0571212565385916,6351.59393065371,"moving",29,-14.69295,145.44156,"run_day_11652_liz21_del_07_29.json","07",11652
145.441517,-14.693459,925,3.55,2021-11-26 07:39:00,0.0566343374871063,6297.45100244197,"moving",29,-14.69295,145.44156,"run_day_11652_liz21_del_07_29.json","07",11652
145.441653,-14.693984,925,3.55,2021-11-26 07:51:00,0.0601821397745554,6691.94861754427,"moving",29,-14.69295,145.44156,"run_day_11652_liz21_del_07_29.json","07",11652
145.441819,-14.694503,925,3.55,2021-11-26 08:03:00,0.0604090366400485,6717.17839785866,"moving",29,-14.69295,145.44156,"run_day_11652_liz21_del_07_29.json","07",11652
145.44177,-14.693432,926,3.55,2021-11-26 08:04:00,0.0479806671820457,5335.20676766456,"moving",29,-14.69295,145.44156,"run_day_11652_liz21_del_07_29.json","07",11652
145.441848,-14.693828,926,3.55,2021-11-26 08:16:00,0.0448252891345694,4984.34473713958,"moving",29,-14.69295,145.44156,"run_day_11652_liz21_del_07_29.json","07",11652
145.441948,-14.694208,926,3.55,2021-11-26 08:28:00,0.0436015401248721,4848.27005577494,"moving",29,-14.69295,145.44156,"run_day_11652_liz21_del_07_29.json","07",11652
145.442068,-14.694594,926,3.55,2021-11-26 08:40:00,0.0448198915384247,4983.74455183221,"moving",29,-14.69295,145.44156,"run_day_11652_liz21_del_07_29.json","07",11652
145.44177,-14.69333,927,3.55,2021-11-26 07:23:00,0.0475400333155648,5286.21051720411,"moving",29,-14.69295,145.44156,"run_day_11652_liz21_del_07_29.json","07",11652
145.441851,-14.693725,927,3.55,2021-11-26 07:35:00,0.0447777262610733,4979.05598691017,"moving",29,-14.69295,145.44156,"run_day_11652_liz21_del_07_29.json","07",11652
145.441961,-14.694118,927,3.55,2021-11-26 07:47:00,0.0452729257741541,5034.11966044162,"moving",29,-14.69295,145.44156,"run_day_11652_liz21_del_07_29.json","07",11652
145.442079,-14.694526,927,3.55,2021-11-26 07:59:00,0.0471094032677795,5238.32664062968,"moving",29,-14.69295,145.44156,"run_day_11652_liz21_del_07_29.json","07",11652
145.441619,-14.693629,928,3.55,2021-11-26 08:03:00,0.0561666628145893,6245.44795153792,"moving",29,-14.69295,145.44156,"run_day_11652_liz21_del_07_29.json","07",11652
145.441744,-14.694132,928,3.55,2021-11-26 08:15:00,0.0575242938689581,6396.40963703884,"moving",29,-14.69295,145.44156,"run_day_11652_liz21_del_07_29.json","07",11652
145.441898,-14.694601,928,3.55,2021-11-26 08:27:00,0.0547177340451941,6084.33442331183,"moving",29,-14.69295,145.44156,"run_day_11652_liz21_del_07_29.json","07",11652
145.44162,-14.693606,929,3.55,2021-11-26 07:41:00,0.0561900357918821,6248.04690803346,"moving",29,-14.69295,145.44156,"run_day_11652_liz21_del_07_29.json","07",11652
145.441757,-14.694121,929,3.55,2021-11-26 07:53:00,0.0591308642446692,6575.05211211535,"moving",29,-14.69295,145.44156,"run_day_11652_liz21_del_07_29.json","07",11652
145.441917,-14.694606,929,3.55,2021-11-26 08:05:00,0.0566087870595661,6294.6099245259,"moving",29,-14.69295,145.44156,"run_day_11652_liz21_del_07_29.json","07",11652
145.441736,-14.693639,930,3.55,2021-11-26 07:33:00,0.0536673673420153,5967.53897480198,"moving",29,-14.69295,145.44156,"run_day_11652_liz21_del_07_29.json","07",11652
145.44186,-14.694099,930,3.55,2021-11-26 07:45:00,0.0528599091286239,5877.75371799538,"moving",29,-14.69295,145.44156,"run_day_11652_liz21_del_07_29.json","07",11652
145.441998,-14.694548,930,3.55,2021-11-26 07:57:00,0.0520862038006312,5791.72161080472,"moving",29,-14.69295,145.44156,"run_day_11652_liz21_del_07_29.json","07",11652
145.441692,-14.693195,931,3.55,2021-11-26 07:38:00,0.0493156791602021,5483.65332664526,"moving",29,-14.69295,145.44156,"run_day_11652_liz21_del_07_29.json","07",11652
145.441774,-14.693648,931,3.55,2021-11-26 07:50:00,0.0511376267498601,5686.24465522752,"moving",29,-14.69295,145.44156,"run_day_11652_liz21_del_07_29.json","07",11652
145.441882,-14.694076,931,3.55,2021-11-26 08:02:00,0.048988594498781,5447.28317171198,"moving",29,-14.69295,145.44156,"run_day_11652_liz21_del_07_29.json","07",11652
145.442007,-14.694492,931,3.55,2021-11-26 08:14:00,0.0481713597815004,5356.41081727258,"moving",29,-14.69295,145.44156,"run_day_11652_liz21_del_07_29.json","07",11652
145.441714,-14.693451,932,3.55,2021-11-26 07:33:00,0.0519087156075351,5771.98582419313,"moving",29,-14.69295,145.44156,"run_day_11652_liz21_del_07_29.json","07",11652
145.44182,-14.69391,932,3.55,2021-11-26 07:45:00,0.0522963922840515,5815.09350380017,"moving",29,-14.69295,145.44156,"run_day_11652_liz21_del_07_29.json","07",11652
145.441948,-14.694349,932,3.55,2021-11-26 07:57:00,0.0507188824339653,5639.68241173877,"moving",29,-14.69295,145.44156,"run_day_11652_liz21_del_07_29.json","07",11652
145.441761,-14.693259,933,3.55,2021-11-26 07:47:00,0.047028377765354,5229.31701583114,"moving",29,-14.69295,145.44156,"run_day_11652_liz21_del_07_29.json","07",11652
145.441831,-14.693654,933,3.55,2021-11-26 07:59:00,0.0445626412401218,4955.13962378313,"moving",29,-14.69295,145.44156,"run_day_11652_liz21_del_07_29.json","07",11652
145.441923,-14.694032,933,3.55,2021-11-26 08:11:00,0.043180788926757,4801.48465716492,"moving",29,-14.69295,145.44156,"run_day_11652_liz21_del_07_29.json","07",11652
145.442031,-14.694411,933,3.55,2021-11-26 08:23:00,0.0437145281217076,4860.83374779478,"moving",29,-14.69295,145.44156,"run_day_11652_liz21_del_07_29.json","07",11652
145.441682,-14.693254,934,3.55,2021-11-26 07:28:00,0.0503314294885633,5596.59960989658,"moving",29,-14.69295,145.44156,"run_day_11652_liz21_del_07_29.json","07",11652
145.441773,-14.69372,934,3.55,2021-11-26 07:40:00,0.0527331576516713,5863.65959681355,"moving",29,-14.69295,145.44156,"run_day_11652_liz21_del_07_29.json","07",11652
145.441895,-14.694162,934,3.55,2021-11-26 07:52:00,0.0508697461411451,5656.45769059195,"moving",29,-14.69295,145.44156,"run_day_11652_liz21_del_07_29.json","07",11652
145.442031,-14.694598,934,3.55,2021-11-26 08:04:00,0.0506397219747436,5630.88017028247,"moving",29,-14.69295,145.44156,"run_day_11652_liz21_del_07_29.json","07",11652
145.441678,-14.693193,935,3.55,2021-11-26 08:08:00,0.049276722137085,5479.32150331747,"moving",29,-14.69295,145.44156,"run_day_11652_liz21_del_07_29.json","07",11652
145.441754,-14.693643,935,3.55,2021-11-26 08:20:00,0.0507010325178592,5637.69759162674,"moving",29,-14.69295,145.44156,"run_day_11652_liz21_del_07_29.json","07",11652
145.441852,-14.694064,935,3.55,2021-11-26 08:32:00,0.0479850976549615,5335.69941377543,"moving",29,-14.69295,145.44156,"run_day_11652_liz21_del_07_29.json","07",11652
145.441974,-14.694471,935,3.55,2021-11-26 08:44:00,0.0471203250768718,5239.54109039052,"moving",29,-14.69295,145.44156,"run_day_11652_liz21_del_07_29.json","07",11652
145.441553,-14.693365,936,3.55,2021-11-26 07:32:00,0.054645514472668,6076.3039732425,"moving",29,-14.69295,145.44156,"run_day_11652_liz21_del_07_29.json","07",11652
145.441676,-14.693876,936,3.55,2021-11-26 07:44:00,0.0583404317915322,6487.16003347131,"moving",29,-14.69295,145.44156,"run_day_11652_liz21_del_07_29.json","07",11652
145.44183,-14.694386,936,3.55,2021-11-26 07:56:00,0.059078948181875,6569.27930932128,"moving",29,-14.69295,145.44156,"run_day_11652_liz21_del_07_29.json","07",11652
145.441482,-14.693381,937,3.55,2021-11-26 07:36:00,0.0565742642428774,6290.77116245663,"moving",29,-14.69295,145.44156,"run_day_11652_liz21_del_07_29.json","07",11652
145.441615,-14.693904,937,3.55,2021-11-26 07:48:00,0.05988855046306,6659.30297558892,"moving",29,-14.69295,145.44156,"run_day_11652_liz21_del_07_29.json","07",11652
145.441781,-14.694433,937,3.55,2021-11-26 08:00:00,0.0614721881283174,6835.39544960877,"moving",29,-14.69295,145.44156,"run_day_11652_liz21_del_07_29.json","07",11652
145.441506,-14.693515,938,3.55,2021-11-26 07:24:00,0.0578659075420344,6434.39534435733,"moving",29,-14.69295,145.44156,"run_day_11652_liz21_del_07_29.json","07",11652
145.441657,-14.694044,938,3.55,2021-11-26 07:36:00,0.0610231221072388,6785.46158633637,"moving",29,-14.69295,145.44156,"run_day_11652_liz21_del_07_29.json","07",11652
145.441832,-14.694571,938,3.55,2021-11-26 07:48:00,0.0615485218300761,6843.88336997634,"moving",29,-14.69295,145.44156,"run_day_11652_liz21_del_07_29.json","07",11652
145.441671,-14.693559,939,3.55,2021-11-26 07:52:00,0.0544520737049001,6054.79434126047,"moving",29,-14.69295,145.44156,"run_day_11652_liz21_del_07_29.json","07",11652
145.441788,-14.69405,939,3.55,2021-11-26 08:04:00,0.0560282591214572,6230.05816303277,"moving",29,-14.69295,145.44156,"run_day_11652_liz21_del_07_29.json","07",11652
145.441928,-14.694503,939,3.55,2021-11-26 08:16:00,0.052573903964148,5845.95139471151,"moving",29,-14.69295,145.44156,"run_day_11652_liz21_del_07_29.json","07",11652
145.441471,-14.693541,940,3.55,2021-11-26 07:57:00,0.0588397417297758,6542.6807654272,"moving",29,-14.69295,145.44156,"run_day_11652_liz21_del_07_29.json","07",11652
145.44161,-14.69407,940,3.55,2021-11-26 08:09:00,0.0606923551567784,6748.68197954348,"moving",29,-14.69295,145.44156,"run_day_11652_liz21_del_07_29.json","07",11652
145.441783,-14.694587,940,3.55,2021-11-26 08:21:00,0.0604242105174526,6718.86565604352,"moving",29,-14.69295,145.44156,"run_day_11652_liz21_del_07_29.json","07",11652
145.441714,-14.693423,941,3.55,2021-11-26 08:01:00,0.0516853603197462,5747.14984935177,"moving",29,-14.69295,145.44156,"run_day_11652_liz21_del_07_29.json","07",11652
145.441802,-14.693869,941,3.55,2021-11-26 08:13:00,0.0504881003871305,5614.0206189701,"moving",29,-14.69295,145.44156,"run_day_11652_liz21_del_07_29.json","07",11652
145.441917,-14.694285,941,3.55,2021-11-26 08:25:00,0.0478823058664659,5324.269488394,"moving",29,-14.69295,145.44156,"run_day_11652_liz21_del_07_29.json","07",11652
145.442052,-14.694694,941,3.55,2021-11-26 08:37:00,0.0477404894470828,5308.5002220437,"moving",29,-14.69295,145.44156,"run_day_11652_liz21_del_07_29.json","07",11652
145.441743,-14.693378,942,3.55,2021-11-26 08:07:00,0.0493669307668765,5489.35224528984,"moving",29,-14.69295,145.44156,"run_day_11652_liz21_del_07_29.json","07",11652
145.44182,-14.693791,942,3.55,2021-11-26 08:19:00,0.0466643310031237,5188.83686280975,"moving",29,-14.69295,145.44156,"run_day_11652_liz21_del_07_29.json","07",11652
145.441921,-14.694182,942,3.55,2021-11-26 08:31:00,0.0448138526070411,4983.07305330001,"moving",29,-14.69295,145.44156,"run_day_11652_liz21_del_07_29.json","07",11652
145.442043,-14.694575,942,3.55,2021-11-26 08:43:00,0.0456272349513064,5073.51704340456,"moving",29,-14.69295,145.44156,"run_day_11652_liz21_del_07_29.json","07",11652
145.441625,-14.693235,943,3.55,2021-11-26 07:21:00,0.0518782045435674,5768.59314867339,"moving",29,-14.69295,145.44156,"run_day_11652_liz21_del_07_29.json","07",11652
145.441727,-14.693722,943,3.55,2021-11-26 07:33:00,0.0552520905620274,6143.75215700315,"moving",29,-14.69295,145.44156,"run_day_11652_liz21_del_07_29.json","07",11652
145.441862,-14.694195,943,3.55,2021-11-26 07:45:00,0.0545627714195657,6067.10336552244,"moving",29,-14.69295,145.44156,"run_day_11652_liz21_del_07_29.json","07",11652
145.442011,-14.694655,943,3.55,2021-11-26 07:57:00,0.053601545147136,5960.21988067079,"moving",29,-14.69295,145.44156,"run_day_11652_liz21_del_07_29.json","07",11652
145.441528,-14.693546,944,3.55,2021-11-26 07:11:00,0.0588093943895041,6539.30629515183,"moving",29,-14.69295,145.44156,"run_day_11652_liz21_del_07_29.json","07",11652
145.441684,-14.694077,944,3.55,2021-11-26 07:23:00,0.0613823410219702,6825.40490720926,"moving",29,-14.69295,145.44156,"run_day_11652_liz21_del_07_29.json","07",11652
145.441858,-14.694598,944,3.55,2021-11-26 07:35:00,0.0608805072370369,6769.60353630585,"moving",29,-14.69295,145.44156,"run_day_11652_liz21_del_07_29.json","07",11652
145.441647,-14.693285,945,3.55,2021-11-26 08:08:00,0.0511838469779321,5691.38411009748,"moving",29,-14.69295,145.44156,"run_day_11652_liz21_del_07_29.json","07",11652
145.441733,-14.693758,945,3.55,2021-11-26 08:20:00,0.0534024166063996,5938.07779719077,"moving",29,-14.69295,145.44156,"run_day_11652_liz21_del_07_29.json","07",11652
145.441847,-14.694202,945,3.55,2021-11-26 08:32:00,0.050870411123918,5656.53163330261,"moving",29,-14.69295,145.44156,"run_day_11652_liz21_del_07_29.json","07",11652
145.441985,-14.694627,945,3.55,2021-11-26 08:44:00,0.0495340149825233,5507.93116239216,"moving",29,-14.69295,145.44156,"run_day_11652_liz21_del_07_29.json","07",11652
145.441614,-14.693424,946,3.55,2021-11-26 07:30:00,0.0539713187370223,6001.3368278733,"moving",29,-14.69295,145.44156,"run_day_11652_liz21_del_07_29.json","07",11652
145.441736,-14.69393,946,3.55,2021-11-26 07:42:00,0.057774553298203,6424.23721591583,"moving",29,-14.69295,145.44156,"run_day_11652_liz21_del_07_29.json","07",11652
145.441884,-14.694417,946,3.55,2021-11-26 07:54:00,0.056443187365874,6276.19607873344,"moving",29,-14.69295,145.44156,"run_day_11652_liz21_del_07_29.json","07",11652
145.44163,-14.693336,947,3.55,2021-11-26 08:06:00,0.0523784035826279,5824.21274412941,"moving",29,-14.69295,145.44156,"run_day_11652_liz21_del_07_29.json","07",11652
145.441724,-14.693819,947,3.55,2021-11-26 08:18:00,0.0546505257979037,6076.86120718447,"moving",29,-14.69295,145.44156,"run_day_11652_liz21_del_07_29.json","07",11652
145.441847,-14.694274,947,3.55,2021-11-26 08:30:00,0.0522947941271273,5814.91579685822,"moving",29,-14.69295,145.44156,"run_day_11652_liz21_del_07_29.json","07",11652
145.441636,-14.693318,948,3.55,2021-11-26 07:49:00,0.0523994926758768,5826.55774430621,"moving",29,-14.69295,145.44156,"run_day_11652_liz21_del_07_29.json","07",11652
145.441734,-14.69381,948,3.55,2021-11-26 08:01:00,0.0557141065570991,6195.12599168376,"moving",29,-14.69295,145.44156,"run_day_11652_liz21_del_07_29.json","07",11652
145.441861,-14.69427,948,3.55,2021-11-26 08:13:00,0.0529422420751395,5886.9087239436,"moving",29,-14.69295,145.44156,"run_day_11652_liz21_del_07_29.json","07",11652
145.442008,-14.694707,948,3.55,2021-11-26 08:25:00,0.0510997915467632,5682.03757259458,"moving",29,-14.69295,145.44156,"run_day_11652_liz21_del_07_29.json","07",11652
145.441547,-14.693273,949,3.55,2021-11-26 08:09:00,0.0535138158015607,5950.46482252497,"moving",29,-14.69295,145.44156,"run_day_11652_liz21_del_07_29.json","07",11652
145.441648,-14.693762,949,3.55,2021-11-26 08:21:00,0.0554488965989664,6165.63598984379,"moving",29,-14.69295,145.44156,"run_day_11652_liz21_del_07_29.json","07",11652
145.441777,-14.694251,949,3.55,2021-11-26 08:33:00,0.0561166863436812,6239.89082152134,"moving",29,-14.69295,145.44156,"run_day_11652_liz21_del_07_29.json","07",11652
145.441933,-14.694707,949,3.55,2021-11-26 08:45:00,0.0534090057448732,5938.81047595999,"moving",29,-14.69295,145.44156,"run_day_11652_liz21_del_07_29.json","07",11652
145.441748,-14.693203,950,3.55,2021-11-26 07:44:00,0.0473934544225948,5269.91168795267,"moving",29,-14.69295,145.44156,"run_day_11652_liz21_del_07_29.json","07",11652
145.441817,-14.693606,950,3.55,2021-11-26 07:56:00,0.0454219629619673,5050.69183960782,"moving",29,-14.69295,145.44156,"run_day_11652_liz21_del_07_29.json","07",11652
145.441908,-14.69399,950,3.55,2021-11-26 08:08:00,0.0438063136645772,4871.0398345012,"moving",29,-14.69295,145.44156,"run_day_11652_liz21_del_07_29.json","07",11652
145.442016,-14.69437,950,3.55,2021-11-26 08:20:00,0.0438217358481622,4872.75470307363,"moving",29,-14.69295,145.44156,"run_day_11652_liz21_del_07_29.json","07",11652
145.441656,-14.693421,951,3.55,2021-11-26 07:14:00,0.0541627350923528,6022.62135546283,"moving",29,-14.69295,145.44156,"run_day_11652_liz21_del_07_29.json","07",11652
145.441778,-14.693914,951,3.55,2021-11-26 07:26:00,0.0563677541469581,6267.80828748952,"moving",29,-14.69295,145.44156,"run_day_11652_liz21_del_07_29.json","07",11652
145.441919,-14.694386,951,3.55,2021-11-26 07:38:00,0.0546312112184307,6074.71352393679,"moving",29,-14.69295,145.44156,"run_day_11652_liz21_del_07_29.json","07",11652
145.441667,-14.693301,952,3.55,2021-11-26 07:40:00,0.0513549139742072,5710.4058921996,"moving",29,-14.69295,145.44156,"run_day_11652_liz21_del_07_29.json","07",11652
145.441761,-14.693781,952,3.55,2021-11-26 07:52:00,0.0543227347219608,6040.41250254025,"moving",29,-14.69295,145.44156,"run_day_11652_liz21_del_07_29.json","07",11652
145.441885,-14.694231,952,3.55,2021-11-26 08:04:00,0.0517846940074412,5758.19525146835,"moving",29,-14.69295,145.44156,"run_day_11652_liz21_del_07_29.json","07",11652
145.442026,-14.694663,952,3.55,2021-11-26 08:16:00,0.0503733570681456,5601.26174403262,"moving",29,-14.69295,145.44156,"run_day_11652_liz21_del_07_29.json","07",11652
145.441597,-14.693548,953,3.55,2021-11-26 07:51:00,0.0559500151527661,6221.35783067378,"moving",29,-14.69295,145.44156,"run_day_11652_liz21_del_07_29.json","07",11652
145.441724,-14.694063,953,3.55,2021-11-26 08:03:00,0.0588720444013392,6546.27265862211,"moving",29,-14.69295,145.44156,"run_day_11652_liz21_del_07_29.json","07",11652
145.441879,-14.694547,953,3.55,2021-11-26 08:15:00,0.0563413981866899,6264.87763842086,"moving",29,-14.69295,145.44156,"run_day_11652_liz21_del_07_29.json","07",11652
145.441706,-14.693276,954,3.55,2021-11-26 07:44:00,0.0501904463819233,5580.92300369562,"moving",29,-14.69295,145.44156,"run_day_11652_liz21_del_07_29.json","07",11652
145.441789,-14.693726,954,3.55,2021-11-26 07:56:00,0.0508278540609586,5651.79950380863,"moving",29,-14.69295,145.44156,"run_day_11652_liz21_del_07_29.json","07",11652
145.441899,-14.694148,954,3.55,2021-11-26 08:08:00,0.0483928537666283,5381.03982470109,"moving",29,-14.69295,145.44156,"run_day_11652_liz21_del_07_29.json","07",11652
145.442026,-14.694561,954,3.55,2021-11-26 08:20:00,0.0479120066886165,5327.57206913432,"moving",29,-14.69295,145.44156,"run_day_11652_liz21_del_07_29.json","07",11652
145.441488,-14.693295,955,3.55,2021-11-26 07:38:00,0.0553644427996777,6156.24515582703,"moving",29,-14.69295,145.44156,"run_day_11652_liz21_del_07_29.json","07",11652
145.441612,-14.693811,955,3.55,2021-11-26 07:50:00,0.0589063182392122,6550.08373551023,"moving",29,-14.69295,145.44156,"run_day_11652_liz21_del_07_29.json","07",11652
145.441767,-14.694335,955,3.55,2021-11-26 08:02:00,0.0606043132796273,6738.89216947201,"moving",29,-14.69295,145.44156,"run_day_11652_liz21_del_07_29.json","07",11652
145.441586,-14.693373,956,3.55,2021-11-26 07:27:00,0.0541979762969791,6026.53999862613,"moving",29,-14.69295,145.44156,"run_day_11652_liz21_del_07_29.json","07",11652
145.441708,-14.69388,956,3.55,2021-11-26 07:39:00,0.0578828483765109,6436.27907920425,"moving",29,-14.69295,145.44156,"run_day_11652_liz21_del_07_29.json","07",11652
145.441858,-14.694377,956,3.55,2021-11-26 07:51:00,0.0575707678511896,6401.57730808395,"moving",29,-14.69295,145.44156,"run_day_11652_liz21_del_07_29.json","07",11652
145.441656,-14.693445,957,3.55,2021-11-26 07:40:00,0.0532928495176879,5925.89449279881,"moving",29,-14.69295,145.44156,"run_day_11652_liz21_del_07_29.json","07",11652
145.441769,-14.69394,957,3.55,2021-11-26 07:52:00,0.056367433228208,6267.77260295265,"moving",29,-14.69295,145.44156,"run_day_11652_liz21_del_07_29.json","07",11652
145.441907,-14.694403,957,3.55,2021-11-26 08:04:00,0.0535802245679015,5957.84914042679,"moving",29,-14.69295,145.44156,"run_day_11652_liz21_del_07_29.json","07",11652
145.441492,-14.693347,958,3.55,2021-11-26 07:12:00,0.057166202344081,6356.59167619809,"moving",29,-14.69295,145.44156,"run_day_11652_liz21_del_07_29.json","07",11652
145.44163,-14.693866,958,3.55,2021-11-26 07:24:00,0.0595884202997438,6625.93002409514,"moving",29,-14.69295,145.44156,"run_day_11652_liz21_del_07_29.json","07",11652
145.441796,-14.694393,958,3.55,2021-11-26 07:36:00,0.0612594205070583,6811.73676957053,"moving",29,-14.69295,145.44156,"run_day_11652_liz21_del_07_29.json","07",11652
145.441672,-14.693178,959,3.55,2021-11-26 07:24:00,0.0497651530201158,5533.63253952702,"moving",29,-14.69295,145.44156,"run_day_11652_liz21_del_07_29.json","07",11652
145.44176,-14.693641,959,3.55,2021-11-26 07:36:00,0.0523460999832541,5820.62074776667,"moving",29,-14.69295,145.44156,"run_day_11652_liz21_del_07_29.json","07",11652
145.441878,-14.694083,959,3.55,2021-11-26 07:48:00,0.0507604685062906,5644.30657200042,"moving",29,-14.69295,145.44156,"run_day_11652_liz21_del_07_29.json","07",11652
145.44201,-14.694519,959,3.55,2021-11-26 08:00:00,0.0505171249005099,5617.2479976062,"moving",29,-14.69295,145.44156,"run_day_11652_liz21_del_07_29.json","07",11652
145.441704,-14.693199,960,3.55,2021-11-26 07:54:00,0.0491291940471642,5462.91712818071,"moving",29,-14.69295,145.44156,"run_day_11652_liz21_del_07_29.json","07",11652
145.441779,-14.693641,960,3.55,2021-11-26 08:06:00,0.0498057835508022,5538.15044840622,"moving",29,-14.69295,145.44156,"run_day_11652_liz21_del_07_29.json","07",11652
145.441876,-14.69405,960,3.55,2021-11-26 08:18:00,0.0466601023032662,5188.36665283929,"moving",29,-14.69295,145.44156,"run_day_11652_liz21_del_07_29.json","07",11652
145.441995,-14.694451,960,3.55,2021-11-26 08:30:00,0.0463898553219111,5158.31655957159,"moving",29,-14.69295,145.44156,"run_day_11652_liz21_del_07_29.json","07",11652
145.441751,-14.693218,961,3.55,2021-11-26 07:59:00,0.0472476609804701,5253.70019685035,"moving",29,-14.69295,145.44156,"run_day_11652_liz21_del_07_29.json","07",11652
145.441817,-14.693613,961,3.55,2021-11-26 08:11:00,0.0444919719778138,4947.28156034477,"moving",29,-14.69295,145.44156,"run_day_11652_liz21_del_07_29.json","07",11652
145.441902,-14.693987,961,3.55,2021-11-26 08:23:00,0.0425799834181348,4734.67813270602,"moving",29,-14.69295,145.44156,"run_day_11652_liz21_del_07_29.json","07",11652
145.442008,-14.694359,961,3.55,2021-11-26 08:35:00,0.0429069856322217,4771.03911991403,"moving",29,-14.69295,145.44156,"run_day_11652_liz21_del_07_29.json","07",11652
145.441551,-14.693392,962,3.55,2021-11-26 07:17:00,0.0560433954423231,6231.74124512112,"moving",29,-14.69295,145.44156,"run_day_11652_liz21_del_07_29.json","07",11652
145.441684,-14.693905,962,3.55,2021-11-26 07:29:00,0.0588093886724223,6539.30565944134,"moving",29,-14.69295,145.44156,"run_day_11652_liz21_del_07_29.json","07",11652
145.441843,-14.694417,962,3.55,2021-11-26 07:41:00,0.0594449307831237,6609.97471782032,"moving",29,-14.69295,145.44156,"run_day_11652_liz21_del_07_29.json","07",11652
145.441524,-14.693598,963,3.55,2021-11-26 07:51:00,0.0581732015135859,6468.56487498231,"moving",29,-14.69295,145.44156,"run_day_11652_liz21_del_07_29.json","07",11652
145.441666,-14.694128,963,3.55,2021-11-26 08:03:00,0.0608802771766455,6769.5779547575,"moving",29,-14.69295,145.44156,"run_day_11652_liz21_del_07_29.json","07",11652
145.441839,-14.694636,963,3.55,2021-11-26 08:15:00,0.0594728868607261,6613.08329181858,"moving",29,-14.69295,145.44156,"run_day_11652_liz21_del_07_29.json","07",11652
145.441762,-14.69333,964,3.55,2021-11-26 07:55:00,0.0476863125844673,5302.47602977934,"moving",29,-14.69295,145.44156,"run_day_11652_liz21_del_07_29.json","07",11652
145.441835,-14.69373,964,3.55,2021-11-26 08:07:00,0.0451656962668777,5022.19628324589,"moving",29,-14.69295,145.44156,"run_day_11652_liz21_del_07_29.json","07",11652
145.44193,-14.694109,964,3.55,2021-11-26 08:19:00,0.0433639289391681,4821.84889741065,"moving",29,-14.69295,145.44156,"run_day_11652_liz21_del_07_29.json","07",11652
145.442044,-14.694493,964,3.55,2021-11-26 08:31:00,0.0444245346663327,4939.78287344152,"moving",29,-14.69295,145.44156,"run_day_11652_liz21_del_07_29.json","07",11652
145.441525,-14.693348,965,3.55,2021-11-26 07:29:00,0.0550966867148359,6126.47203761441,"moving",29,-14.69295,145.44156,"run_day_11652_liz21_del_07_29.json","07",11652
145.441652,-14.693862,965,3.55,2021-11-26 07:41:00,0.058763892635514,6534.2467309547,"moving",29,-14.69295,145.44156,"run_day_11652_liz21_del_07_29.json","07",11652
145.441811,-14.694381,965,3.55,2021-11-26 07:53:00,0.0601908061019714,6692.91226918557,"moving",29,-14.69295,145.44156,"run_day_11652_liz21_del_07_29.json","07",11652
145.441558,-14.693657,966,3.55,2021-11-26 07:54:00,0.0581836470002438,6469.72636010501,"moving",29,-14.69295,145.44156,"run_day_11652_liz21_del_07_29.json","07",11652
145.4417,-14.694182,966,3.55,2021-11-26 08:06:00,0.0603422429495789,6709.75127834657,"moving",29,-14.69295,145.44156,"run_day_11652_liz21_del_07_29.json","07",11652
145.441871,-14.694679,966,3.55,2021-11-26 08:18:00,0.0582441187491731,6476.45051179127,"moving",29,-14.69295,145.44156,"run_day_11652_liz21_del_07_29.json","07",11652
145.441454,-14.693364,967,3.55,2021-11-26 08:06:00,0.0570093506067902,6339.15055877597,"moving",29,-14.69295,145.44156,"run_day_11652_liz21_del_07_29.json","07",11652
145.441576,-14.693877,967,3.55,2021-11-26 08:18:00,0.0585328432018932,6508.55520613197,"moving",29,-14.69295,145.44156,"run_day_11652_liz21_del_07_29.json","07",11652
145.441729,-14.694389,967,3.55,2021-11-26 08:30:00,0.059262493687272,6589.68863832983,"moving",29,-14.69295,145.44156,"run_day_11652_liz21_del_07_29.json","07",11652
145.441494,-14.693413,968,3.55,2021-11-26 07:13:00,0.0578392130310904,6431.4270501711,"moving",29,-14.69295,145.44156,"run_day_11652_liz21_del_07_29.json","07",11652
145.44164,-14.693938,968,3.55,2021-11-26 07:25:00,0.0604525770240031,6722.01986765856,"moving",29,-14.69295,145.44156,"run_day_11652_liz21_del_07_29.json","07",11652
145.44181,-14.694465,968,3.55,2021-11-26 07:37:00,0.0613861938073352,6825.83331739531,"moving",29,-14.69295,145.44156,"run_day_11652_liz21_del_07_29.json","07",11652
145.441463,-14.693371,969,3.55,2021-11-26 07:21:00,0.0574095983949047,6383.65608221501,"moving",29,-14.69295,145.44156,"run_day_11652_liz21_del_07_29.json","07",11652
145.441605,-14.693894,969,3.55,2021-11-26 07:33:00,0.0601271261549869,6685.8313821519,"moving",29,-14.69295,145.44156,"run_day_11652_liz21_del_07_29.json","07",11652
145.441776,-14.694429,969,3.55,2021-11-26 07:45:00,0.0622676244119091,6923.84392881317,"moving",29,-14.69295,145.44156,"run_day_11652_liz21_del_07_29.json","07",11652
145.441718,-14.693392,970,3.55,2021-11-26 07:46:00,0.0512657814213446,5700.4948045224,"moving",29,-14.69295,145.44156,"run_day_11652_liz21_del_07_29.json","07",11652
145.44181,-14.693841,970,3.55,2021-11-26 07:58:00,0.050897701580049,5659.56619357019,"moving",29,-14.69295,145.44156,"run_day_11652_liz21_del_07_29.json","07",11652
145.441927,-14.694263,970,3.55,2021-11-26 08:10:00,0.0485824136544903,5402.11792252666,"moving",29,-14.69295,145.44156,"run_day_11652_liz21_del_07_29.json","07",11652
145.442061,-14.694677,970,3.55,2021-11-26 08:22:00,0.0482381749966879,5363.84033022409,"moving",29,-14.69295,145.44156,"run_day_11652_liz21_del_07_29.json","07",11652
145.44167,-14.693386,971,3.55,2021-11-26 07:45:00,0.0523164121796649,5817.31961462434,"moving",29,-14.69295,145.44156,"run_day_11652_liz21_del_07_29.json","07",11652
145.441771,-14.69387,971,3.55,2021-11-26 07:57:00,0.0549038034954823,6105.02440218742,"moving",29,-14.69295,145.44156,"run_day_11652_liz21_del_07_29.json","07",11652
145.441899,-14.694319,971,3.55,2021-11-26 08:09:00,0.051789962194948,5758.78104719172,"moving",29,-14.69295,145.44156,"run_day_11652_liz21_del_07_29.json","07",11652
145.44171,-14.693279,972,3.55,2021-11-26 08:09:00,0.0494390567923084,5497.37229339691,"moving",29,-14.69295,145.44156,"run_day_11652_liz21_del_07_29.json","07",11652
145.441785,-14.693713,972,3.55,2021-11-26 08:21:00,0.0489281813822372,5440.56553964953,"moving",29,-14.69295,145.44156,"run_day_11652_liz21_del_07_29.json","07",11652
145.441884,-14.694119,972,3.55,2021-11-26 08:33:00,0.0463839335995733,5157.65809409063,"moving",29,-14.69295,145.44156,"run_day_11652_liz21_del_07_29.json","07",11652
145.442006,-14.694518,972,3.55,2021-11-26 08:45:00,0.0462666172646924,5144.61311283934,"moving",29,-14.69295,145.44156,"run_day_11652_liz21_del_07_29.json","07",11652
145.441631,-14.693419,973,3.55,2021-11-26 07:59:00,0.0536200193493524,5962.27411823106,"moving",29,-14.69295,145.44156,"run_day_11652_liz21_del_07_29.json","07",11652
145.441735,-14.693911,973,3.55,2021-11-26 08:11:00,0.0558397972780233,6209.10216217683,"moving",29,-14.69295,145.44156,"run_day_11652_liz21_del_07_29.json","07",11652
145.441868,-14.694371,973,3.55,2021-11-26 08:23:00,0.0531124098757645,5905.83052005137,"moving",29,-14.69295,145.44156,"run_day_11652_liz21_del_07_29.json","07",11652
145.441685,-14.693335,974,3.55,2021-11-26 07:21:00,0.0519211900693115,5773.37292105528,"moving",29,-14.69295,145.44156,"run_day_11652_liz21_del_07_29.json","07",11652
145.441787,-14.693804,974,3.55,2021-11-26 07:33:00,0.0532919162284415,5925.79071576953,"moving",29,-14.69295,145.44156,"run_day_11652_liz21_del_07_29.json","07",11652
145.441917,-14.694253,974,3.55,2021-11-26 07:45:00,0.0518475629398495,5765.1859577957,"moving",29,-14.69295,145.44156,"run_day_11652_liz21_del_07_29.json","07",11652
145.441607,-14.693439,975,3.55,2021-11-26 07:51:00,0.0545331657065378,6063.81136043404,"moving",29,-14.69295,145.44156,"run_day_11652_liz21_del_07_29.json","07",11652
145.441721,-14.693945,975,3.55,2021-11-26 08:03:00,0.0575852158463525,6403.18385184625,"moving",29,-14.69295,145.44156,"run_day_11652_liz21_del_07_29.json","07",11652
145.441863,-14.694422,975,3.55,2021-11-26 08:15:00,0.0551952152309841,6137.42790873991,"moving",29,-14.69295,145.44156,"run_day_11652_liz21_del_07_29.json","07",11652
145.441673,-14.693259,976,3.55,2021-11-26 07:57:00,0.0506668550754063,5633.89723342029,"moving",29,-14.69295,145.44156,"run_day_11652_liz21_del_07_29.json","07",11652
145.441757,-14.693727,976,3.55,2021-11-26 08:09:00,0.0528177113732856,5873.06154168597,"moving",29,-14.69295,145.44156,"run_day_11652_liz21_del_07_29.json","07",11652
145.441866,-14.694158,976,3.55,2021-11-26 08:21:00,0.0493381753560746,5486.1547894951,"moving",29,-14.69295,145.44156,"run_day_11652_liz21_del_07_29.json","07",11652
145.441998,-14.694575,976,3.55,2021-11-26 08:33:00,0.0484932097045161,5392.19889585287,"moving",29,-14.69295,145.44156,"run_day_11652_liz21_del_07_29.json","07",11652
145.441626,-14.69334,977,3.55,2021-11-26 07:24:00,0.053010502007673,5894.49888213444,"moving",29,-14.69295,145.44156,"run_day_11652_liz21_del_07_29.json","07",11652
145.441739,-14.693836,977,3.55,2021-11-26 07:36:00,0.0564760188306178,6279.84677104727,"moving",29,-14.69295,145.44156,"run_day_11652_liz21_del_07_29.json","07",11652
145.44188,-14.694314,977,3.55,2021-11-26 07:48:00,0.0552724703063505,6146.01828117819,"moving",29,-14.69295,145.44156,"run_day_11652_liz21_del_07_29.json","07",11652
145.44159,-14.693582,978,3.55,2021-11-26 07:53:00,0.0565388005498985,6286.8277797173,"moving",29,-14.69295,145.44156,"run_day_11652_liz21_del_07_29.json","07",11652
145.44172,-14.694099,978,3.55,2021-11-26 08:05:00,0.0591638151833698,6578.71608932704,"moving",29,-14.69295,145.44156,"run_day_11652_liz21_del_07_29.json","07",11652
145.441879,-14.694583,978,3.55,2021-11-26 08:17:00,0.0564701991223671,6279.19964901523,"moving",29,-14.69295,145.44156,"run_day_11652_liz21_del_07_29.json","07",11652
145.441689,-14.693468,979,3.55,2021-11-26 08:01:00,0.0528738654662569,5879.30559193471,"moving",29,-14.69295,145.44156,"run_day_11652_liz21_del_07_29.json","07",11652
145.441786,-14.693935,979,3.55,2021-11-26 08:13:00,0.0529657553505861,5889.52328088207,"moving",29,-14.69295,145.44156,"run_day_11652_liz21_del_07_29.json","07",11652
145.441911,-14.694368,979,3.55,2021-11-26 08:25:00,0.0499893411977836,5558.56112749737,"moving",29,-14.69295,145.44156,"run_day_11652_liz21_del_07_29.json","07",11652
145.44168,-14.693648,980,3.55,2021-11-26 08:04:00,0.0549783883498954,6113.31785960268,"moving",29,-14.69295,145.44156,"run_day_11652_liz21_del_07_29.json","07",11652
145.441798,-14.694128,980,3.55,2021-11-26 08:16:00,0.0548618369156946,6100.3579314264,"moving",29,-14.69295,145.44156,"run_day_11652_liz21_del_07_29.json","07",11652
145.44194,-14.694574,980,3.55,2021-11-26 08:28:00,0.0518915347203485,5770.07539670273,"moving",29,-14.69295,145.44156,"run_day_11652_liz21_del_07_29.json","07",11652
145.441571,-14.69322,981,3.55,2021-11-26 07:12:00,0.0537404064527808,5975.66055336573,"moving",29,-14.69295,145.44156,"run_day_11652_liz21_del_07_29.json","07",11652
145.441684,-14.693717,981,3.55,2021-11-26 07:24:00,0.0565846147469354,6291.92208599609,"moving",29,-14.69295,145.44156,"run_day_11652_liz21_del_07_29.json","07",11652
145.44183,-14.694215,981,3.55,2021-11-26 07:36:00,0.0575586549472131,6400.23041461483,"moving",29,-14.69295,145.44156,"run_day_11652_liz21_del_07_29.json","07",11652
145.441989,-14.694693,981,3.55,2021-11-26 07:48:00,0.0558347228808667,6208.53791495723,"moving",29,-14.69295,145.44156,"run_day_11652_liz21_del_07_29.json","07",11652
145.441749,-14.69353,982,3.55,2021-11-26 08:07:00,0.050793583424544,5647.98878290645,"moving",29,-14.69295,145.44156,"run_day_11652_liz21_del_07_29.json","07",11652
145.44184,-14.69395,982,3.55,2021-11-26 08:19:00,0.04771651502272,5305.83438768534,"moving",29,-14.69295,145.44156,"run_day_11652_liz21_del_07_29.json","07",11652
145.441954,-14.694353,982,3.55,2021-11-26 08:31:00,0.046458831658704,5165.9863782815,"moving",29,-14.69295,145.44156,"run_day_11652_liz21_del_07_29.json","07",11652
145.441678,-14.693428,983,3.55,2021-11-26 07:38:00,0.052664336474439,5856.0070310596,"moving",29,-14.69295,145.44156,"run_day_11652_liz21_del_07_29.json","07",11652
145.441786,-14.69391,983,3.55,2021-11-26 07:50:00,0.0548403583769386,6097.969626885,"moving",29,-14.69295,145.44156,"run_day_11652_liz21_del_07_29.json","07",11652
145.441919,-14.694363,983,3.55,2021-11-26 08:02:00,0.0523632292269265,5822.52543276031,"moving",29,-14.69295,145.44156,"run_day_11652_liz21_del_07_29.json","07",11652
145.441727,-14.693662,984,3.55,2021-11-26 07:15:00,0.0556669946566418,6189.88738736833,"moving",29,-14.69295,145.44156,"run_day_11652_liz21_del_07_29.json","07",11652
145.441863,-14.694131,984,3.55,2021-11-26 07:27:00,0.0541631106757736,6022.66311843376,"moving",29,-14.69295,145.44156,"run_day_11652_liz21_del_07_29.json","07",11652
145.442006,-14.694595,984,3.55,2021-11-26 07:39:00,0.0538382379408757,5986.53891850797,"moving",29,-14.69295,145.44156,"run_day_11652_liz21_del_07_29.json","07",11652
145.44156,-14.693584,985,3.55,2021-11-26 08:07:00,0.0568018355000883,6316.07593170861,"moving",29,-14.69295,145.44156,"run_day_11652_liz21_del_07_29.json","07",11652
145.441686,-14.694093,985,3.55,2021-11-26 08:19:00,0.0581981470592028,6471.3386930973,"moving",29,-14.69295,145.44156,"run_day_11652_liz21_del_07_29.json","07",11652
145.441846,-14.694581,985,3.55,2021-11-26 08:31:00,0.0569266745039375,6329.957395584,"moving",29,-14.69295,145.44156,"run_day_11652_liz21_del_07_29.json","07",11652
145.441566,-14.693255,986,3.55,2021-11-26 07:29:00,0.052982136748325,5891.34480920198,"moving",29,-14.69295,145.44156,"run_day_11652_liz21_del_07_29.json","07",11652
145.441677,-14.693754,986,3.55,2021-11-26 07:41:00,0.0567561930845369,6311.0007266595,"moving",29,-14.69295,145.44156,"run_day_11652_liz21_del_07_29.json","07",11652
145.44182,-14.694257,986,3.55,2021-11-26 07:53:00,0.0580073437284223,6450.12233072762,"moving",29,-14.69295,145.44156,"run_day_11652_liz21_del_07_29.json","07",11652
145.441539,-14.693638,987,3.55,2021-11-26 08:08:00,0.0577868361737663,6425.60300936308,"moving",29,-14.69295,145.44156,"run_day_11652_liz21_del_07_29.json","07",11652
145.441673,-14.694152,987,3.55,2021-11-26 08:20:00,0.0589434538112561,6554.21302271956,"moving",29,-14.69295,145.44156,"run_day_11652_liz21_del_07_29.json","07",11652
145.441841,-14.694647,987,3.55,2021-11-26 08:32:00,0.0579316948952269,6441.71056426971,"moving",29,-14.69295,145.44156,"run_day_11652_liz21_del_07_29.json","07",11652
145.441575,-14.693475,988,3.55,2021-11-26 08:02:00,0.0554701580924462,6168.00016005163,"moving",29,-14.69295,145.44156,"run_day_11652_liz21_del_07_29.json","07",11652
145.441691,-14.693978,988,3.55,2021-11-26 08:14:00,0.0573057755638835,6372.11151013557,"moving",29,-14.69295,145.44156,"run_day_11652_liz21_del_07_29.json","07",11652
145.441839,-14.694462,988,3.55,2021-11-26 08:26:00,0.0561232220399755,6240.61755779135,"moving",29,-14.69295,145.44156,"run_day_11652_liz21_del_07_29.json","07",11652
145.441679,-14.693321,989,3.55,2021-11-26 07:24:00,0.0514849976230918,5724.87053399498,"moving",29,-14.69295,145.44156,"run_day_11652_liz21_del_07_29.json","07",11652
145.441779,-14.693794,989,3.55,2021-11-26 07:36:00,0.0536837337811508,5969.35883980109,"moving",29,-14.69295,145.44156,"run_day_11652_liz21_del_07_29.json","07",11652
145.441909,-14.694244,989,3.55,2021-11-26 07:48:00,0.0519546467229752,5777.09313120519,"moving",29,-14.69295,145.44156,"run_day_11652_liz21_del_07_29.json","07",11652
145.442054,-14.694688,989,3.55,2021-11-26 08:00:00,0.0517753157842391,5757.15244062733,"moving",29,-14.69295,145.44156,"run_day_11652_liz21_del_07_29.json","07",11652
145.441748,-14.693473,990,3.55,2021-11-26 07:19:00,0.0515225238854504,5729.04326398518,"moving",29,-14.69295,145.44156,"run_day_11652_liz21_del_07_29.json","07",11652
145.441856,-14.693906,990,3.55,2021-11-26 07:31:00,0.0495288902158973,5507.3613143431,"moving",29,-14.69295,145.44156,"run_day_11652_liz21_del_07_29.json","07",11652
145.44198,-14.694338,990,3.55,2021-11-26 07:43:00,0.0498533703156054,5543.44185522776,"moving",29,-14.69295,145.44156,"run_day_11652_liz21_del_07_29.json","07",11652
145.441651,-14.693363,991,3.55,2021-11-26 07:41:00,0.0525085114783325,5838.68008204815,"moving",29,-14.69295,145.44156,"run_day_11652_liz21_del_07_29.json","07",11652
145.441755,-14.693854,991,3.55,2021-11-26 07:53:00,0.0557308613459352,6196.98903919933,"moving",29,-14.69295,145.44156,"run_day_11652_liz21_del_07_29.json","07",11652
145.441887,-14.694315,991,3.55,2021-11-26 08:05:00,0.0531906946543427,5914.53539026276,"moving",29,-14.69295,145.44156,"run_day_11652_liz21_del_07_29.json","07",11652
145.44164,-14.693444,992,3.55,2021-11-26 07:49:00,0.0538591228373536,5988.86121303982,"moving",29,-14.69295,145.44156,"run_day_11652_liz21_del_07_29.json","07",11652
145.44175,-14.693942,992,3.55,2021-11-26 08:01:00,0.056624917511562,6296.40354895232,"moving",29,-14.69295,145.44156,"run_day_11652_liz21_del_07_29.json","07",11652
145.441888,-14.694406,992,3.55,2021-11-26 08:13:00,0.0536870764399897,5969.73052650547,"moving",29,-14.69295,145.44156,"run_day_11652_liz21_del_07_29.json","07",11652
145.441729,-14.69355,993,3.55,2021-11-26 07:43:00,0.0527454599173559,5865.0275463439,"moving",29,-14.69295,145.44156,"run_day_11652_liz21_del_07_29.json","07",11652
145.441839,-14.694004,993,3.55,2021-11-26 07:55:00,0.0518504087400189,5765.50239633679,"moving",29,-14.69295,145.44156,"run_day_11652_liz21_del_07_29.json","07",11652
145.441968,-14.694439,993,3.55,2021-11-26 08:07:00,0.0503204969187801,5595.38396360149,"moving",29,-14.69295,145.44156,"run_day_11652_liz21_del_07_29.json","07",11652
145.441698,-14.693269,994,3.55,2021-11-26 07:43:00,0.0502099198625305,5583.08835594325,"moving",29,-14.69295,145.44156,"run_day_11652_liz21_del_07_29.json","07",11652
145.441782,-14.693726,994,3.55,2021-11-26 07:55:00,0.0516130192844518,5739.10589323882,"moving",29,-14.69295,145.44156,"run_day_11652_liz21_del_07_29.json","07",11652
145.441894,-14.694152,994,3.55,2021-11-26 08:07:00,0.0488768306622846,5434.85560011125,"moving",29,-14.69295,145.44156,"run_day_11652_liz21_del_07_29.json","07",11652
145.442023,-14.694569,994,3.55,2021-11-26 08:19:00,0.0483997219081308,5381.80352719165,"moving",29,-14.69295,145.44156,"run_day_11652_liz21_del_07_29.json","07",11652
145.441481,-14.693521,995,3.55,2021-11-26 07:12:00,0.0595620841143767,6623.00157389515,"moving",29,-14.69295,145.44156,"run_day_11652_liz21_del_07_29.json","07",11652
145.44164,-14.694056,995,3.55,2021-11-26 07:24:00,0.061898673518796,6882.81846131801,"moving",29,-14.69295,145.44156,"run_day_11652_liz21_del_07_29.json","07",11652
145.44182,-14.694588,995,3.55,2021-11-26 07:36:00,0.0622432649429112,6921.13527944485,"moving",29,-14.69295,145.44156,"run_day_11652_liz21_del_07_29.json","07",11652
145.441487,-14.693531,996,3.55,2021-11-26 07:49:00,0.0584077991393533,6494.65094077051,"moving",29,-14.69295,145.44156,"run_day_11652_liz21_del_07_29.json","07",11652
145.441628,-14.694063,996,3.55,2021-11-26 08:01:00,0.0610687818763973,6790.53872101856,"moving",29,-14.69295,145.44156,"run_day_11652_liz21_del_07_29.json","07",11652
145.441801,-14.694582,996,3.55,2021-11-26 08:13:00,0.060635831729629,6742.39686120791,"moving",29,-14.69295,145.44156,"run_day_11652_liz21_del_07_29.json","07",11652
145.441482,-14.69349,997,3.55,2021-11-26 07:30:00,0.0577851577952678,6425.41638218905,"moving",29,-14.69295,145.44156,"run_day_11652_liz21_del_07_29.json","07",11652
145.44163,-14.694021,997,3.55,2021-11-26 07:42:00,0.0611527319075846,6799.87353857824,"moving",29,-14.69295,145.44156,"run_day_11652_liz21_del_07_29.json","07",11652
145.441807,-14.694553,997,3.55,2021-11-26 07:54:00,0.0621436563922218,6910.05931395777,"moving",29,-14.69295,145.44156,"run_day_11652_liz21_del_07_29.json","07",11652
145.441766,-14.693214,998,3.55,2021-11-26 07:12:00,0.0474305434716617,5274.03580204298,"moving",29,-14.69295,145.44156,"run_day_11652_liz21_del_07_29.json","07",11652
145.44184,-14.6936,998,3.55,2021-11-26 07:24:00,0.0436529944128232,4853.99151154921,"moving",29,-14.69295,145.44156,"run_day_11652_liz21_del_07_29.json","07",11652
145.441943,-14.693982,998,3.55,2021-11-26 07:36:00,0.0438974161841599,4881.16997248333,"moving",29,-14.69295,145.44156,"run_day_11652_liz21_del_07_29.json","07",11652
145.442053,-14.694382,998,3.55,2021-11-26 07:48:00,0.046024686513551,5117.71164071311,"moving",29,-14.69295,145.44156,"run_day_11652_liz21_del_07_29.json","07",11652
145.441571,-14.693615,999,3.55,2021-11-26 07:34:00,0.0572580086733234,6366.8000742437,"moving",29,-14.69295,145.44156,"run_day_11652_liz21_del_07_29.json","07",11652
145.44172,-14.694142,999,3.55,2021-11-26 07:46:00,0.0607516789569336,6755.27848515002,"moving",29,-14.69295,145.44156,"run_day_11652_liz21_del_07_29.json","07",11652
145.441891,-14.694649,999,3.55,2021-11-26 07:58:00,0.0593002121988416,6593.88274545696,"moving",29,-14.69295,145.44156,"run_day_11652_liz21_del_07_29.json","07",11652
145.441647,-14.693402,1000,3.55,2021-11-26 07:36:00,0.0530302646276515,5896.69638521325,"moving",29,-14.69295,145.44156,"run_day_11652_liz21_del_07_29.json","07",11652
145.441758,-14.693897,1000,3.55,2021-11-26 07:48:00,0.0563214413957368,6262.65854451476,"moving",29,-14.69295,145.44156,"run_day_11652_liz21_del_07_29.json","07",11652
145.441896,-14.694365,1000,3.55,2021-11-26 08:00:00,0.054114659913273,6017.27563945163,"moving",29,-14.69295,145.44156,"run_day_11652_liz21_del_07_29.json","07",11652
145.441528,-14.693335,1001,3.55,2021-11-26 07:19:00,0.0556622301838909,6189.35760217029,"moving",29,-14.69295,145.44156,"run_day_11652_liz21_del_07_29.json","07",11652
145.441657,-14.693846,1001,3.55,2021-11-26 07:31:00,0.0584901536744106,6503.80834725506,"moving",29,-14.69295,145.44156,"run_day_11652_liz21_del_07_29.json","07",11652
145.441816,-14.694363,1001,3.55,2021-11-26 07:43:00,0.059977615247898,6669.20652780558,"moving",29,-14.69295,145.44156,"run_day_11652_liz21_del_07_29.json","07",11652
145.441497,-14.693447,1002,3.55,2021-11-26 07:44:00,0.0571429790721357,6354.00936617768,"moving",29,-14.69295,145.44156,"run_day_11652_liz21_del_07_29.json","07",11652
145.441631,-14.693973,1002,3.55,2021-11-26 07:56:00,0.0602381748487149,6698.17943350496,"moving",29,-14.69295,145.44156,"run_day_11652_liz21_del_07_29.json","07",11652
145.441797,-14.694494,1002,3.55,2021-11-26 08:08:00,0.0606215267487247,6740.8062199056,"moving",29,-14.69295,145.44156,"run_day_11652_liz21_del_07_29.json","07",11652
145.4417,-14.693511,1003,3.55,2021-11-26 07:37:00,0.0530609837337027,5900.1121939572,"moving",29,-14.69295,145.44156,"run_day_11652_liz21_del_07_29.json","07",11652
145.441815,-14.693985,1003,3.55,2021-11-26 07:49:00,0.0541383546699105,6019.91037617781,"moving",29,-14.69295,145.44156,"run_day_11652_liz21_del_07_29.json","07",11652
145.441949,-14.694435,1003,3.55,2021-11-26 08:01:00,0.0520720805506934,5790.1511770639,"moving",29,-14.69295,145.44156,"run_day_11652_liz21_del_07_29.json","07",11652
145.441708,-14.693242,1004,3.55,2021-11-26 07:46:00,0.049585944605966,5513.70547306154,"moving",29,-14.69295,145.44156,"run_day_11652_liz21_del_07_29.json","07",11652
145.441788,-14.693687,1004,3.55,2021-11-26 07:58:00,0.0502243299952156,5584.69068959011,"moving",29,-14.69295,145.44156,"run_day_11652_liz21_del_07_29.json","07",11652
145.441892,-14.694102,1004,3.55,2021-11-26 08:10:00,0.0474823286242435,5279.79404828559,"moving",29,-14.69295,145.44156,"run_day_11652_liz21_del_07_29.json","07",11652
145.442014,-14.694508,1004,3.55,2021-11-26 08:22:00,0.0470135383787613,5227.66695132751,"moving",29,-14.69295,145.44156,"run_day_11652_liz21_del_07_29.json","07",11652
145.441664,-14.693265,1005,3.55,2021-11-26 07:40:00,0.0508769047672755,5657.2536934994,"moving",29,-14.69295,145.44156,"run_day_11652_liz21_del_07_29.json","07",11652
145.441756,-14.693743,1005,3.55,2021-11-26 07:52:00,0.0540644607730357,6011.69374973533,"moving",29,-14.69295,145.44156,"run_day_11652_liz21_del_07_29.json","07",11652
145.441877,-14.694192,1005,3.55,2021-11-26 08:04:00,0.0515949225288652,5737.09362582886,"moving",29,-14.69295,145.44156,"run_day_11652_liz21_del_07_29.json","07",11652
145.442015,-14.694623,1005,3.55,2021-11-26 08:16:00,0.0501709254385961,5578.75237383432,"moving",29,-14.69295,145.44156,"run_day_11652_liz21_del_07_29.json","07",11652
145.441705,-14.693406,1006,3.55,2021-11-26 07:28:00,0.0517298935485808,5752.10171846527,"moving",29,-14.69295,145.44156,"run_day_11652_liz21_del_07_29.json","07",11652
145.44181,-14.693868,1006,3.55,2021-11-26 07:40:00,0.0525988048543002,5848.72024736537,"moving",29,-14.69295,145.44156,"run_day_11652_liz21_del_07_29.json","07",11652
145.441938,-14.69431,1006,3.55,2021-11-26 07:52:00,0.0510400233294141,5675.39165005076,"moving",29,-14.69295,145.44156,"run_day_11652_liz21_del_07_29.json","07",11652
145.441678,-14.693475,1007,3.55,2021-11-26 07:36:00,0.0531420290515279,5909.12402212766,"moving",29,-14.69295,145.44156,"run_day_11652_liz21_del_07_29.json","07",11652
145.441793,-14.69396,1007,3.55,2021-11-26 07:48:00,0.0553298528224344,6152.39892584482,"moving",29,-14.69295,145.44156,"run_day_11652_liz21_del_07_29.json","07",11652
145.44193,-14.694418,1007,3.55,2021-11-26 08:00:00,0.0530162368300965,5895.13656529313,"moving",29,-14.69295,145.44156,"run_day_11652_liz21_del_07_29.json","07",11652
145.441654,-14.693594,1008,3.55,2021-11-26 07:19:00,0.0560813387976291,6235.96035373101,"moving",29,-14.69295,145.44156,"run_day_11652_liz21_del_07_29.json","07",11652
145.441796,-14.694097,1008,3.55,2021-11-26 07:31:00,0.0579789200359605,6446.96176032936,"moving",29,-14.69295,145.44156,"run_day_11652_liz21_del_07_29.json","07",11652
145.441948,-14.69458,1008,3.55,2021-11-26 07:43:00,0.0561403773580954,6242.52514213126,"moving",29,-14.69295,145.44156,"run_day_11652_liz21_del_07_29.json","07",11652
145.441526,-14.693314,1009,3.55,2021-11-26 07:49:00,0.05492076313731,6106.91022831638,"moving",29,-14.69295,145.44156,"run_day_11652_liz21_del_07_29.json","07",11652
145.441641,-14.693824,1009,3.55,2021-11-26 08:01:00,0.0580427004463865,6454.05381838804,"moving",29,-14.69295,145.44156,"run_day_11652_liz21_del_07_29.json","07",11652
145.441786,-14.69433,1009,3.55,2021-11-26 08:13:00,0.0583861469057293,6492.243322241,"moving",29,-14.69295,145.44156,"run_day_11652_liz21_del_07_29.json","07",11652
145.441775,-14.69345,1010,3.55,2021-11-26 07:56:00,0.0478881689974775,5324.92143881674,"moving",29,-14.69295,145.44156,"run_day_11652_liz21_del_07_29.json","07",11652
145.441857,-14.69385,1010,3.55,2021-11-26 08:08:00,0.0453440022349026,5042.0230022807,"moving",29,-14.69295,145.44156,"run_day_11652_liz21_del_07_29.json","07",11652
145.44196,-14.694233,1010,3.55,2021-11-26 08:20:00,0.0440050174944827,4893.13469229152,"moving",29,-14.69295,145.44156,"run_day_11652_liz21_del_07_29.json","07",11652
145.442082,-14.694623,1010,3.55,2021-11-26 08:32:00,0.0453078439462377,5038.00238402501,"moving",29,-14.69295,145.44156,"run_day_11652_liz21_del_07_29.json","07",11652
145.441712,-14.693611,1011,3.55,2021-11-26 07:17:00,0.0552097801416323,6139.04745291102,"moving",29,-14.69295,145.44156,"run_day_11652_liz21_del_07_29.json","07",11652
145.441845,-14.694085,1011,3.55,2021-11-26 07:29:00,0.0546132252442672,6072.71357485906,"moving",29,-14.69295,145.44156,"run_day_11652_liz21_del_07_29.json","07",11652
145.441987,-14.694551,1011,3.55,2021-11-26 07:41:00,0.0540208894023611,6006.84883436936,"moving",29,-14.69295,145.44156,"run_day_11652_liz21_del_07_29.json","07",11652
145.441701,-14.69314,1012,3.55,2021-11-26 08:06:00,0.0481787761101623,5357.23547539412,"moving",29,-14.69295,145.44156,"run_day_11652_liz21_del_07_29.json","07",11652
145.441772,-14.693569,1012,3.55,2021-11-26 08:18:00,0.0483100280527544,5371.8300255226,"moving",29,-14.69295,145.44156,"run_day_11652_liz21_del_07_29.json","07",11652
145.441859,-14.693971,1012,3.55,2021-11-26 08:30:00,0.0456693161899722,5078.19626365112,"moving",29,-14.69295,145.44156,"run_day_11652_liz21_del_07_29.json","07",11652
145.44197,-14.694361,1012,3.55,2021-11-26 08:42:00,0.0449794444299461,5001.48602390087,"moving",29,-14.69295,145.44156,"run_day_11652_liz21_del_07_29.json","07",11652
145.441765,-14.693378,1013,3.55,2021-11-26 07:14:00,0.0495859436530234,5513.70536709916,"moving",29,-14.69295,145.44156,"run_day_11652_liz21_del_07_29.json","07",11652
145.441856,-14.693786,1013,3.55,2021-11-26 07:26:00,0.0464113579122586,5160.70753852796,"moving",29,-14.69295,145.44156,"run_day_11652_liz21_del_07_29.json","07",11652
145.441974,-14.694195,1013,3.55,2021-11-26 07:38:00,0.0472165014338257,5250.23541334695,"moving",29,-14.69295,145.44156,"run_day_11652_liz21_del_07_29.json","07",11652
145.442101,-14.694621,1013,3.55,2021-11-26 07:50:00,0.0492992681635462,5481.82850707595,"moving",29,-14.69295,145.44156,"run_day_11652_liz21_del_07_29.json","07",11652
145.441563,-14.693208,1014,3.55,2021-11-26 08:05:00,0.0526617449175088,5855.71886307686,"moving",29,-14.69295,145.44156,"run_day_11652_liz21_del_07_29.json","07",11652
145.441659,-14.693691,1014,3.55,2021-11-26 08:17:00,0.0546907327144451,6081.33201231989,"moving",29,-14.69295,145.44156,"run_day_11652_liz21_del_07_29.json","07",11652
145.441779,-14.694175,1014,3.55,2021-11-26 08:29:00,0.0553444180355958,6154.01850365387,"moving",29,-14.69295,145.44156,"run_day_11652_liz21_del_07_29.json","07",11652
145.441928,-14.694626,1014,3.55,2021-11-26 08:41:00,0.052647418815715,5854.12587323879,"moving",29,-14.69295,145.44156,"run_day_11652_liz21_del_07_29.json","07",11652
145.441461,-14.693498,1015,3.55,2021-11-26 07:30:00,0.058459671711778,6500.41890765615,"moving",29,-14.69295,145.44156,"run_day_11652_liz21_del_07_29.json","07",11652
145.441612,-14.694032,1015,3.55,2021-11-26 07:42:00,0.0615592217581533,6845.07314769398,"moving",29,-14.69295,145.44156,"run_day_11652_liz21_del_07_29.json","07",11652
145.441793,-14.694569,1015,3.55,2021-11-26 07:54:00,0.0628051563601322,6983.61475436494,"moving",29,-14.69295,145.44156,"run_day_11652_liz21_del_07_29.json","07",11652
145.441508,-14.693537,1016,3.55,2021-11-26 07:30:00,0.0578392110232283,6431.42682690702,"moving",29,-14.69295,145.44156,"run_day_11652_liz21_del_07_29.json","07",11652
145.441658,-14.694068,1016,3.55,2021-11-26 07:42:00,0.0612090802959875,6806.13919349324,"moving",29,-14.69295,145.44156,"run_day_11652_liz21_del_07_29.json","07",11652
145.441834,-14.694594,1016,3.55,2021-11-26 07:54:00,0.0614756982010756,6835.78575189163,"moving",29,-14.69295,145.44156,"run_day_11652_liz21_del_07_29.json","07",11652
145.441487,-14.693293,1017,3.55,2021-11-26 07:48:00,0.055636556563034,6186.50282578241,"moving",29,-14.69295,145.44156,"run_day_11652_liz21_del_07_29.json","07",11652
145.441607,-14.693807,1017,3.55,2021-11-26 08:00:00,0.0585934525724342,6515.29466064326,"moving",29,-14.69295,145.44156,"run_day_11652_liz21_del_07_29.json","07",11652
145.441755,-14.694323,1017,3.55,2021-11-26 08:12:00,0.0595438862223707,6620.97806062847,"moving",29,-14.69295,145.44156,"run_day_11652_liz21_del_07_29.json","07",11652
145.441625,-14.693556,1018,3.55,2021-11-26 07:43:00,0.0554479411413322,6165.52974780225,"moving",29,-14.69295,145.44156,"run_day_11652_liz21_del_07_29.json","07",11652
145.441755,-14.694067,1018,3.55,2021-11-26 07:55:00,0.0585157585982332,6506.65548488125,"moving",29,-14.69295,145.44156,"run_day_11652_liz21_del_07_29.json","07",11652
145.441908,-14.694547,1018,3.55,2021-11-26 08:07:00,0.0558529320245176,6210.56267934976,"moving",29,-14.69295,145.44156,"run_day_11652_liz21_del_07_29.json","07",11652
145.441679,-14.693493,1019,3.55,2021-11-26 07:14:00,0.0546645667259105,6078.42248714421,"moving",29,-14.69295,145.44156,"run_day_11652_liz21_del_07_29.json","07",11652
145.441806,-14.693979,1019,3.55,2021-11-26 07:26:00,0.0557404173478594,6198.05161813232,"moving",29,-14.69295,145.44156,"run_day_11652_liz21_del_07_29.json","07",11652
145.441946,-14.694448,1019,3.55,2021-11-26 07:38:00,0.0542808790935365,6035.75836900796,"moving",29,-14.69295,145.44156,"run_day_11652_liz21_del_07_29.json","07",11652
145.441704,-14.693642,1020,3.55,2021-11-26 07:31:00,0.0546645652821492,6078.42232660527,"moving",29,-14.69295,145.44156,"run_day_11652_liz21_del_07_29.json","07",11652
145.441836,-14.694123,1020,3.55,2021-11-26 07:43:00,0.0553370942782975,6153.20413899832,"moving",29,-14.69295,145.44156,"run_day_11652_liz21_del_07_29.json","07",11652
145.441982,-14.694586,1020,3.55,2021-11-26 07:55:00,0.0538249408540708,5985.06034991611,"moving",29,-14.69295,145.44156,"run_day_11652_liz21_del_07_29.json","07",11652
145.441578,-14.693502,1021,3.55,2021-11-26 08:09:00,0.0553391275370094,6153.43022705164,"moving",29,-14.69295,145.44156,"run_day_11652_liz21_del_07_29.json","07",11652
145.441693,-14.694002,1021,3.55,2021-11-26 08:21:00,0.0569567842363402,6333.3054450698,"moving",29,-14.69295,145.44156,"run_day_11652_liz21_del_07_29.json","07",11652
145.441841,-14.694482,1021,3.55,2021-11-26 08:33:00,0.0556968510354905,6193.20726522428,"moving",29,-14.69295,145.44156,"run_day_11652_liz21_del_07_29.json","07",11652
145.441629,-14.693467,1022,3.55,2021-11-26 07:24:00,0.0545143938934027,6061.72403004949,"moving",29,-14.69295,145.44156,"run_day_11652_liz21_del_07_29.json","07",11652
145.441757,-14.693971,1022,3.55,2021-11-26 07:36:00,0.057708545588291,6416.89749345419,"moving",29,-14.69295,145.44156,"run_day_11652_liz21_del_07_29.json","07",11652
145.441906,-14.694455,1022,3.55,2021-11-26 07:48:00,0.0561538243278239,6244.02037694382,"moving",29,-14.69295,145.44156,"run_day_11652_liz21_del_07_29.json","07",11652
145.441665,-14.693542,1023,3.55,2021-11-26 07:19:00,0.0550774350428418,6124.33134935925,"moving",29,-14.69295,145.44156,"run_day_11652_liz21_del_07_29.json","07",11652
145.441799,-14.694037,1023,3.55,2021-11-26 07:31:00,0.0568972295279923,6326.68326364373,"moving",29,-14.69295,145.44156,"run_day_11652_liz21_del_07_29.json","07",11652
145.441945,-14.694513,1023,3.55,2021-11-26 07:43:00,0.0552091984226854,6138.98276871539,"moving",29,-14.69295,145.44156,"run_day_11652_liz21_del_07_29.json","07",11652
145.441543,-14.693646,1024,3.55,2021-11-26 07:19:00,0.0590512877676652,6566.20361159226,"moving",29,-14.69295,145.44156,"run_day_11652_liz21_del_07_29.json","07",11652
145.441705,-14.694178,1024,3.55,2021-11-26 07:31:00,0.0616685335194986,6857.22806097816,"moving",29,-14.69295,145.44156,"run_day_11652_liz21_del_07_29.json","07",11652
145.441885,-14.694696,1024,3.55,2021-11-26 07:43:00,0.0607656831938251,6756.83568524388,"moving",29,-14.69295,145.44156,"run_day_11652_liz21_del_07_29.json","07",11652
145.441577,-14.693507,1025,3.55,2021-11-26 07:43:00,0.0558246708515342,6207.42018029298,"moving",29,-14.69295,145.44156,"run_day_11652_liz21_del_07_29.json","07",11652
145.441708,-14.694026,1025,3.55,2021-11-26 07:55:00,0.059405348824727,6605.57340485994,"moving",29,-14.69295,145.44156,"run_day_11652_liz21_del_07_29.json","07",11652
145.441866,-14.694524,1025,3.55,2021-11-26 08:07:00,0.0579240954343553,6440.86554277556,"moving",29,-14.69295,145.44156,"run_day_11652_liz21_del_07_29.json","07",11652
145.441609,-14.693693,1026,3.55,2021-11-26 07:13:00,0.058763895091483,6534.24700404599,"moving",29,-14.69295,145.44156,"run_day_11652_liz21_del_07_29.json","07",11652
145.441769,-14.694217,1026,3.55,2021-11-26 07:25:00,0.0607544558856545,6755.58726553543,"moving",29,-14.69295,145.44156,"run_day_11652_liz21_del_07_29.json","07",11652
145.441941,-14.694717,1026,3.55,2021-11-26 07:37:00,0.0585945985883482,6515.42209179874,"moving",29,-14.69295,145.44156,"run_day_11652_liz21_del_07_29.json","07",11652
145.441532,-14.693576,1027,3.55,2021-11-26 07:29:00,0.0576523683742596,6410.65087226087,"moving",29,-14.69295,145.44156,"run_day_11652_liz21_del_07_29.json","07",11652
145.441684,-14.694107,1027,3.55,2021-11-26 07:41:00,0.0612661322886574,6812.48308563309,"moving",29,-14.69295,145.44156,"run_day_11652_liz21_del_07_29.json","07",11652
145.44186,-14.694627,1027,3.55,2021-11-26 07:53:00,0.0608412929743455,6765.24310924246,"moving",29,-14.69295,145.44156,"run_day_11652_liz21_del_07_29.json","07",11652
145.441715,-14.69351,1028,3.55,2021-11-26 07:54:00,0.0528177129079708,5873.06171233517,"moving",29,-14.69295,145.44156,"run_day_11652_liz21_del_07_29.json","07",11652
145.441816,-14.693967,1028,3.55,2021-11-26 08:06:00,0.0519642901544782,5778.16543186377,"moving",29,-14.69295,145.44156,"run_day_11652_liz21_del_07_29.json","07",11652
145.44194,-14.694393,1028,3.55,2021-11-26 08:18:00,0.0492108419018104,5471.99595538878,"moving",29,-14.69295,145.44156,"run_day_11652_liz21_del_07_29.json","07",11652
145.441764,-14.693591,1029,3.55,2021-11-26 07:40:00,0.0511562876731117,5688.3196552196,"moving",29,-14.69295,145.44156,"run_day_11652_liz21_del_07_29.json","07",11652
145.441873,-14.694024,1029,3.55,2021-11-26 07:52:00,0.0495542253284674,5510.17845032687,"moving",29,-14.69295,145.44156,"run_day_11652_liz21_del_07_29.json","07",11652
145.441998,-14.694448,1029,3.55,2021-11-26 08:04:00,0.0490261986839576,5451.46456632423,"moving",29,-14.69295,145.44156,"run_day_11652_liz21_del_07_29.json","07",11652
145.441762,-14.693314,1030,3.55,2021-11-26 07:30:00,0.0475588893048529,5288.30720754981,"moving",29,-14.69295,145.44156,"run_day_11652_liz21_del_07_29.json","07",11652
145.441841,-14.693716,1030,3.55,2021-11-26 07:42:00,0.0455008049340409,5059.45866690906,"moving",29,-14.69295,145.44156,"run_day_11652_liz21_del_07_29.json","07",11652
145.441948,-14.69411,1030,3.55,2021-11-26 07:54:00,0.0452972102510253,5036.81997106592,"moving",29,-14.69295,145.44156,"run_day_11652_liz21_del_07_29.json","07",11652
145.442066,-14.694513,1030,3.55,2021-11-26 08:06:00,0.0465742268614378,5178.81773938461,"moving",29,-14.69295,145.44156,"run_day_11652_liz21_del_07_29.json","07",11652
145.441635,-14.693687,1031,3.55,2021-11-26 07:42:00,0.0569104588366403,6328.1542956484,"moving",29,-14.69295,145.44156,"run_day_11652_liz21_del_07_29.json","07",11652
145.441778,-14.694202,1031,3.55,2021-11-26 07:54:00,0.0592949786270952,6593.30079883053,"moving",29,-14.69295,145.44156,"run_day_11652_liz21_del_07_29.json","07",11652
145.441942,-14.694684,1031,3.55,2021-11-26 08:06:00,0.0564240972895351,6274.0733590953,"moving",29,-14.69295,145.44156,"run_day_11652_liz21_del_07_29.json","07",11652
145.441566,-14.693203,1032,3.55,2021-11-26 07:24:00,0.0525245516361672,5840.46366622194,"moving",29,-14.69295,145.44156,"run_day_11652_liz21_del_07_29.json","07",11652
145.441674,-14.693696,1032,3.55,2021-11-26 07:36:00,0.0560363491058904,6230.95772825837,"moving",29,-14.69295,145.44156,"run_day_11652_liz21_del_07_29.json","07",11652
145.441815,-14.694197,1032,3.55,2021-11-26 07:48:00,0.0577360671601081,6419.95775261353,"moving",29,-14.69295,145.44156,"run_day_11652_liz21_del_07_29.json","07",11652
145.441973,-14.694671,1032,3.55,2021-11-26 08:00:00,0.0553783870108362,6157.79568136392,"moving",29,-14.69295,145.44156,"run_day_11652_liz21_del_07_29.json","07",11652
145.441641,-14.693336,1033,3.55,2021-11-26 07:49:00,0.0523994925090567,5826.55772575667,"moving",29,-14.69295,145.44156,"run_day_11652_liz21_del_07_29.json","07",11652
145.44174,-14.693828,1033,3.55,2021-11-26 08:01:00,0.0557345557776767,6197.39984126583,"moving",29,-14.69295,145.44156,"run_day_11652_liz21_del_07_29.json","07",11652
145.441867,-14.694286,1033,3.55,2021-11-26 08:13:00,0.0527274130846659,5863.02083010677,"moving",29,-14.69295,145.44156,"run_day_11652_liz21_del_07_29.json","07",11652
145.441587,-14.693193,1034,3.55,2021-11-26 07:28:00,0.0517303525916062,5752.15276172081,"moving",29,-14.69295,145.44156,"run_day_11652_liz21_del_07_29.json","07",11652
145.44169,-14.693682,1034,3.55,2021-11-26 07:40:00,0.0554914435147609,6170.36699102451,"moving",29,-14.69295,145.44156,"run_day_11652_liz21_del_07_29.json","07",11652
145.441825,-14.694174,1034,3.55,2021-11-26 07:52:00,0.0566020824621891,6293.86440731239,"moving",29,-14.69295,145.44156,"run_day_11652_liz21_del_07_29.json","07",11652
145.441977,-14.694639,1034,3.55,2021-11-26 08:04:00,0.054228748727779,6029.9617368116,"moving",29,-14.69295,145.44156,"run_day_11652_liz21_del_07_29.json","07",11652
145.441462,-14.693379,1035,3.55,2021-11-26 07:36:00,0.0570048156997503,6338.64630012033,"moving",29,-14.69295,145.44156,"run_day_11652_liz21_del_07_29.json","07",11652
145.441598,-14.693905,1035,3.55,2021-11-26 07:48:00,0.0602900074239256,6703.94295290331,"moving",29,-14.69295,145.44156,"run_day_11652_liz21_del_07_29.json","07",11652
145.441767,-14.694438,1035,3.55,2021-11-26 08:00:00,0.0619917744322855,6893.17081056402,"moving",29,-14.69295,145.44156,"run_day_11652_liz21_del_07_29.json","07",11652
145.441478,-14.693383,1036,3.55,2021-11-26 07:26:00,0.0567624768658129,6311.69945125753,"moving",29,-14.69295,145.44156,"run_day_11652_liz21_del_07_29.json","07",11652
145.441617,-14.693906,1036,3.55,2021-11-26 07:38:00,0.0600459721250247,6676.80746574334,"moving",29,-14.69295,145.44156,"run_day_11652_liz21_del_07_29.json","07",11652
145.441786,-14.694438,1036,3.55,2021-11-26 07:50:00,0.0618854757094768,6881.35093187889,"moving",29,-14.69295,145.44156,"run_day_11652_liz21_del_07_29.json","07",11652
145.441533,-14.693502,1037,3.55,2021-11-26 08:02:00,0.0567870121559722,6314.427651047,"moving",29,-14.69295,145.44156,"run_day_11652_liz21_del_07_29.json","07",11652
145.441657,-14.694014,1037,3.55,2021-11-26 08:14:00,0.0584731728654016,6501.92016744294,"moving",29,-14.69295,145.44156,"run_day_11652_liz21_del_07_29.json","07",11652
145.441815,-14.694512,1037,3.55,2021-11-26 08:26:00,0.0579240957081945,6440.86557322509,"moving",29,-14.69295,145.44156,"run_day_11652_liz21_del_07_29.json","07",11652
145.441509,-14.693385,1038,3.55,2021-11-26 08:01:00,0.0561608367624535,6244.80012409806,"moving",29,-14.69295,145.44156,"run_day_11652_liz21_del_07_29.json","07",11652
145.441626,-14.693894,1038,3.55,2021-11-26 08:13:00,0.0579803731469302,6447.12333889705,"moving",29,-14.69295,145.44156,"run_day_11652_liz21_del_07_29.json","07",11652
145.441776,-14.694397,1038,3.55,2021-11-26 08:25:00,0.0582115035087479,6472.8238625247,"moving",29,-14.69295,145.44156,"run_day_11652_liz21_del_07_29.json","07",11652
145.441763,-14.693329,1039,3.55,2021-11-26 07:15:00,0.049038715518666,5452.85637484145,"moving",29,-14.69295,145.44156,"run_day_11652_liz21_del_07_29.json","07",11652
145.441848,-14.693732,1039,3.55,2021-11-26 07:27:00,0.0457346720750832,5085.46350650182,"moving",29,-14.69295,145.44156,"run_day_11652_liz21_del_07_29.json","07",11652
145.441962,-14.694134,1039,3.55,2021-11-26 07:39:00,0.0463515918697673,5154.06185781731,"moving",29,-14.69295,145.44156,"run_day_11652_liz21_del_07_29.json","07",11652
145.442084,-14.694555,1039,3.55,2021-11-26 07:51:00,0.0486174044495021,5406.00872141123,"moving",29,-14.69295,145.44156,"run_day_11652_liz21_del_07_29.json","07",11652
145.441689,-14.693288,1040,3.55,2021-11-26 07:59:00,0.0506473286927663,5631.725998735,"moving",29,-14.69295,145.44156,"run_day_11652_liz21_del_07_29.json","07",11652
145.441771,-14.693747,1040,3.55,2021-11-26 08:11:00,0.0517949255706992,5759.33294939428,"moving",29,-14.69295,145.44156,"run_day_11652_liz21_del_07_29.json","07",11652
145.441879,-14.69417,1040,3.55,2021-11-26 08:23:00,0.0484486545271779,5387.24458617712,"moving",29,-14.69295,145.44156,"run_day_11652_liz21_del_07_29.json","07",11652
145.442009,-14.694582,1040,3.55,2021-11-26 08:35:00,0.0478986355003255,5326.08526083315,"moving",29,-14.69295,145.44156,"run_day_11652_liz21_del_07_29.json","07",11652
145.44174,-14.693323,1041,3.55,2021-11-26 07:49:00,0.0494206838832697,5495.3293191241,"moving",29,-14.69295,145.44156,"run_day_11652_liz21_del_07_29.json","07",11652
145.441819,-14.693745,1041,3.55,2021-11-26 08:01:00,0.0476873892565373,5302.59575025118,"moving",29,-14.69295,145.44156,"run_day_11652_liz21_del_07_29.json","07",11652
145.441921,-14.694143,1041,3.55,2021-11-26 08:13:00,0.0455951531050604,5069.94970486461,"moving",29,-14.69295,145.44156,"run_day_11652_liz21_del_07_29.json","07",11652
145.442042,-14.694541,1041,3.55,2021-11-26 08:25:00,0.0461295380101279,5129.37059518356,"moving",29,-14.69295,145.44156,"run_day_11652_liz21_del_07_29.json","07",11652
145.441596,-14.693227,1042,3.55,2021-11-26 07:58:00,0.0521374349190081,5797.41825125456,"moving",29,-14.69295,145.44156,"run_day_11652_liz21_del_07_29.json","07",11652
145.44169,-14.693712,1042,3.55,2021-11-26 08:10:00,0.0548690931082062,6101.16478322045,"moving",29,-14.69295,145.44156,"run_day_11652_liz21_del_07_29.json","07",11652
145.44181,-14.694186,1042,3.55,2021-11-26 08:22:00,0.0542637491987853,6033.85361161766,"moving",29,-14.69295,145.44156,"run_day_11652_liz21_del_07_29.json","07",11652
145.441955,-14.694628,1042,3.55,2021-11-26 08:34:00,0.0515632998902085,5733.57734884312,"moving",29,-14.69295,145.44156,"run_day_11652_liz21_del_07_29.json","07",11652
145.441569,-14.693644,1043,3.55,2021-11-26 07:58:00,0.0576314077791032,6408.32016042003,"moving",29,-14.69295,145.44156,"run_day_11652_liz21_del_07_29.json","07",11652
145.441706,-14.694163,1043,3.55,2021-11-26 08:10:00,0.0595617143820783,6622.96046153935,"moving",29,-14.69295,145.44156,"run_day_11652_liz21_del_07_29.json","07",11652
145.441872,-14.694653,1043,3.55,2021-11-26 08:22:00,0.0573363680631401,6375.51324084629,"moving",29,-14.69295,145.44156,"run_day_11652_liz21_del_07_29.json","07",11652
145.441493,-14.693533,1044,3.55,2021-11-26 07:47:00,0.0581661493047002,6467.78070513259,"moving",29,-14.69295,145.44156,"run_day_11652_liz21_del_07_29.json","07",11652
145.441635,-14.694065,1044,3.55,2021-11-26 07:59:00,0.0610955815403078,6793.51870768119,"moving",29,-14.69295,145.44156,"run_day_11652_liz21_del_07_29.json","07",11652
145.441809,-14.694586,1044,3.55,2021-11-26 08:11:00,0.0608805075539588,6769.60357154596,"moving",29,-14.69295,145.44156,"run_day_11652_liz21_del_07_29.json","07",11652
145.441507,-14.693435,1045,3.55,2021-11-26 08:08:00,0.056401806313872,6271.59471569161,"moving",29,-14.69295,145.44156,"run_day_11652_liz21_del_07_29.json","07",11652
145.441626,-14.693943,1045,3.55,2021-11-26 08:20:00,0.0579189914355048,6440.29800399778,"moving",29,-14.69295,145.44156,"run_day_11652_liz21_del_07_29.json","07",11652
145.441779,-14.694445,1045,3.55,2021-11-26 08:32:00,0.058195093315222,6470.99913225936,"moving",29,-14.69295,145.44156,"run_day_11652_liz21_del_07_29.json","07",11652
145.441686,-14.693148,1046,3.55,2021-11-26 07:41:00,0.0488784958285358,5435.04075815041,"moving",29,-14.69295,145.44156,"run_day_11652_liz21_del_07_29.json","07",11652
145.441765,-14.693602,1046,3.55,2021-11-26 07:53:00,0.0511926126025159,5692.35880308007,"moving",29,-14.69295,145.44156,"run_day_11652_liz21_del_07_29.json","07",11652
145.441867,-14.694029,1046,3.55,2021-11-26 08:05:00,0.0487312454790676,5418.6672663429,"moving",29,-14.69295,145.44156,"run_day_11652_liz21_del_07_29.json","07",11652
145.441988,-14.694441,1046,3.55,2021-11-26 08:17:00,0.0476250536778315,5295.66435014964,"moving",29,-14.69295,145.44156,"run_day_11652_liz21_del_07_29.json","07",11652
145.441526,-14.693236,1047,3.55,2021-11-26 07:59:00,0.0540655536376591,6011.81527073696,"moving",29,-14.69295,145.44156,"run_day_11652_liz21_del_07_29.json","07",11652
145.441631,-14.693733,1047,3.55,2021-11-26 08:11:00,0.0564060508520275,6272.06668680045,"moving",29,-14.69295,145.44156,"run_day_11652_liz21_del_07_29.json","07",11652
145.441763,-14.694231,1047,3.55,2021-11-26 08:23:00,0.0571661880783235,6356.59008991823,"moving",29,-14.69295,145.44156,"run_day_11652_liz21_del_07_29.json","07",11652
145.441921,-14.694695,1047,3.55,2021-11-26 08:35:00,0.0543211600336948,6040.23740519403,"moving",29,-14.69295,145.44156,"run_day_11652_liz21_del_07_29.json","07",11652
145.441582,-14.693544,1048,3.55,2021-11-26 07:12:00,0.0576418950737119,6409.48629437475,"moving",29,-14.69295,145.44156,"run_day_11652_liz21_del_07_29.json","07",11652
145.441732,-14.694066,1048,3.55,2021-11-26 07:24:00,0.0602442936935063,6698.85981800268,"moving",29,-14.69295,145.44156,"run_day_11652_liz21_del_07_29.json","07",11652
145.441895,-14.69457,1048,3.55,2021-11-26 07:36:00,0.0587205482217018,6529.4270520404,"moving",29,-14.69295,145.44156,"run_day_11652_liz21_del_07_29.json","07",11652
145.441551,-14.693657,1049,3.55,2021-11-26 07:58:00,0.0582681100799855,6479.11822606106,"moving",29,-14.69295,145.44156,"run_day_11652_liz21_del_07_29.json","07",11652
145.441691,-14.694179,1049,3.55,2021-11-26 08:10:00,0.0599651998457269,6667.82599807191,"moving",29,-14.69295,145.44156,"run_day_11652_liz21_del_07_29.json","07",11652
145.441862,-14.694675,1049,3.55,2021-11-26 08:22:00,0.0581386241509357,6464.72004767887,"moving",29,-14.69295,145.44156,"run_day_11652_liz21_del_07_29.json","07",11652
145.441753,-14.693239,1050,3.55,2021-11-26 07:36:00,0.0473023545166591,5259.78184059482,"moving",29,-14.69295,145.44156,"run_day_11652_liz21_del_07_29.json","07",11652
145.441826,-14.693641,1050,3.55,2021-11-26 07:48:00,0.0453847168772673,5046.5502639518,"moving",29,-14.69295,145.44156,"run_day_11652_liz21_del_07_29.json","07",11652
145.441924,-14.69403,1050,3.55,2021-11-26 08:00:00,0.0445206317981858,4950.46838696868,"moving",29,-14.69295,145.44156,"run_day_11652_liz21_del_07_29.json","07",11652
145.442036,-14.69442,1050,3.55,2021-11-26 08:12:00,0.0450081123223686,5004.67374809584,"moving",29,-14.69295,145.44156,"run_day_11652_liz21_del_07_29.json","07",11652
145.441627,-14.693272,1051,3.55,2021-11-26 07:52:00,0.0520939255124502,5792.58022598401,"moving",29,-14.69295,145.44156,"run_day_11652_liz21_del_07_29.json","07",11652
145.441721,-14.693761,1051,3.55,2021-11-26 08:04:00,0.0553063169355454,6149.78185462869,"moving",29,-14.69295,145.44156,"run_day_11652_liz21_del_07_29.json","07",11652
145.441843,-14.694222,1051,3.55,2021-11-26 08:16:00,0.052913755196378,5883.74112754939,"moving",29,-14.69295,145.44156,"run_day_11652_liz21_del_07_29.json","07",11652
145.441987,-14.694659,1051,3.55,2021-11-26 08:28:00,0.0510008755778094,5671.03861868279,"moving",29,-14.69295,145.44156,"run_day_11652_liz21_del_07_29.json","07",11652
145.441643,-14.693138,1052,3.55,2021-11-26 08:05:00,0.0495740102505301,5512.3784332843,"moving",29,-14.69295,145.44156,"run_day_11652_liz21_del_07_29.json","07",11652
145.441723,-14.693601,1052,3.55,2021-11-26 08:17:00,0.0521973725244118,5804.08300889068,"moving",29,-14.69295,145.44156,"run_day_11652_liz21_del_07_29.json","07",11652
145.441823,-14.694043,1052,3.55,2021-11-26 08:29:00,0.0503113236846155,5594.36394650147,"moving",29,-14.69295,145.44156,"run_day_11652_liz21_del_07_29.json","07",11652
145.441949,-14.694461,1052,3.55,2021-11-26 08:41:00,0.0484149499935739,5383.49681303543,"moving",29,-14.69295,145.44156,"run_day_11652_liz21_del_07_29.json","07",11652
145.441526,-14.693416,1053,3.55,2021-11-26 07:28:00,0.0560377888640294,6231.11782205902,"moving",29,-14.69295,145.44156,"run_day_11652_liz21_del_07_29.json","07",11652
145.441661,-14.693935,1053,3.55,2021-11-26 07:40:00,0.0595088635681207,6617.08371915824,"moving",29,-14.69295,145.44156,"run_day_11652_liz21_del_07_29.json","07",11652
145.441825,-14.694455,1053,3.55,2021-11-26 07:52:00,0.0604521545846269,6721.97289454311,"moving",29,-14.69295,145.44156,"run_day_11652_liz21_del_07_29.json","07",11652
145.4416,-14.693495,1054,3.55,2021-11-26 07:52:00,0.05533912761226,6153.43023541912,"moving",29,-14.69295,145.44156,"run_day_11652_liz21_del_07_29.json","07",11652
145.44172,-14.694005,1054,3.55,2021-11-26 08:04:00,0.0581596781166092,6467.0611418475,"moving",29,-14.69295,145.44156,"run_day_11652_liz21_del_07_29.json","07",11652
145.441869,-14.694485,1054,3.55,2021-11-26 08:16:00,0.0557276872428827,6196.63609504325,"moving",29,-14.69295,145.44156,"run_day_11652_liz21_del_07_29.json","07",11652
145.441738,-14.693478,1055,3.55,2021-11-26 08:05:00,0.0509379038857418,5664.03648600264,"moving",29,-14.69295,145.44156,"run_day_11652_liz21_del_07_29.json","07",11652
145.441826,-14.693905,1055,3.55,2021-11-26 08:17:00,0.0484144751601258,5383.44401396499,"moving",29,-14.69295,145.44156,"run_day_11652_liz21_del_07_29.json","07",11652
145.441939,-14.694309,1055,3.55,2021-11-26 08:29:00,0.0465378876987219,5174.77700885209,"moving",29,-14.69295,145.44156,"run_day_11652_liz21_del_07_29.json","07",11652
145.44168,-14.693481,1056,3.55,2021-11-26 07:16:00,0.0541862957198626,6025.24117771049,"moving",29,-14.69295,145.44156,"run_day_11652_liz21_del_07_29.json","07",11652
145.441805,-14.693965,1056,3.55,2021-11-26 07:28:00,0.0554723057768349,6168.23897165969,"moving",29,-14.69295,145.44156,"run_day_11652_liz21_del_07_29.json","07",11652
145.441944,-14.694432,1056,3.55,2021-11-26 07:40:00,0.0540373962517914,6008.68431228089,"moving",29,-14.69295,145.44156,"run_day_11652_liz21_del_07_29.json","07",11652
145.441476,-14.693381,1057,3.55,2021-11-26 07:30:00,0.0566548780527084,6299.73500912733,"moving",29,-14.69295,145.44156,"run_day_11652_liz21_del_07_29.json","07",11652
145.441614,-14.693905,1057,3.55,2021-11-26 07:42:00,0.060127029244627,6685.82060621154,"moving",29,-14.69295,145.44156,"run_day_11652_liz21_del_07_29.json","07",11652
145.441782,-14.694436,1057,3.55,2021-11-26 07:54:00,0.0617476329526689,6866.02351664716,"moving",29,-14.69295,145.44156,"run_day_11652_liz21_del_07_29.json","07",11652
145.441484,-14.693534,1058,3.55,2021-11-26 07:12:00,0.0596423740534939,6631.92940778559,"moving",29,-14.69295,145.44156,"run_day_11652_liz21_del_07_29.json","07",11652
145.441644,-14.694069,1058,3.55,2021-11-26 07:24:00,0.0619284764323004,6886.13239409893,"moving",29,-14.69295,145.44156,"run_day_11652_liz21_del_07_29.json","07",11652
145.441825,-14.6946,1058,3.55,2021-11-26 07:36:00,0.0621711913831858,6913.12106525817,"moving",29,-14.69295,145.44156,"run_day_11652_liz21_del_07_29.json","07",11652
145.441642,-14.693235,1059,3.55,2021-11-26 07:42:00,0.0511579510244555,5688.50461145026,"moving",29,-14.69295,145.44156,"run_day_11652_liz21_del_07_29.json","07",11652
145.441734,-14.693719,1059,3.55,2021-11-26 07:54:00,0.0547204966176965,6084.64160735859,"moving",29,-14.69295,145.44156,"run_day_11652_liz21_del_07_29.json","07",11652
145.441855,-14.694178,1059,3.55,2021-11-26 08:06:00,0.0526716623107133,5856.82162688673,"moving",29,-14.69295,145.44156,"run_day_11652_liz21_del_07_29.json","07",11652
145.441995,-14.694614,1059,3.55,2021-11-26 08:18:00,0.0507656703600305,5644.88499174544,"moving",29,-14.69295,145.44156,"run_day_11652_liz21_del_07_29.json","07",11652
145.441694,-14.693391,1060,3.55,2021-11-26 07:33:00,0.0517501291116861,5754.35181042038,"moving",29,-14.69295,145.44156,"run_day_11652_liz21_del_07_29.json","07",11652
145.441796,-14.693861,1060,3.55,2021-11-26 07:45:00,0.0534007337191202,5937.89066866319,"moving",29,-14.69295,145.44156,"run_day_11652_liz21_del_07_29.json","07",11652
145.441925,-14.694305,1060,3.55,2021-11-26 07:57:00,0.0512832011880326,5702.43179420144,"moving",29,-14.69295,145.44156,"run_day_11652_liz21_del_07_29.json","07",11652
145.441548,-14.693644,1061,3.55,2021-11-26 08:02:00,0.0580274462907457,6452.35763367054,"moving",29,-14.69295,145.44156,"run_day_11652_liz21_del_07_29.json","07",11652
145.441685,-14.694163,1061,3.55,2021-11-26 08:14:00,0.059561714381322,6622.96046145526,"moving",29,-14.69295,145.44156,"run_day_11652_liz21_del_07_29.json","07",11652
145.441854,-14.694658,1061,3.55,2021-11-26 08:26:00,0.0579653336203385,6445.45101984092,"moving",29,-14.69295,145.44156,"run_day_11652_liz21_del_07_29.json","07",11652
145.441756,-14.693502,1062,3.55,2021-11-26 07:56:00,0.0503718415477267,5601.09322585081,"moving",29,-14.69295,145.44156,"run_day_11652_liz21_del_07_29.json","07",11652
145.441847,-14.693923,1062,3.55,2021-11-26 08:08:00,0.0478253511866752,5317.93641695261,"moving",29,-14.69295,145.44156,"run_day_11652_liz21_del_07_29.json","07",11652
145.44196,-14.694324,1062,3.55,2021-11-26 08:20:00,0.0462159621383016,5138.98051977615,"moving",29,-14.69295,145.44156,"run_day_11652_liz21_del_07_29.json","07",11652
145.441578,-14.693238,1063,3.55,2021-11-26 07:34:00,0.0524521470231298,5832.41264058652,"moving",29,-14.69295,145.44156,"run_day_11652_liz21_del_07_29.json","07",11652
145.441684,-14.693735,1063,3.55,2021-11-26 07:46:00,0.0564276846291684,6274.47225306268,"moving",29,-14.69295,145.44156,"run_day_11652_liz21_del_07_29.json","07",11652
145.441822,-14.694231,1063,3.55,2021-11-26 07:58:00,0.0571150962323535,6350.90893585346,"moving",29,-14.69295,145.44156,"run_day_11652_liz21_del_07_29.json","07",11652
145.441978,-14.694695,1063,3.55,2021-11-26 08:10:00,0.0542542465626389,6032.79696668844,"moving",29,-14.69295,145.44156,"run_day_11652_liz21_del_07_29.json","07",11652
145.441602,-14.693504,1064,3.55,2021-11-26 07:37:00,0.0552121209215169,6139.30773575858,"moving",29,-14.69295,145.44156,"run_day_11652_liz21_del_07_29.json","07",11652
145.441733,-14.694019,1064,3.55,2021-11-26 07:49:00,0.0589733557197719,6557.5379632435,"moving",29,-14.69295,145.44156,"run_day_11652_liz21_del_07_29.json","07",11652
145.441888,-14.69451,1064,3.55,2021-11-26 08:01:00,0.0570853718572642,6347.60373614585,"moving",29,-14.69295,145.44156,"run_day_11652_liz21_del_07_29.json","07",11652
145.441461,-14.693474,1065,3.55,2021-11-26 07:18:00,0.0589171495431552,6551.28812155765,"moving",29,-14.69295,145.44156,"run_day_11652_liz21_del_07_29.json","07",11652
145.441616,-14.694006,1065,3.55,2021-11-26 07:30:00,0.061460046702129,6834.04538461439,"moving",29,-14.69295,145.44156,"run_day_11652_liz21_del_07_29.json","07",11652
145.441795,-14.694542,1065,3.55,2021-11-26 07:42:00,0.062632989364659,6964.47065793269,"moving",29,-14.69295,145.44156,"run_day_11652_liz21_del_07_29.json","07",11652
145.441474,-14.693362,1066,3.55,2021-11-26 07:59:00,0.056742412481742,6309.4683935426,"moving",29,-14.69295,145.44156,"run_day_11652_liz21_del_07_29.json","07",11652
145.441596,-14.693877,1066,3.55,2021-11-26 08:11:00,0.0587495936986453,6532.6567617185,"moving",29,-14.69295,145.44156,"run_day_11652_liz21_del_07_29.json","07",11652
145.441748,-14.694388,1066,3.55,2021-11-26 08:23:00,0.05912584880964,6574.49442118518,"moving",29,-14.69295,145.44156,"run_day_11652_liz21_del_07_29.json","07",11652
145.441644,-14.693359,1067,3.55,2021-11-26 08:05:00,0.0523368631771945,5819.59366179445,"moving",29,-14.69295,145.44156,"run_day_11652_liz21_del_07_29.json","07",11652
145.441738,-14.69384,1067,3.55,2021-11-26 08:17:00,0.0544319901936399,6052.56115669913,"moving",29,-14.69295,145.44156,"run_day_11652_liz21_del_07_29.json","07",11652
145.44186,-14.694289,1067,3.55,2021-11-26 08:29:00,0.0516221569680475,5740.12195729594,"moving",29,-14.69295,145.44156,"run_day_11652_liz21_del_07_29.json","07",11652
145.441552,-14.693374,1068,3.55,2021-11-26 07:24:00,0.0551281958471606,6129.97569327189,"moving",29,-14.69295,145.44156,"run_day_11652_liz21_del_07_29.json","07",11652
145.44168,-14.693886,1068,3.55,2021-11-26 07:36:00,0.058572805241948,6512.99878224443,"moving",29,-14.69295,145.44156,"run_day_11652_liz21_del_07_29.json","07",11652
145.441837,-14.694397,1068,3.55,2021-11-26 07:48:00,0.0592768057796262,6591.28007038929,"moving",29,-14.69295,145.44156,"run_day_11652_liz21_del_07_29.json","07",11652
145.441612,-14.693552,1069,3.55,2021-11-26 07:19:00,0.0564142131603593,6272.97429407665,"moving",29,-14.69295,145.44156,"run_day_11652_liz21_del_07_29.json","07",11652
145.441756,-14.694065,1069,3.55,2021-11-26 07:31:00,0.0591083243128552,6572.54578605072,"moving",29,-14.69295,145.44156,"run_day_11652_liz21_del_07_29.json","07",11652
145.441914,-14.69456,1069,3.55,2021-11-26 07:43:00,0.0576052727460502,6405.41407733685,"moving",29,-14.69295,145.44156,"run_day_11652_liz21_del_07_29.json","07",11652
145.441751,-14.693614,1070,3.55,2021-11-26 07:25:00,0.0528424253045237,5875.80960545708,"moving",29,-14.69295,145.44156,"run_day_11652_liz21_del_07_29.json","07",11652
145.441873,-14.694062,1070,3.55,2021-11-26 07:37:00,0.0515146256839459,5728.16502404826,"moving",29,-14.69295,145.44156,"run_day_11652_liz21_del_07_29.json","07",11652
145.442006,-14.694508,1070,3.55,2021-11-26 07:49:00,0.051614909506028,5739.31607628832,"moving",29,-14.69295,145.44156,"run_day_11652_liz21_del_07_29.json","07",11652
145.441696,-14.693341,1071,3.55,2021-11-26 07:42:00,0.0511238014660783,5684.70735381156,"moving",29,-14.69295,145.44156,"run_day_11652_liz21_del_07_29.json","07",11652
145.441789,-14.693805,1071,3.55,2021-11-26 07:54:00,0.0525551666818979,5843.86790398619,"moving",29,-14.69295,145.44156,"run_day_11652_liz21_del_07_29.json","07",11652
145.441908,-14.694239,1071,3.55,2021-11-26 08:06:00,0.0499271231770868,5551.64279925001,"moving",29,-14.69295,145.44156,"run_day_11652_liz21_del_07_29.json","07",11652
145.442045,-14.694662,1071,3.55,2021-11-26 08:18:00,0.0492896266586137,5480.75642064223,"moving",29,-14.69295,145.44156,"run_day_11652_liz21_del_07_29.json","07",11652
145.441602,-14.693437,1072,3.55,2021-11-26 08:01:00,0.0545112044546051,6061.36938063635,"moving",29,-14.69295,145.44156,"run_day_11652_liz21_del_07_29.json","07",11652
145.441711,-14.693936,1072,3.55,2021-11-26 08:13:00,0.0567113299280988,6306.01217127031,"moving",29,-14.69295,145.44156,"run_day_11652_liz21_del_07_29.json","07",11652
145.44185,-14.694409,1072,3.55,2021-11-26 08:25:00,0.0546788347061359,6080.00901415873,"moving",29,-14.69295,145.44156,"run_day_11652_liz21_del_07_29.json","07",11652
145.441716,-14.693319,1073,3.55,2021-11-26 08:00:00,0.0503338869449115,5596.87286657495,"moving",29,-14.69295,145.44156,"run_day_11652_liz21_del_07_29.json","07",11652
145.441796,-14.693756,1073,3.55,2021-11-26 08:12:00,0.0493481579245509,5487.26480046454,"moving",29,-14.69295,145.44156,"run_day_11652_liz21_del_07_29.json","07",11652
145.4419,-14.694163,1073,3.55,2021-11-26 08:24:00,0.0466182769233847,5183.71588279148,"moving",29,-14.69295,145.44156,"run_day_11652_liz21_del_07_29.json","07",11652
145.442024,-14.694565,1073,3.55,2021-11-26 08:36:00,0.0466476479446538,5186.98179134698,"moving",29,-14.69295,145.44156,"run_day_11652_liz21_del_07_29.json","07",11652
145.441539,-14.693329,1074,3.55,2021-11-26 07:15:00,0.0557191391894458,6195.68559486838,"moving",29,-14.69295,145.44156,"run_day_11652_liz21_del_07_29.json","07",11652
145.441667,-14.693839,1074,3.55,2021-11-26 07:27:00,0.0583566700609312,6488.96564664596,"moving",29,-14.69295,145.44156,"run_day_11652_liz21_del_07_29.json","07",11652
145.441825,-14.694353,1074,3.55,2021-11-26 07:39:00,0.059627210569626,6630.24330530922,"moving",29,-14.69295,145.44156,"run_day_11652_liz21_del_07_29.json","07",11652
145.441601,-14.693441,1075,3.55,2021-11-26 07:20:00,0.0551736977482406,6135.03527382467,"moving",29,-14.69295,145.44156,"run_day_11652_liz21_del_07_29.json","07",11652
145.441732,-14.69395,1075,3.55,2021-11-26 07:32:00,0.0583257273732965,6485.52497676424,"moving",29,-14.69295,145.44156,"run_day_11652_liz21_del_07_29.json","07",11652
145.441884,-14.694444,1075,3.55,2021-11-26 07:44:00,0.0573116181422716,6372.76117521085,"moving",29,-14.69295,145.44156,"run_day_11652_liz21_del_07_29.json","07",11652
145.441592,-14.693477,1076,3.55,2021-11-26 07:54:00,0.0553613875536048,6155.90542796407,"moving",29,-14.69295,145.44156,"run_day_11652_liz21_del_07_29.json","07",11652
145.441711,-14.693986,1076,3.55,2021-11-26 08:06:00,0.0580274418710412,6452.35714222183,"moving",29,-14.69295,145.44156,"run_day_11652_liz21_del_07_29.json","07",11652
145.441859,-14.694468,1076,3.55,2021-11-26 08:18:00,0.0559100007662432,6216.90843389964,"moving",29,-14.69295,145.44156,"run_day_11652_liz21_del_07_29.json","07",11652
145.441657,-14.693377,1077,3.55,2021-11-26 07:40:00,0.0525085113476336,5838.6800675151,"moving",29,-14.69295,145.44156,"run_day_11652_liz21_del_07_29.json","07",11652
145.441762,-14.693866,1077,3.55,2021-11-26 07:52:00,0.0555347883949688,6175.18672179964,"moving",29,-14.69295,145.44156,"run_day_11652_liz21_del_07_29.json","07",11652
145.441894,-14.694326,1077,3.55,2021-11-26 08:04:00,0.0530835421333929,5902.62057355597,"moving",29,-14.69295,145.44156,"run_day_11652_liz21_del_07_29.json","07",11652
145.441638,-14.693433,1078,3.55,2021-11-26 07:40:00,0.0535748017247732,5957.24614778294,"moving",29,-14.69295,145.44156,"run_day_11652_liz21_del_07_29.json","07",11652
145.441753,-14.693934,1078,3.55,2021-11-26 07:52:00,0.0570653313537416,6345.37533382674,"moving",29,-14.69295,145.44156,"run_day_11652_liz21_del_07_29.json","07",11652
145.441894,-14.694406,1078,3.55,2021-11-26 08:04:00,0.0546312108322067,6074.71348099065,"moving",29,-14.69295,145.44156,"run_day_11652_liz21_del_07_29.json","07",11652
145.441654,-14.693523,1079,3.55,2021-11-26 07:48:00,0.0544044540773184,6049.49928026468,"moving",29,-14.69295,145.44156,"run_day_11652_liz21_del_07_29.json","07",11652
145.441772,-14.694021,1079,3.55,2021-11-26 08:00:00,0.0568109378912499,6317.08807142611,"moving",29,-14.69295,145.44156,"run_day_11652_liz21_del_07_29.json","07",11652
145.441914,-14.694482,1079,3.55,2021-11-26 08:12:00,0.0534878308500296,5947.5754277456,"moving",29,-14.69295,145.44156,"run_day_11652_liz21_del_07_29.json","07",11652
145.44165,-14.693421,1080,3.55,2021-11-26 07:33:00,0.0530302644385748,5896.69636418888,"moving",29,-14.69295,145.44156,"run_day_11652_liz21_del_07_29.json","07",11652
145.441765,-14.693916,1080,3.55,2021-11-26 07:45:00,0.0564142086421593,6272.97379167573,"moving",29,-14.69295,145.44156,"run_day_11652_liz21_del_07_29.json","07",11652
145.441904,-14.694385,1080,3.55,2021-11-26 07:57:00,0.0542511408480902,6032.45162698702,"moving",29,-14.69295,145.44156,"run_day_11652_liz21_del_07_29.json","07",11652
145.441607,-14.693226,1081,3.55,2021-11-26 07:26:00,0.0518155440514441,5761.62561984823,"moving",29,-14.69295,145.44156,"run_day_11652_liz21_del_07_29.json","07",11652
145.44171,-14.693716,1081,3.55,2021-11-26 07:38:00,0.0556004040173752,6182.48284611986,"moving",29,-14.69295,145.44156,"run_day_11652_liz21_del_07_29.json","07",11652
145.441845,-14.694199,1081,3.55,2021-11-26 07:50:00,0.0556354100088252,6186.37533477127,"moving",29,-14.69295,145.44156,"run_day_11652_liz21_del_07_29.json","07",11652
145.441996,-14.694659,1081,3.55,2021-11-26 08:02:00,0.0536662544617462,5967.4152281621,"moving",29,-14.69295,145.44156,"run_day_11652_liz21_del_07_29.json","07",11652
145.441667,-14.693441,1082,3.55,2021-11-26 07:37:00,0.0529238064744405,5884.85877867623,"moving",29,-14.69295,145.44156,"run_day_11652_liz21_del_07_29.json","07",11652
145.441779,-14.69393,1082,3.55,2021-11-26 07:49:00,0.0556927792530162,6192.75450367074,"moving",29,-14.69295,145.44156,"run_day_11652_liz21_del_07_29.json","07",11652
145.441915,-14.69439,1082,3.55,2021-11-26 08:01:00,0.0532002258609269,5915.59521207973,"moving",29,-14.69295,145.44156,"run_day_11652_liz21_del_07_29.json","07",11652
145.441647,-14.693559,1083,3.55,2021-11-26 07:18:00,0.0558412935259526,6209.26853735557,"moving",29,-14.69295,145.44156,"run_day_11652_liz21_del_07_29.json","07",11652
145.441787,-14.694062,1083,3.55,2021-11-26 07:30:00,0.0579226246398704,6440.7019978907,"moving",29,-14.69295,145.44156,"run_day_11652_liz21_del_07_29.json","07",11652
145.441938,-14.694546,1083,3.55,2021-11-26 07:42:00,0.0562155940634943,6250.88885817054,"moving",29,-14.69295,145.44156,"run_day_11652_liz21_del_07_29.json","07",11652
145.441529,-14.693524,1084,3.55,2021-11-26 07:38:00,0.0570919366150625,6348.33370390767,"moving",29,-14.69295,145.44156,"run_day_11652_liz21_del_07_29.json","07",11652
145.441671,-14.694052,1084,3.55,2021-11-26 07:50:00,0.0606650263798329,6745.64315819574,"moving",29,-14.69295,145.44156,"run_day_11652_liz21_del_07_29.json","07",11652
145.441841,-14.694569,1084,3.55,2021-11-26 08:02:00,0.0603256250883356,6707.90345648463,"moving",29,-14.69295,145.44156,"run_day_11652_liz21_del_07_29.json","07",11652
145.44166,-14.69336,1085,3.55,2021-11-26 07:54:00,0.0523164124029534,5817.31963945288,"moving",29,-14.69295,145.44156,"run_day_11652_liz21_del_07_29.json","07",11652
145.441755,-14.693844,1085,3.55,2021-11-26 08:06:00,0.0547797658096839,6091.23204081391,"moving",29,-14.69295,145.44156,"run_day_11652_liz21_del_07_29.json","07",11652
145.441879,-14.69429,1085,3.55,2021-11-26 08:18:00,0.0513550459150766,5710.42056335488,"moving",29,-14.69295,145.44156,"run_day_11652_liz21_del_07_29.json","07",11652
145.441721,-14.693626,1086,3.55,2021-11-26 07:47:00,0.0541542387385376,6021.67660402361,"moving",29,-14.69295,145.44156,"run_day_11652_liz21_del_07_29.json","07",11652
145.441838,-14.694091,1086,3.55,2021-11-26 07:59:00,0.0532150205299293,5917.24030421418,"moving",29,-14.69295,145.44156,"run_day_11652_liz21_del_07_29.json","07",11652
145.441975,-14.694532,1086,3.55,2021-11-26 08:11:00,0.0512030990103119,5693.52483842571,"moving",29,-14.69295,145.44156,"run_day_11652_liz21_del_07_29.json","07",11652
145.441716,-14.693667,1087,3.55,2021-11-26 07:16:00,0.0559487451796983,6221.21661611166,"moving",29,-14.69295,145.44156,"run_day_11652_liz21_del_07_29.json","07",11652
145.441855,-14.694144,1087,3.55,2021-11-26 07:28:00,0.0551068044403066,6127.59707735593,"moving",29,-14.69295,145.44156,"run_day_11652_liz21_del_07_29.json","07",11652
145.442,-14.694612,1087,3.55,2021-11-26 07:40:00,0.0543259935503376,6040.77486772256,"moving",29,-14.69295,145.44156,"run_day_11652_liz21_del_07_29.json","07",11652
145.441611,-14.693273,1088,3.55,2021-11-26 07:41:00,0.0522905576950418,5814.44472710323,"moving",29,-14.69295,145.44156,"run_day_11652_liz21_del_07_29.json","07",11652
145.441712,-14.693768,1088,3.55,2021-11-26 07:53:00,0.0561032889162792,6238.40109556415,"moving",29,-14.69295,145.44156,"run_day_11652_liz21_del_07_29.json","07",11652
145.441844,-14.694247,1088,3.55,2021-11-26 08:05:00,0.0551221760642195,6129.30632394934,"moving",29,-14.69295,145.44156,"run_day_11652_liz21_del_07_29.json","07",11652
145.441995,-14.694696,1088,3.55,2021-11-26 08:17:00,0.0525017715179334,5837.93063264599,"moving",29,-14.69295,145.44156,"run_day_11652_liz21_del_07_29.json","07",11652
145.441731,-14.693175,1089,3.55,2021-11-26 07:29:00,0.0477968128071249,5314.76309393195,"moving",29,-14.69295,145.44156,"run_day_11652_liz21_del_07_29.json","07",11652
145.441806,-14.693589,1089,3.55,2021-11-26 07:41:00,0.0467361559677257,5196.82343447992,"moving",29,-14.69295,145.44156,"run_day_11652_liz21_del_07_29.json","07",11652
145.441906,-14.693988,1089,3.55,2021-11-26 07:53:00,0.0456519301001386,5076.26301866743,"moving",29,-14.69295,145.44156,"run_day_11652_liz21_del_07_29.json","07",11652
145.44202,-14.694387,1089,3.55,2021-11-26 08:05:00,0.0460299715149097,5118.29930605151,"moving",29,-14.69295,145.44156,"run_day_11652_liz21_del_07_29.json","07",11652
145.441453,-14.69348,1090,3.55,2021-11-26 07:48:00,0.0585388744493963,6509.22585025566,"moving",29,-14.69295,145.44156,"run_day_11652_liz21_del_07_29.json","07",11652
145.441594,-14.694014,1090,3.55,2021-11-26 08:00:00,0.0612842307425379,6814.49554188471,"moving",29,-14.69295,145.44156,"run_day_11652_liz21_del_07_29.json","07",11652
145.441767,-14.694541,1090,3.55,2021-11-26 08:12:00,0.0614830772860457,6836.60626870358,"moving",29,-14.69295,145.44156,"run_day_11652_liz21_del_07_29.json","07",11652
145.441703,-14.693463,1091,3.55,2021-11-26 07:46:00,0.0525455796772366,5842.80187770614,"moving",29,-14.69295,145.44156,"run_day_11652_liz21_del_07_29.json","07",11652
145.441806,-14.693931,1091,3.55,2021-11-26 07:58:00,0.0532053985928252,5916.1703936237,"moving",29,-14.69295,145.44156,"run_day_11652_liz21_del_07_29.json","07",11652
145.441933,-14.694367,1091,3.55,2021-11-26 08:10:00,0.0503686276438719,5600.73585604742,"moving",29,-14.69295,145.44156,"run_day_11652_liz21_del_07_29.json","07",11652
145.441579,-14.693346,1092,3.55,2021-11-26 08:00:00,0.0540115225674478,6005.80728984828,"moving",29,-14.69295,145.44156,"run_day_11652_liz21_del_07_29.json","07",11652
145.441684,-14.693842,1092,3.55,2021-11-26 08:12:00,0.0562971107911543,6259.953104723,"moving",29,-14.69295,145.44156,"run_day_11652_liz21_del_07_29.json","07",11652
145.441819,-14.694324,1092,3.55,2021-11-26 08:24:00,0.0555280743754578,6174.44015689263,"moving",29,-14.69295,145.44156,"run_day_11652_liz21_del_07_29.json","07",11652
145.441742,-14.693381,1093,3.55,2021-11-26 07:23:00,0.0502998280619403,5593.08569158137,"moving",29,-14.69295,145.44156,"run_day_11652_liz21_del_07_29.json","07",11652
145.441836,-14.693809,1093,3.55,2021-11-26 07:35:00,0.0486535313755682,5410.02585230505,"moving",29,-14.69295,145.44156,"run_day_11652_liz21_del_07_29.json","07",11652
145.441956,-14.694228,1093,3.55,2021-11-26 07:47:00,0.0483454362005385,5375.76723191808,"moving",29,-14.69295,145.44156,"run_day_11652_liz21_del_07_29.json","07",11652
145.442089,-14.694654,1093,3.55,2021-11-26 07:59:00,0.0494819663597731,5502.14361960349,"moving",29,-14.69295,145.44156,"run_day_11652_liz21_del_07_29.json","07",11652
145.4415,-14.693379,1094,3.55,2021-11-26 07:17:00,0.057031829089476,6341.6500520093,"moving",29,-14.69295,145.44156,"run_day_11652_liz21_del_07_29.json","07",11652
145.441639,-14.693898,1094,3.55,2021-11-26 07:29:00,0.0596153028132657,6628.91922321424,"moving",29,-14.69295,145.44156,"run_day_11652_liz21_del_07_29.json","07",11652
145.441806,-14.694424,1094,3.55,2021-11-26 07:41:00,0.061184551021667,6803.41166263452,"moving",29,-14.69295,145.44156,"run_day_11652_liz21_del_07_29.json","07",11652
145.441662,-14.693306,1095,3.55,2021-11-26 07:12:00,0.0527691265607415,5867.65915701909,"moving",29,-14.69295,145.44156,"run_day_11652_liz21_del_07_29.json","07",11652
145.441768,-14.693788,1095,3.55,2021-11-26 07:24:00,0.054795196897695,6092.94789951335,"moving",29,-14.69295,145.44156,"run_day_11652_liz21_del_07_29.json","07",11652
145.441904,-14.694248,1095,3.55,2021-11-26 07:36:00,0.0532002284749371,5915.5955027444,"moving",29,-14.69295,145.44156,"run_day_11652_liz21_del_07_29.json","07",11652
145.44173,-14.693403,1096,3.55,2021-11-26 08:07:00,0.0503894087748669,5603.04661238401,"moving",29,-14.69295,145.44156,"run_day_11652_liz21_del_07_29.json","07",11652
145.441811,-14.693829,1096,3.55,2021-11-26 08:19:00,0.0481635630422131,5355.54385941946,"moving",29,-14.69295,145.44156,"run_day_11652_liz21_del_07_29.json","07",11652
145.441918,-14.694231,1096,3.55,2021-11-26 08:31:00,0.0461581309377194,5132.54998366964,"moving",29,-14.69295,145.44156,"run_day_11652_liz21_del_07_29.json","07",11652
145.442046,-14.694631,1096,3.55,2021-11-26 08:43:00,0.0465599814089124,5177.23371733604,"moving",29,-14.69295,145.44156,"run_day_11652_liz21_del_07_29.json","07",11652
145.441737,-14.693272,1097,3.55,2021-11-26 08:08:00,0.0483620866769291,5377.61868041892,"moving",29,-14.69295,145.44156,"run_day_11652_liz21_del_07_29.json","07",11652
145.441807,-14.69368,1097,3.55,2021-11-26 08:20:00,0.0459880422954897,5113.63698957384,"moving",29,-14.69295,145.44156,"run_day_11652_liz21_del_07_29.json","07",11652
145.441898,-14.694066,1097,3.55,2021-11-26 08:32:00,0.0440231086031948,4895.14633179769,"moving",29,-14.69295,145.44156,"run_day_11652_liz21_del_07_29.json","07",11652
145.442012,-14.694451,1097,3.55,2021-11-26 08:44:00,0.0445314214294472,4951.66813922531,"moving",29,-14.69295,145.44156,"run_day_11652_liz21_del_07_29.json","07",11652
145.441468,-14.693435,1098,3.55,2021-11-26 08:03:00,0.0576829880052356,6414.05561988113,"moving",29,-14.69295,145.44156,"run_day_11652_liz21_del_07_29.json","07",11652
145.441594,-14.693952,1098,3.55,2021-11-26 08:15:00,0.0590636168508139,6567.57454308857,"moving",29,-14.69295,145.44156,"run_day_11652_liz21_del_07_29.json","07",11652
145.441754,-14.694464,1098,3.55,2021-11-26 08:27:00,0.059475962378856,6613.42527383143,"moving",29,-14.69295,145.44156,"run_day_11652_liz21_del_07_29.json","07",11652
145.441651,-14.693208,1099,3.55,2021-11-26 07:33:00,0.0502862448115675,5591.57530305257,"moving",29,-14.69295,145.44156,"run_day_11652_liz21_del_07_29.json","07",11652
145.441742,-14.693686,1099,3.55,2021-11-26 07:45:00,0.0540448783325314,6009.51628169993,"moving",29,-14.69295,145.44156,"run_day_11652_liz21_del_07_29.json","07",11652
145.441864,-14.694142,1099,3.55,2021-11-26 07:57:00,0.0523753304709357,5823.87102970022,"moving",29,-14.69295,145.44156,"run_day_11652_liz21_del_07_29.json","07",11652
145.442002,-14.694582,1099,3.55,2021-11-26 08:09:00,0.0511277389548718,5685.14518258911,"moving",29,-14.69295,145.44156,"run_day_11652_liz21_del_07_29.json","07",11652
145.441491,-14.693588,1100,3.55,2021-11-26 07:13:00,0.059992310039802,6670.84051411341,"moving",29,-14.69295,145.44156,"run_day_11652_liz21_del_07_29.json","07",11652
145.441656,-14.694126,1100,3.55,2021-11-26 07:25:00,0.0623998080082196,6938.54207410852,"moving",29,-14.69295,145.44156,"run_day_11652_liz21_del_07_29.json","07",11652
145.44184,-14.694656,1100,3.55,2021-11-26 07:37:00,0.0621675644220822,6912.71776558431,"moving",29,-14.69295,145.44156,"run_day_11652_liz21_del_07_29.json","07",11652
145.44151,-14.693415,1101,3.55,2021-11-26 07:26:00,0.0564136413872085,6272.91071580309,"moving",29,-14.69295,145.44156,"run_day_11652_liz21_del_07_29.json","07",11652
145.441648,-14.693936,1101,3.55,2021-11-26 07:38:00,0.0598038248194338,6649.88191386098,"moving",29,-14.69295,145.44156,"run_day_11652_liz21_del_07_29.json","07",11652
145.441815,-14.69446,1101,3.55,2021-11-26 07:50:00,0.060971994553648,6779.77646176532,"moving",29,-14.69295,145.44156,"run_day_11652_liz21_del_07_29.json","07",11652
145.441582,-14.693364,1102,3.55,2021-11-26 07:24:00,0.0542221982120014,6029.23335269022,"moving",29,-14.69295,145.44156,"run_day_11652_liz21_del_07_29.json","07",11652
145.441705,-14.693871,1102,3.55,2021-11-26 07:36:00,0.0579073269037047,6439.00096723992,"moving",29,-14.69295,145.44156,"run_day_11652_liz21_del_07_29.json","07",11652
145.441856,-14.69437,1102,3.55,2021-11-26 07:48:00,0.0578144033538879,6428.6683399345,"moving",29,-14.69295,145.44156,"run_day_11652_liz21_del_07_29.json","07",11652
145.441664,-14.693169,1103,3.55,2021-11-26 07:42:00,0.0496145990511325,5516.89170198987,"moving",29,-14.69295,145.44156,"run_day_11652_liz21_del_07_29.json","07",11652
145.441748,-14.693638,1103,3.55,2021-11-26 07:54:00,0.0529272714359001,5885.24406481156,"moving",29,-14.69295,145.44156,"run_day_11652_liz21_del_07_29.json","07",11652
145.441858,-14.694081,1103,3.55,2021-11-26 08:06:00,0.0506603011955564,5633.16847523115,"moving",29,-14.69295,145.44156,"run_day_11652_liz21_del_07_29.json","07",11652
145.441986,-14.694504,1103,3.55,2021-11-26 08:18:00,0.0490089396487469,5449.54544917002,"moving",29,-14.69295,145.44156,"run_day_11652_liz21_del_07_29.json","07",11652
145.441772,-14.693389,1104,3.55,2021-11-26 07:54:00,0.0475590059451586,5288.32017736005,"moving",29,-14.69295,145.44156,"run_day_11652_liz21_del_07_29.json","07",11652
145.441849,-14.693786,1104,3.55,2021-11-26 08:06:00,0.0449145667495543,4994.27195498883,"moving",29,-14.69295,145.44156,"run_day_11652_liz21_del_07_29.json","07",11652
145.441948,-14.694165,1104,3.55,2021-11-26 08:18:00,0.0434673170067084,4833.34512599672,"moving",29,-14.69295,145.44156,"run_day_11652_liz21_del_07_29.json","07",11652
145.442065,-14.694551,1104,3.55,2021-11-26 08:30:00,0.0447280378950525,4973.5308926954,"moving",29,-14.69295,145.44156,"run_day_11652_liz21_del_07_29.json","07",11652
145.441669,-14.693148,1105,3.55,2021-11-26 07:12:00,0.0505495931045674,5620.85829717466,"moving",29,-14.69295,145.44156,"run_day_11652_liz21_del_07_29.json","07",11652
145.441759,-14.693611,1105,3.55,2021-11-26 07:24:00,0.0523854246326592,5824.9934492726,"moving",29,-14.69295,145.44156,"run_day_11652_liz21_del_07_29.json","07",11652
145.44188,-14.694054,1105,3.55,2021-11-26 07:36:00,0.0509496069050364,5665.33780237462,"moving",29,-14.69295,145.44156,"run_day_11652_liz21_del_07_29.json","07",11652
145.44201,-14.694497,1105,3.55,2021-11-26 07:48:00,0.0512054249525289,5693.78347139991,"moving",29,-14.69295,145.44156,"run_day_11652_liz21_del_07_29.json","07",11652
145.441511,-14.693587,1106,3.55,2021-11-26 07:40:00,0.0583257330276917,6485.52560550429,"moving",29,-14.69295,145.44156,"run_day_11652_liz21_del_07_29.json","07",11652
145.441661,-14.694121,1106,3.55,2021-11-26 07:52:00,0.0615309301407421,6841.92726337128,"moving",29,-14.69295,145.44156,"run_day_11652_liz21_del_07_29.json","07",11652
145.44184,-14.694644,1106,3.55,2021-11-26 08:04:00,0.0612590524678414,6811.6958454768,"moving",29,-14.69295,145.44156,"run_day_11652_liz21_del_07_29.json","07",11652
145.441716,-14.693568,1107,3.55,2021-11-26 07:37:00,0.0534981931765412,5948.72766588193,"moving",29,-14.69295,145.44156,"run_day_11652_liz21_del_07_29.json","07",11652
145.441835,-14.694034,1107,3.55,2021-11-26 07:49:00,0.053374246012034,5934.94537001675,"moving",29,-14.69295,145.44156,"run_day_11652_liz21_del_07_29.json","07",11652
145.44197,-14.694482,1107,3.55,2021-11-26 08:01:00,0.0518884107464096,5769.72802664975,"moving",29,-14.69295,145.44156,"run_day_11652_liz21_del_07_29.json","07",11652
145.44164,-14.693355,1108,3.55,2021-11-26 07:27:00,0.0526392210766735,5853.21432624742,"moving",29,-14.69295,145.44156,"run_day_11652_liz21_del_07_29.json","07",11652
145.441751,-14.693848,1108,3.55,2021-11-26 07:39:00,0.0561041259050957,6238.4941644742,"moving",29,-14.69295,145.44156,"run_day_11652_liz21_del_07_29.json","07",11652
145.441889,-14.69432,1108,3.55,2021-11-26 07:51:00,0.0545425184994738,6064.85134355847,"moving",29,-14.69295,145.44156,"run_day_11652_liz21_del_07_29.json","07",11652
145.441588,-14.693257,1109,3.55,2021-11-26 07:37:00,0.0525134626312492,5839.23062513354,"moving",29,-14.69295,145.44156,"run_day_11652_liz21_del_07_29.json","07",11652
145.441693,-14.693754,1109,3.55,2021-11-26 07:49:00,0.0564060506348955,6272.06666265647,"moving",29,-14.69295,145.44156,"run_day_11652_liz21_del_07_29.json","07",11652
145.441829,-14.694246,1109,3.55,2021-11-26 08:01:00,0.0566297690009361,6296.94300995739,"moving",29,-14.69295,145.44156,"run_day_11652_liz21_del_07_29.json","07",11652
145.441984,-14.694704,1109,3.55,2021-11-26 08:13:00,0.0535866214140413,5958.56043726406,"moving",29,-14.69295,145.44156,"run_day_11652_liz21_del_07_29.json","07",11652
145.441539,-14.693418,1110,3.55,2021-11-26 07:24:00,0.0559861531820114,6225.37619618478,"moving",29,-14.69295,145.44156,"run_day_11652_liz21_del_07_29.json","07",11652
145.441674,-14.693934,1110,3.55,2021-11-26 07:36:00,0.0591854175819182,6581.11816644897,"moving",29,-14.69295,145.44156,"run_day_11652_liz21_del_07_29.json","07",11652
145.441836,-14.694451,1110,3.55,2021-11-26 07:48:00,0.0600704153638737,6679.52542989411,"moving",29,-14.69295,145.44156,"run_day_11652_liz21_del_07_29.json","07",11652
145.441763,-14.693218,1111,3.55,2021-11-26 07:32:00,0.046298117921161,5148.11582602463,"moving",29,-14.69295,145.44156,"run_day_11652_liz21_del_07_29.json","07",11652
145.441833,-14.693607,1111,3.55,2021-11-26 07:44:00,0.0439052080604029,4882.03638959059,"moving",29,-14.69295,145.44156,"run_day_11652_liz21_del_07_29.json","07",11652
145.441928,-14.693986,1111,3.55,2021-11-26 07:56:00,0.0433639302940541,4821.8490480671,"moving",29,-14.69295,145.44156,"run_day_11652_liz21_del_07_29.json","07",11652
145.442036,-14.694369,1111,3.55,2021-11-26 08:08:00,0.0441434756833696,4908.53054044815,"moving",29,-14.69295,145.44156,"run_day_11652_liz21_del_07_29.json","07",11652
145.441509,-14.693508,1112,3.55,2021-11-26 07:54:00,0.0575826200416426,6402.89521153195,"moving",29,-14.69295,145.44156,"run_day_11652_liz21_del_07_29.json","07",11652
145.441642,-14.694032,1112,3.55,2021-11-26 08:06:00,0.0599965305006242,6671.30980794494,"moving",29,-14.69295,145.44156,"run_day_11652_liz21_del_07_29.json","07",11652
145.441807,-14.694541,1112,3.55,2021-11-26 08:18:00,0.0593154044476482,6595.57204644857,"moving",29,-14.69295,145.44156,"run_day_11652_liz21_del_07_29.json","07",11652
145.441587,-14.693634,1113,3.55,2021-11-26 07:43:00,0.0572445672924825,6365.3054608871,"moving",29,-14.69295,145.44156,"run_day_11652_liz21_del_07_29.json","07",11652
145.441731,-14.694159,1113,3.55,2021-11-26 07:55:00,0.0603970502304421,6715.84556992174,"moving",29,-14.69295,145.44156,"run_day_11652_liz21_del_07_29.json","07",11652
145.441899,-14.694655,1113,3.55,2021-11-26 08:07:00,0.0580373524888392,6453.45915264087,"moving",29,-14.69295,145.44156,"run_day_11652_liz21_del_07_29.json","07",11652
145.441753,-14.693371,1114,3.55,2021-11-26 07:32:00,0.0489102560345663,5438.57233193019,"moving",29,-14.69295,145.44156,"run_day_11652_liz21_del_07_29.json","07",11652
145.44184,-14.693788,1114,3.55,2021-11-26 07:44:00,0.0473030883063451,5259.86343428513,"moving",29,-14.69295,145.44156,"run_day_11652_liz21_del_07_29.json","07",11652
145.441953,-14.694194,1114,3.55,2021-11-26 07:56:00,0.0467525970753417,5198.65160223523,"moving",29,-14.69295,145.44156,"run_day_11652_liz21_del_07_29.json","07",11652
145.44208,-14.694606,1114,3.55,2021-11-26 08:08:00,0.0478054364069564,5315.72199448263,"moving",29,-14.69295,145.44156,"run_day_11652_liz21_del_07_29.json","07",11652
145.441605,-14.693426,1115,3.55,2021-11-26 07:52:00,0.0544243401562129,6051.71051134861,"moving",29,-14.69295,145.44156,"run_day_11652_liz21_del_07_29.json","07",11652
145.441717,-14.693932,1115,3.55,2021-11-26 08:04:00,0.0575397949436348,6398.13327790042,"moving",29,-14.69295,145.44156,"run_day_11652_liz21_del_07_29.json","07",11652
145.441859,-14.694409,1115,3.55,2021-11-26 08:16:00,0.0551952154816021,6137.42793660736,"moving",29,-14.69295,145.44156,"run_day_11652_liz21_del_07_29.json","07",11652
145.441751,-14.693296,1116,3.55,2021-11-26 07:20:00,0.0489292937211865,5440.6892260974,"moving",29,-14.69295,145.44156,"run_day_11652_liz21_del_07_29.json","07",11652
145.441834,-14.693704,1116,3.55,2021-11-26 07:32:00,0.0462375433206638,5141.38023776582,"moving",29,-14.69295,145.44156,"run_day_11652_liz21_del_07_29.json","07",11652
145.441946,-14.694108,1116,3.55,2021-11-26 07:44:00,0.0465099160132587,5171.66669933889,"moving",29,-14.69295,145.44156,"run_day_11652_liz21_del_07_29.json","07",11652
145.442067,-14.694523,1116,3.55,2021-11-26 07:56:00,0.0479460266380218,5331.35491491289,"moving",29,-14.69295,145.44156,"run_day_11652_liz21_del_07_29.json","07",11652
145.441706,-14.693509,1117,3.55,2021-11-26 08:08:00,0.0523428675631764,5820.26131905326,"moving",29,-14.69295,145.44156,"run_day_11652_liz21_del_07_29.json","07",11652
145.441803,-14.693962,1117,3.55,2021-11-26 08:20:00,0.0514404400357527,5719.91595633934,"moving",29,-14.69295,145.44156,"run_day_11652_liz21_del_07_29.json","07",11652
145.441925,-14.694386,1117,3.55,2021-11-26 08:32:00,0.0489386944485719,5441.73453928942,"moving",29,-14.69295,145.44156,"run_day_11652_liz21_del_07_29.json","07",11652
145.441723,-14.693194,1118,3.55,2021-11-26 08:07:00,0.0480330824804179,5341.03508292211,"moving",29,-14.69295,145.44156,"run_day_11652_liz21_del_07_29.json","07",11652
145.441792,-14.693608,1118,3.55,2021-11-26 08:19:00,0.0466290981086121,5184.91914368905,"moving",29,-14.69295,145.44156,"run_day_11652_liz21_del_07_29.json","07",11652
145.441879,-14.693997,1118,3.55,2021-11-26 08:31:00,0.0442554425792961,4920.98069122731,"moving",29,-14.69295,145.44156,"run_day_11652_liz21_del_07_29.json","07",11652
145.441989,-14.694381,1118,3.55,2021-11-26 08:43:00,0.0443077175408239,4926.79340173974,"moving",29,-14.69295,145.44156,"run_day_11652_liz21_del_07_29.json","07",11652
145.441614,-14.693441,1119,3.55,2021-11-26 07:59:00,0.0543589361383442,6044.43791637944,"moving",29,-14.69295,145.44156,"run_day_11652_liz21_del_07_29.json","07",11652
145.441722,-14.693939,1119,3.55,2021-11-26 08:11:00,0.0565803613333684,6291.44912798652,"moving",29,-14.69295,145.44156,"run_day_11652_liz21_del_07_29.json","07",11652
145.44186,-14.694407,1119,3.55,2021-11-26 08:23:00,0.0541146591298183,6017.27555233544,"moving",29,-14.69295,145.44156,"run_day_11652_liz21_del_07_29.json","07",11652
145.441635,-14.693228,1120,3.55,2021-11-26 07:58:00,0.0512249676566156,5695.95652094726,"moving",29,-14.69295,145.44156,"run_day_11652_liz21_del_07_29.json","07",11652
145.441723,-14.693707,1120,3.55,2021-11-26 08:10:00,0.0540968487259063,6015.29512577894,"moving",29,-14.69295,145.44156,"run_day_11652_liz21_del_07_29.json","07",11652
145.441836,-14.694159,1120,3.55,2021-11-26 08:22:00,0.051708800666399,5749.75629697835,"moving",29,-14.69295,145.44156,"run_day_11652_liz21_del_07_29.json","07",11652
145.441973,-14.694589,1120,3.55,2021-11-26 08:34:00,0.0500329366860369,5563.40872461573,"moving",29,-14.69295,145.44156,"run_day_11652_liz21_del_07_29.json","07",11652
145.441773,-14.693577,1121,3.55,2021-11-26 07:13:00,0.0517798419419106,5757.65572639759,"moving",29,-14.69295,145.44156,"run_day_11652_liz21_del_07_29.json","07",11652
145.441891,-14.694007,1121,3.55,2021-11-26 07:25:00,0.0494696382477876,5500.77279609559,"moving",29,-14.69295,145.44156,"run_day_11652_liz21_del_07_29.json","07",11652
145.442016,-14.694446,1121,3.55,2021-11-26 07:37:00,0.0506322445498301,5630.04871856771,"moving",29,-14.69295,145.44156,"run_day_11652_liz21_del_07_29.json","07",11652
145.441579,-14.693358,1122,3.55,2021-11-26 07:31:00,0.0539571582297311,5999.76225130379,"moving",29,-14.69295,145.44156,"run_day_11652_liz21_del_07_29.json","07",11652
145.441698,-14.693865,1122,3.55,2021-11-26 07:43:00,0.057810551880454,6428.24007562853,"moving",29,-14.69295,145.44156,"run_day_11652_liz21_del_07_29.json","07",11652
145.441848,-14.694365,1122,3.55,2021-11-26 07:55:00,0.0578910614815889,6437.19233482092,"moving",29,-14.69295,145.44156,"run_day_11652_liz21_del_07_29.json","07",11652
145.441767,-14.693199,1123,3.55,2021-11-26 07:46:00,0.0457864870392947,5091.22506764642,"moving",29,-14.69295,145.44156,"run_day_11652_liz21_del_07_29.json","07",11652
145.441832,-14.693583,1123,3.55,2021-11-26 07:58:00,0.0432674274407381,4811.11842037165,"moving",29,-14.69295,145.44156,"run_day_11652_liz21_del_07_29.json","07",11652
145.441916,-14.693949,1123,3.55,2021-11-26 08:10:00,0.0416881657312485,4635.51253043238,"moving",29,-14.69295,145.44156,"run_day_11652_liz21_del_07_29.json","07",11652
145.442018,-14.694314,1123,3.55,2021-11-26 08:22:00,0.0420427969515592,4674.9457229607,"moving",29,-14.69295,145.44156,"run_day_11652_liz21_del_07_29.json","07",11652
145.441654,-14.693689,1124,3.55,2021-11-26 07:34:00,0.056476020590168,6279.84696670032,"moving",29,-14.69295,145.44156,"run_day_11652_liz21_del_07_29.json","07",11652
145.441798,-14.694198,1124,3.55,2021-11-26 07:46:00,0.0586791990433742,6524.82923318946,"moving",29,-14.69295,145.44156,"run_day_11652_liz21_del_07_29.json","07",11652
145.44196,-14.694679,1124,3.55,2021-11-26 07:58:00,0.0562514811106061,6254.87931574162,"moving",29,-14.69295,145.44156,"run_day_11652_liz21_del_07_29.json","07",11652
145.441555,-14.693484,1125,3.55,2021-11-26 07:17:00,0.0569585939865428,6333.50668011083,"moving",29,-14.69295,145.44156,"run_day_11652_liz21_del_07_29.json","07",11652
145.441699,-14.694004,1125,3.55,2021-11-26 07:29:00,0.0598598403162951,6656.11055292543,"moving",29,-14.69295,145.44156,"run_day_11652_liz21_del_07_29.json","07",11652
145.441863,-14.694517,1125,3.55,2021-11-26 07:41:00,0.0597080938356364,6639.23711414002,"moving",29,-14.69295,145.44156,"run_day_11652_liz21_del_07_29.json","07",11652
145.441509,-14.693316,1126,3.55,2021-11-26 07:50:00,0.0554276282785961,6163.27106052037,"moving",29,-14.69295,145.44156,"run_day_11652_liz21_del_07_29.json","07",11652
145.441626,-14.693828,1126,3.55,2021-11-26 08:02:00,0.0583060516144815,6483.33713220613,"moving",29,-14.69295,145.44156,"run_day_11652_liz21_del_07_29.json","07",11652
145.441773,-14.694338,1126,3.55,2021-11-26 08:14:00,0.0588722927783911,6546.30027689018,"moving",29,-14.69295,145.44156,"run_day_11652_liz21_del_07_29.json","07",11652
145.441636,-14.693596,1127,3.55,2021-11-26 07:47:00,0.0556219364233553,6184.8771404233,"moving",29,-14.69295,145.44156,"run_day_11652_liz21_del_07_29.json","07",11652
145.441766,-14.694105,1127,3.55,2021-11-26 07:59:00,0.0582998348079645,6482.6458548615,"moving",29,-14.69295,145.44156,"run_day_11652_liz21_del_07_29.json","07",11652
145.441919,-14.694579,1127,3.55,2021-11-26 08:11:00,0.0552157279108466,6139.7088146725,"moving",29,-14.69295,145.44156,"run_day_11652_liz21_del_07_29.json","07",11652
145.441523,-14.693348,1128,3.55,2021-11-26 07:53:00,0.0553783479715628,6157.79134039477,"moving",29,-14.69295,145.44156,"run_day_11652_liz21_del_07_29.json","07",11652
145.441639,-14.693859,1128,3.55,2021-11-26 08:05:00,0.0581743189467171,6468.68912787737,"moving",29,-14.69295,145.44156,"run_day_11652_liz21_del_07_29.json","07",11652
145.441787,-14.694364,1128,3.55,2021-11-26 08:17:00,0.0583661776524937,6490.02284259232,"moving",29,-14.69295,145.44156,"run_day_11652_liz21_del_07_29.json","07",11652
145.441484,-14.693427,1129,3.55,2021-11-26 07:44:00,0.0571687865024378,6356.87902149701,"moving",29,-14.69295,145.44156,"run_day_11652_liz21_del_07_29.json","07",11652
145.441618,-14.693954,1129,3.55,2021-11-26 07:56:00,0.0603461462433856,6710.18530481508,"moving",29,-14.69295,145.44156,"run_day_11652_liz21_del_07_29.json","07",11652
145.441784,-14.694477,1129,3.55,2021-11-26 08:08:00,0.0608340878184831,6764.44193246487,"moving",29,-14.69295,145.44156,"run_day_11652_liz21_del_07_29.json","07",11652
145.441647,-14.69332,1130,3.55,2021-11-26 07:51:00,0.0521393408994363,5797.63018660846,"moving",29,-14.69295,145.44156,"run_day_11652_liz21_del_07_29.json","07",11652
145.441743,-14.693808,1130,3.55,2021-11-26 08:03:00,0.0552368071718686,6142.05272155556,"moving",29,-14.69295,145.44156,"run_day_11652_liz21_del_07_29.json","07",11652
145.441866,-14.694261,1130,3.55,2021-11-26 08:15:00,0.0520796689883191,5790.99497282904,"moving",29,-14.69295,145.44156,"run_day_11652_liz21_del_07_29.json","07",11652
145.442011,-14.694694,1130,3.55,2021-11-26 08:27:00,0.0506103228984353,5627.61114214895,"moving",29,-14.69295,145.44156,"run_day_11652_liz21_del_07_29.json","07",11652
145.44168,-14.693513,1131,3.55,2021-11-26 07:46:00,0.0536472092547578,5965.29749776809,"moving",29,-14.69295,145.44156,"run_day_11652_liz21_del_07_29.json","07",11652
145.441794,-14.693998,1131,3.55,2021-11-26 07:58:00,0.0553059066074524,6149.73622822649,"moving",29,-14.69295,145.44156,"run_day_11652_liz21_del_07_29.json","07",11652
145.44193,-14.69445,1131,3.55,2021-11-26 08:10:00,0.0523455240505578,5820.55670697276,"moving",29,-14.69295,145.44156,"run_day_11652_liz21_del_07_29.json","07",11652
145.441644,-14.693631,1132,3.55,2021-11-26 08:05:00,0.0554071542427092,6160.9944516018,"moving",29,-14.69295,145.44156,"run_day_11652_liz21_del_07_29.json","07",11652
145.441765,-14.694125,1132,3.55,2021-11-26 08:17:00,0.0564510029760325,6277.0651349317,"moving",29,-14.69295,145.44156,"run_day_11652_liz21_del_07_29.json","07",11652
145.441914,-14.694584,1132,3.55,2021-11-26 08:29:00,0.0534954484547856,5948.42246674766,"moving",29,-14.69295,145.44156,"run_day_11652_liz21_del_07_29.json","07",11652
145.441559,-14.69356,1133,3.55,2021-11-26 07:37:00,0.0569086059749048,6327.94826682364,"moving",29,-14.69295,145.44156,"run_day_11652_liz21_del_07_29.json","07",11652
145.441701,-14.694085,1133,3.55,2021-11-26 07:49:00,0.060342244665036,6709.75146909669,"moving",29,-14.69295,145.44156,"run_day_11652_liz21_del_07_29.json","07",11652
145.44187,-14.694594,1133,3.55,2021-11-26 08:01:00,0.0594455455175721,6610.04307317221,"moving",29,-14.69295,145.44156,"run_day_11652_liz21_del_07_29.json","07",11652
145.441484,-14.693534,1134,3.55,2021-11-26 07:42:00,0.0583518109093766,6488.4253336453,"moving",29,-14.69295,145.44156,"run_day_11652_liz21_del_07_29.json","07",11652
145.44163,-14.694069,1134,3.55,2021-11-26 07:54:00,0.0615270305523421,6841.4936489252,"moving",29,-14.69295,145.44156,"run_day_11652_liz21_del_07_29.json","07",11652
145.441808,-14.694595,1134,3.55,2021-11-26 08:06:00,0.0615422792144051,6843.18922278473,"moving",29,-14.69295,145.44156,"run_day_11652_liz21_del_07_29.json","07",11652
145.441693,-14.693388,1135,3.55,2021-11-26 08:04:00,0.0516319586065075,5741.21184976549,"moving",29,-14.69295,145.44156,"run_day_11652_liz21_del_07_29.json","07",11652
145.441781,-14.693848,1135,3.55,2021-11-26 08:16:00,0.0520180471893421,5784.14294141209,"moving",29,-14.69295,145.44156,"run_day_11652_liz21_del_07_29.json","07",11652
145.441897,-14.694272,1135,3.55,2021-11-26 08:28:00,0.0487696196240679,5422.93427658126,"moving",29,-14.69295,145.44156,"run_day_11652_liz21_del_07_29.json","07",11652
145.442033,-14.694686,1135,3.55,2021-11-26 08:40:00,0.0483028841663252,5371.03566159515,"moving",29,-14.69295,145.44156,"run_day_11652_liz21_del_07_29.json","07",11652
145.441669,-14.693386,1136,3.55,2021-11-26 07:23:00,0.0526601765139578,5855.54446455906,"moving",29,-14.69295,145.44156,"run_day_11652_liz21_del_07_29.json","07",11652
145.44178,-14.693869,1136,3.55,2021-11-26 07:35:00,0.0550181536163548,6117.73955548964,"moving",29,-14.69295,145.44156,"run_day_11652_liz21_del_07_29.json","07",11652
145.441916,-14.69433,1136,3.55,2021-11-26 07:47:00,0.0533071447486337,5927.4840499552,"moving",29,-14.69295,145.44156,"run_day_11652_liz21_del_07_29.json","07",11652
145.441638,-14.69318,1137,3.55,2021-11-26 08:05:00,0.0502696764464504,5589.73298490875,"moving",29,-14.69295,145.44156,"run_day_11652_liz21_del_07_29.json","07",11652
145.441721,-14.693648,1137,3.55,2021-11-26 08:17:00,0.0527994194912909,5871.02757720938,"moving",29,-14.69295,145.44156,"run_day_11652_liz21_del_07_29.json","07",11652
145.441826,-14.694095,1137,3.55,2021-11-26 08:29:00,0.0509710369537805,5667.72071507272,"moving",29,-14.69295,145.44156,"run_day_11652_liz21_del_07_29.json","07",11652
145.441957,-14.694518,1137,3.55,2021-11-26 08:41:00,0.0491005605972649,5459.73323381959,"moving",29,-14.69295,145.44156,"run_day_11652_liz21_del_07_29.json","07",11652
145.441736,-14.693272,1138,3.55,2021-11-26 07:37:00,0.0489102567204387,5438.57240819572,"moving",29,-14.69295,145.44156,"run_day_11652_liz21_del_07_29.json","07",11652
145.441814,-14.693694,1138,3.55,2021-11-26 07:49:00,0.0476683419282077,5300.4777839748,"moving",29,-14.69295,145.44156,"run_day_11652_liz21_del_07_29.json","07",11652
145.44192,-14.694098,1138,3.55,2021-11-26 08:01:00,0.0463469560393697,5153.5463769963,"moving",29,-14.69295,145.44156,"run_day_11652_liz21_del_07_29.json","07",11652
145.44204,-14.694503,1138,3.55,2021-11-26 08:13:00,0.0468470497618422,5209.15426178203,"moving",29,-14.69295,145.44156,"run_day_11652_liz21_del_07_29.json","07",11652
145.441532,-14.693383,1139,3.55,2021-11-26 08:05:00,0.0554143474145228,6161.79429581396,"moving",29,-14.69295,145.44156,"run_day_11652_liz21_del_07_29.json","07",11652
145.441644,-14.693885,1139,3.55,2021-11-26 08:17:00,0.0571049486218418,6349.780573047,"moving",29,-14.69295,145.44156,"run_day_11652_liz21_del_07_29.json","07",11652
145.441789,-14.694381,1139,3.55,2021-11-26 08:29:00,0.0573153698622572,6373.17834743944,"moving",29,-14.69295,145.44156,"run_day_11652_liz21_del_07_29.json","07",11652
145.441532,-14.693579,1140,3.55,2021-11-26 07:19:00,0.0585675417882276,6512.41351289409,"moving",29,-14.69295,145.44156,"run_day_11652_liz21_del_07_29.json","07",11652
145.441689,-14.694108,1140,3.55,2021-11-26 07:31:00,0.0611980424238758,6804.91183811346,"moving",29,-14.69295,145.44156,"run_day_11652_liz21_del_07_29.json","07",11652
145.441864,-14.694628,1140,3.55,2021-11-26 07:43:00,0.0608079131587497,6761.53144309587,"moving",29,-14.69295,145.44156,"run_day_11652_liz21_del_07_29.json","07",11652
145.441733,-14.693291,1141,3.55,2021-11-26 07:39:00,0.049238673430814,5475.09068021475,"moving",29,-14.69295,145.44156,"run_day_11652_liz21_del_07_29.json","07",11652
145.441814,-14.693718,1141,3.55,2021-11-26 07:51:00,0.0482729286483501,5367.70475997131,"moving",29,-14.69295,145.44156,"run_day_11652_liz21_del_07_29.json","07",11652
145.441921,-14.694126,1141,3.55,2021-11-26 08:03:00,0.0468045268919866,5204.42593438772,"moving",29,-14.69295,145.44156,"run_day_11652_liz21_del_07_29.json","07",11652
145.442043,-14.694532,1141,3.55,2021-11-26 08:15:00,0.047013537976444,5227.66690659187,"moving",29,-14.69295,145.44156,"run_day_11652_liz21_del_07_29.json","07",11652
145.441564,-14.693425,1142,3.55,2021-11-26 08:05:00,0.0550577274995651,6122.13997053025,"moving",29,-14.69295,145.44156,"run_day_11652_liz21_del_07_29.json","07",11652
145.441675,-14.693925,1142,3.55,2021-11-26 08:17:00,0.0568649028699342,6323.08870327229,"moving",29,-14.69295,145.44156,"run_day_11652_liz21_del_07_29.json","07",11652
145.441819,-14.694411,1142,3.55,2021-11-26 08:29:00,0.0562164623030687,6250.98540200633,"moving",29,-14.69295,145.44156,"run_day_11652_liz21_del_07_29.json","07",11652
145.441697,-14.693674,1143,3.55,2021-11-26 07:18:00,0.0562318151109511,6252.6925563526,"moving",29,-14.69295,145.44156,"run_day_11652_liz21_del_07_29.json","07",11652
145.44184,-14.694162,1143,3.55,2021-11-26 07:30:00,0.0564008565743647,6271.48910947676,"moving",29,-14.69295,145.44156,"run_day_11652_liz21_del_07_29.json","07",11652
145.441991,-14.694635,1143,3.55,2021-11-26 07:42:00,0.0550457416912271,6120.80720945132,"moving",29,-14.69295,145.44156,"run_day_11652_liz21_del_07_29.json","07",11652
145.441751,-14.693456,1144,3.55,2021-11-26 08:08:00,0.0496787151487245,5524.02108675835,"moving",29,-14.69295,145.44156,"run_day_11652_liz21_del_07_29.json","07",11652
145.441833,-14.693869,1144,3.55,2021-11-26 08:20:00,0.0467627730172871,5199.78311535339,"moving",29,-14.69295,145.44156,"run_day_11652_liz21_del_07_29.json","07",11652
145.44194,-14.694262,1144,3.55,2021-11-26 08:32:00,0.0451896709251508,5024.8621436139,"moving",29,-14.69295,145.44156,"run_day_11652_liz21_del_07_29.json","07",11652
145.442067,-14.694657,1144,3.55,2021-11-26 08:44:00,0.0459971048668203,5114.64470152816,"moving",29,-14.69295,145.44156,"run_day_11652_liz21_del_07_29.json","07",11652
145.441762,-14.693354,1145,3.55,2021-11-26 07:56:00,0.0481427427346453,5353.22874684674,"moving",29,-14.69295,145.44156,"run_day_11652_liz21_del_07_29.json","07",11652
145.441836,-14.693755,1145,3.55,2021-11-26 08:08:00,0.0452939790190154,5036.46067445959,"moving",29,-14.69295,145.44156,"run_day_11652_liz21_del_07_29.json","07",11652
145.441934,-14.694136,1145,3.55,2021-11-26 08:20:00,0.0436568709792669,4854.42256607055,"moving",29,-14.69295,145.44156,"run_day_11652_liz21_del_07_29.json","07",11652
145.44205,-14.694522,1145,3.55,2021-11-26 08:32:00,0.0446978959279764,4970.17925887746,"moving",29,-14.69295,145.44156,"run_day_11652_liz21_del_07_29.json","07",11652
145.441754,-14.693145,1146,3.55,2021-11-26 07:53:00,0.0462250964164028,5139.99620515956,"moving",29,-14.69295,145.44156,"run_day_11652_liz21_del_07_29.json","07",11652
145.441818,-14.693533,1146,3.55,2021-11-26 08:05:00,0.043689345551293,4858.0335737248,"moving",29,-14.69295,145.44156,"run_day_11652_liz21_del_07_29.json","07",11652
145.441896,-14.693899,1146,3.55,2021-11-26 08:17:00,0.04155307840414,4620.49150500395,"moving",29,-14.69295,145.44156,"run_day_11652_liz21_del_07_29.json","07",11652
145.441995,-14.694259,1146,3.55,2021-11-26 08:29:00,0.041422219152688,4605.94062013798,"moving",29,-14.69295,145.44156,"run_day_11652_liz21_del_07_29.json","07",11652
145.442111,-14.694634,1146,3.55,2021-11-26 08:41:00,0.0435247065435636,4839.72655133749,"moving",29,-14.69295,145.44156,"run_day_11652_liz21_del_07_29.json","07",11652
145.441713,-14.693177,1147,3.55,2021-11-26 07:39:00,0.0485819109627119,5402.06202575123,"moving",29,-14.69295,145.44156,"run_day_11652_liz21_del_07_29.json","07",11652
145.441789,-14.69361,1147,3.55,2021-11-26 07:51:00,0.0488364006686049,5430.3599899298,"moving",29,-14.69295,145.44156,"run_day_11652_liz21_del_07_29.json","07",11652
145.441889,-14.694021,1147,3.55,2021-11-26 08:03:00,0.0469497582866678,5220.57492866579,"moving",29,-14.69295,145.44156,"run_day_11652_liz21_del_07_29.json","07",11652
145.442006,-14.694423,1147,3.55,2021-11-26 08:15:00,0.0464379889000297,5163.66876925964,"moving",29,-14.69295,145.44156,"run_day_11652_liz21_del_07_29.json","07",11652
145.441498,-14.693357,1148,3.55,2021-11-26 07:13:00,0.0570053514632642,6338.70587430495,"moving",29,-14.69295,145.44156,"run_day_11652_liz21_del_07_29.json","07",11652
145.441637,-14.693876,1148,3.55,2021-11-26 07:25:00,0.0596153031898251,6628.91926508572,"moving",29,-14.69295,145.44156,"run_day_11652_liz21_del_07_29.json","07",11652
145.441803,-14.694402,1148,3.55,2021-11-26 07:37:00,0.0611530616806393,6799.91020766887,"moving",29,-14.69295,145.44156,"run_day_11652_liz21_del_07_29.json","07",11652
145.44149,-14.693376,1149,3.55,2021-11-26 07:44:00,0.0564694684560029,6279.11840262247,"moving",29,-14.69295,145.44156,"run_day_11652_liz21_del_07_29.json","07",11652
145.441618,-14.693898,1149,3.55,2021-11-26 07:56:00,0.0596541740783075,6633.24151067914,"moving",29,-14.69295,145.44156,"run_day_11652_liz21_del_07_29.json","07",11652
145.441779,-14.694419,1149,3.55,2021-11-26 08:08:00,0.0604653190772662,6723.43671933645,"moving",29,-14.69295,145.44156,"run_day_11652_liz21_del_07_29.json","07",11652
145.441568,-14.693559,1150,3.55,2021-11-26 07:44:00,0.0566785865747322,6302.37127649461,"moving",29,-14.69295,145.44156,"run_day_11652_liz21_del_07_29.json","07",11652
145.441705,-14.694083,1150,3.55,2021-11-26 07:56:00,0.060100564636936,6682.87787610065,"moving",29,-14.69295,145.44156,"run_day_11652_liz21_del_07_29.json","07",11652
145.44187,-14.694584,1150,3.55,2021-11-26 08:08:00,0.0584671996129098,6501.25597207028,"moving",29,-14.69295,145.44156,"run_day_11652_liz21_del_07_29.json","07",11652
145.441723,-14.693164,1151,3.55,2021-11-26 07:57:00,0.04816064318101,5355.21918566718,"moving",29,-14.69295,145.44156,"run_day_11652_liz21_del_07_29.json","07",11652
145.441792,-14.693581,1151,3.55,2021-11-26 08:09:00,0.0469584607275531,5221.54259594166,"moving",29,-14.69295,145.44156,"run_day_11652_liz21_del_07_29.json","07",11652
145.44188,-14.693972,1151,3.55,2021-11-26 08:21:00,0.04449558499502,4947.68330952798,"moving",29,-14.69295,145.44156,"run_day_11652_liz21_del_07_29.json","07",11652
145.441988,-14.694354,1151,3.55,2021-11-26 08:33:00,0.0440362097014073,4896.60310745239,"moving",29,-14.69295,145.44156,"run_day_11652_liz21_del_07_29.json","07",11652
145.441675,-14.693564,1152,3.55,2021-11-26 07:18:00,0.0553824927465348,6158.25221834375,"moving",29,-14.69295,145.44156,"run_day_11652_liz21_del_07_29.json","07",11652
145.441811,-14.694055,1152,3.55,2021-11-26 07:30:00,0.0565223583348219,6284.99948881798,"moving",29,-14.69295,145.44156,"run_day_11652_liz21_del_07_29.json","07",11652
145.441956,-14.69453,1152,3.55,2021-11-26 07:42:00,0.0550720490558283,6123.73245492836,"moving",29,-14.69295,145.44156,"run_day_11652_liz21_del_07_29.json","07",11652
145.441571,-14.69336,1153,3.55,2021-11-26 07:51:00,0.0544057591325108,6049.64439578107,"moving",29,-14.69295,145.44156,"run_day_11652_liz21_del_07_29.json","07",11652
145.441682,-14.693866,1153,3.55,2021-11-26 08:03:00,0.0575173734162628,6395.64011780903,"moving",29,-14.69295,145.44156,"run_day_11652_liz21_del_07_29.json","07",11652
145.441824,-14.694356,1153,3.55,2021-11-26 08:15:00,0.0565857199454212,6292.04497846065,"moving",29,-14.69295,145.44156,"run_day_11652_liz21_del_07_29.json","07",11652
145.441743,-14.693619,1154,3.55,2021-11-26 07:15:00,0.0543227361165606,6040.41265761268,"moving",29,-14.69295,145.44156,"run_day_11652_liz21_del_07_29.json","07",11652
145.441872,-14.694074,1154,3.55,2021-11-26 07:27:00,0.0524617748401626,5833.48320499524,"moving",29,-14.69295,145.44156,"run_day_11652_liz21_del_07_29.json","07",11652
145.442007,-14.694529,1154,3.55,2021-11-26 07:39:00,0.0526361273285042,5852.87031714668,"moving",29,-14.69295,145.44156,"run_day_11652_liz21_del_07_29.json","07",11652
145.44163,-14.693488,1155,3.55,2021-11-26 07:33:00,0.0543377766680384,6042.08509063094,"moving",29,-14.69295,145.44156,"run_day_11652_liz21_del_07_29.json","07",11652
145.441757,-14.693994,1155,3.55,2021-11-26 07:45:00,0.0578990678840057,6438.08260615034,"moving",29,-14.69295,145.44156,"run_day_11652_liz21_del_07_29.json","07",11652
145.441905,-14.694475,1155,3.55,2021-11-26 07:57:00,0.0558034168856632,6205.05684711705,"moving",29,-14.69295,145.44156,"run_day_11652_liz21_del_07_29.json","07",11652
145.441614,-14.693586,1156,3.55,2021-11-26 08:00:00,0.0559703498974394,6223.61895111606,"moving",29,-14.69295,145.44156,"run_day_11652_liz21_del_07_29.json","07",11652
145.441737,-14.694092,1156,3.55,2021-11-26 08:12:00,0.0577990753084919,6426.96393905108,"moving",29,-14.69295,145.44156,"run_day_11652_liz21_del_07_29.json","07",11652
145.441889,-14.694563,1156,3.55,2021-11-26 08:24:00,0.054865247255897,6100.73714395504,"moving",29,-14.69295,145.44156,"run_day_11652_liz21_del_07_29.json","07",11652
145.441527,-14.69332,1157,3.55,2021-11-26 07:23:00,0.0550709593076078,6123.61128045493,"moving",29,-14.69295,145.44156,"run_day_11652_liz21_del_07_29.json","07",11652
145.441654,-14.69383,1157,3.55,2021-11-26 07:35:00,0.0583313887042159,6486.15448804053,"moving",29,-14.69295,145.44156,"run_day_11652_liz21_del_07_29.json","07",11652
145.441811,-14.694348,1157,3.55,2021-11-26 07:47:00,0.0600233286123891,6674.28962201685,"moving",29,-14.69295,145.44156,"run_day_11652_liz21_del_07_29.json","07",11652
145.44171,-14.693596,1158,3.55,2021-11-26 07:16:00,0.0551889267887876,6136.72866587116,"moving",29,-14.69295,145.44156,"run_day_11652_liz21_del_07_29.json","07",11652
145.441843,-14.69407,1158,3.55,2021-11-26 07:28:00,0.0546132255017015,6072.71360348444,"moving",29,-14.69295,145.44156,"run_day_11652_liz21_del_07_29.json","07",11652
145.441983,-14.694535,1158,3.55,2021-11-26 07:40:00,0.0538536960839094,5988.25778558866,"moving",29,-14.69295,145.44156,"run_day_11652_liz21_del_07_29.json","07",11652
145.44166,-14.693573,1159,3.55,2021-11-26 07:26:00,0.0549905508678595,6114.67026989552,"moving",29,-14.69295,145.44156,"run_day_11652_liz21_del_07_29.json","07",11652
145.441796,-14.694073,1159,3.55,2021-11-26 07:38:00,0.0574896013329864,6392.55200304635,"moving",29,-14.69295,145.44156,"run_day_11652_liz21_del_07_29.json","07",11652
145.441945,-14.69455,1159,3.55,2021-11-26 07:50:00,0.0554082758275106,6161.11916614152,"moving",29,-14.69295,145.44156,"run_day_11652_liz21_del_07_29.json","07",11652
145.441528,-14.693294,1160,3.55,2021-11-26 07:41:00,0.0545124366880463,6061.50639874346,"moving",29,-14.69295,145.44156,"run_day_11652_liz21_del_07_29.json","07",11652
145.441644,-14.693803,1160,3.55,2021-11-26 07:53:00,0.0579571243880806,6444.53819486219,"moving",29,-14.69295,145.44156,"run_day_11652_liz21_del_07_29.json","07",11652
145.441792,-14.694316,1160,3.55,2021-11-26 08:05:00,0.0592225106606454,6585.24272861706,"moving",29,-14.69295,145.44156,"run_day_11652_liz21_del_07_29.json","07",11652
145.44159,-14.693452,1161,3.55,2021-11-26 07:13:00,0.056221029079058,6251.49320432746,"moving",29,-14.69295,145.44156,"run_day_11652_liz21_del_07_29.json","07",11652
145.441728,-14.693967,1161,3.55,2021-11-26 07:25:00,0.0591577622374997,6578.04303245502,"moving",29,-14.69295,145.44156,"run_day_11652_liz21_del_07_29.json","07",11652
145.441883,-14.694466,1161,3.55,2021-11-26 07:37:00,0.0579367340369687,6442.27089126604,"moving",29,-14.69295,145.44156,"run_day_11652_liz21_del_07_29.json","07",11652
145.441773,-14.693199,1162,3.55,2021-11-26 07:24:00,0.0455129286208082,5060.8067593698,"moving",29,-14.69295,145.44156,"run_day_11652_liz21_del_07_29.json","07",11652
145.441841,-14.693575,1162,3.55,2021-11-26 07:36:00,0.0424442131438193,4719.581167013,"moving",29,-14.69295,145.44156,"run_day_11652_liz21_del_07_29.json","07",11652
145.441935,-14.693946,1162,3.55,2021-11-26 07:48:00,0.0424742052568243,4722.91613781851,"moving",29,-14.69295,145.44156,"run_day_11652_liz21_del_07_29.json","07",11652
145.442041,-14.694325,1162,3.55,2021-11-26 08:00:00,0.0436578589410339,4854.53242240676,"moving",29,-14.69295,145.44156,"run_day_11652_liz21_del_07_29.json","07",11652
145.441616,-14.693183,1163,3.55,2021-11-26 07:37:00,0.0509183105801443,5661.857809824,"moving",29,-14.69295,145.44156,"run_day_11652_liz21_del_07_29.json","07",11652
145.441711,-14.693669,1163,3.55,2021-11-26 07:49:00,0.0549982697463168,6115.52857001935,"moving",29,-14.69295,145.44156,"run_day_11652_liz21_del_07_29.json","07",11652
145.441834,-14.694144,1163,3.55,2021-11-26 08:01:00,0.0544492600034079,6054.48147192945,"moving",29,-14.69295,145.44156,"run_day_11652_liz21_del_07_29.json","07",11652
145.441977,-14.69459,1163,3.55,2021-11-26 08:13:00,0.0519232937147483,5773.60683575531,"moving",29,-14.69295,145.44156,"run_day_11652_liz21_del_07_29.json","07",11652
145.441706,-14.693599,1164,3.55,2021-11-26 07:25:00,0.0544044533669801,6049.49920127867,"moving",29,-14.69295,145.44156,"run_day_11652_liz21_del_07_29.json","07",11652
145.441836,-14.694075,1164,3.55,2021-11-26 07:37:00,0.0547445779096438,6087.31932485018,"moving",29,-14.69295,145.44156,"run_day_11652_liz21_del_07_29.json","07",11652
145.441978,-14.694538,1164,3.55,2021-11-26 07:49:00,0.0537009979388055,5971.27852654508,"moving",29,-14.69295,145.44156,"run_day_11652_liz21_del_07_29.json","07",11652
145.441465,-14.693405,1165,3.55,2021-11-26 07:25:00,0.057517074583767,6395.60688915159,"moving",29,-14.69295,145.44156,"run_day_11652_liz21_del_07_29.json","07",11652
145.441609,-14.693931,1165,3.55,2021-11-26 07:37:00,0.0605045375973132,6727.79761979619,"moving",29,-14.69295,145.44156,"run_day_11652_liz21_del_07_29.json","07",11652
145.441782,-14.694466,1165,3.55,2021-11-26 07:49:00,0.0623315027515151,6930.94687609983,"moving",29,-14.69295,145.44156,"run_day_11652_liz21_del_07_29.json","07",11652
145.441688,-14.693529,1166,3.55,2021-11-26 07:58:00,0.0536780649672525,5968.7284964555,"moving",29,-14.69295,145.44156,"run_day_11652_liz21_del_07_29.json","07",11652
145.441795,-14.694003,1166,3.55,2021-11-26 08:10:00,0.0539482644769061,5998.77331111083,"moving",29,-14.69295,145.44156,"run_day_11652_liz21_del_07_29.json","07",11652
145.441926,-14.694442,1166,3.55,2021-11-26 08:22:00,0.0508074186577532,5649.52719064825,"moving",29,-14.69295,145.44156,"run_day_11652_liz21_del_07_29.json","07",11652
145.441734,-14.69318,1167,3.55,2021-11-26 07:34:00,0.0476683454015984,5300.47817019822,"moving",29,-14.69295,145.44156,"run_day_11652_liz21_del_07_29.json","07",11652
145.441807,-14.693593,1167,3.55,2021-11-26 07:46:00,0.0465898981622394,5180.56030852768,"moving",29,-14.69295,145.44156,"run_day_11652_liz21_del_07_29.json","07",11652
145.441904,-14.693989,1167,3.55,2021-11-26 07:58:00,0.0452523223616145,5031.82866549565,"moving",29,-14.69295,145.44156,"run_day_11652_liz21_del_07_29.json","07",11652
145.442016,-14.694383,1167,3.55,2021-11-26 08:10:00,0.0454368210613655,5052.34398488048,"moving",29,-14.69295,145.44156,"run_day_11652_liz21_del_07_29.json","07",11652
145.441564,-14.693528,1168,3.55,2021-11-26 07:51:00,0.0565227079474233,6285.03836396555,"moving",29,-14.69295,145.44156,"run_day_11652_liz21_del_07_29.json","07",11652
145.441694,-14.694048,1168,3.55,2021-11-26 08:03:00,0.0594880029479564,6614.76412402931,"moving",29,-14.69295,145.44156,"run_day_11652_liz21_del_07_29.json","07",11652
145.441853,-14.694543,1168,3.55,2021-11-26 08:15:00,0.0576370955508754,6408.95261178501,"moving",29,-14.69295,145.44156,"run_day_11652_liz21_del_07_29.json","07",11652
145.441594,-14.693642,1169,3.55,2021-11-26 07:27:00,0.0572580082956006,6366.80003224284,"moving",29,-14.69295,145.44156,"run_day_11652_liz21_del_07_29.json","07",11652
145.441746,-14.694166,1169,3.55,2021-11-26 07:39:00,0.0605163479613914,6729.11087236351,"moving",29,-14.69295,145.44156,"run_day_11652_liz21_del_07_29.json","07",11652
145.441916,-14.694668,1169,3.55,2021-11-26 07:51:00,0.0587383368155251,6531.40505342569,"moving",29,-14.69295,145.44156,"run_day_11652_liz21_del_07_29.json","07",11652
145.44177,-14.693213,1170,3.55,2021-11-26 07:27:00,0.045750750313618,5087.25132505628,"moving",29,-14.69295,145.44156,"run_day_11652_liz21_del_07_29.json","07",11652
145.441839,-14.693594,1170,3.55,2021-11-26 07:39:00,0.0430104065478381,4782.53900103951,"moving",29,-14.69295,145.44156,"run_day_11652_liz21_del_07_29.json","07",11652
145.441934,-14.693968,1170,3.55,2021-11-26 07:51:00,0.0428238115051826,4761.79057895919,"moving",29,-14.69295,145.44156,"run_day_11652_liz21_del_07_29.json","07",11652
145.442041,-14.69435,1170,3.55,2021-11-26 08:03:00,0.044007959366636,4893.46181354981,"moving",29,-14.69295,145.44156,"run_day_11652_liz21_del_07_29.json","07",11652
145.441725,-14.693517,1171,3.55,2021-11-26 07:30:00,0.0524749815474504,5834.95172384332,"moving",29,-14.69295,145.44156,"run_day_11652_liz21_del_07_29.json","07",11652
145.441839,-14.693973,1171,3.55,2021-11-26 07:42:00,0.0521664031519451,5800.63937179102,"moving",29,-14.69295,145.44156,"run_day_11652_liz21_del_07_29.json","07",11652
145.441969,-14.694416,1171,3.55,2021-11-26 07:54:00,0.0512054263680433,5693.78362879793,"moving",29,-14.69295,145.44156,"run_day_11652_liz21_del_07_29.json","07",11652
145.44156,-14.693318,1172,3.55,2021-11-26 08:08:00,0.0538167529475366,5984.14989624967,"moving",29,-14.69295,145.44156,"run_day_11652_liz21_del_07_29.json","07",11652
145.441662,-14.693809,1172,3.55,2021-11-26 08:20:00,0.0556880831529574,6192.23232116919,"moving",29,-14.69295,145.44156,"run_day_11652_liz21_del_07_29.json","07",11652
145.441795,-14.694295,1172,3.55,2021-11-26 08:32:00,0.055902064902688,6216.02600613376,"moving",29,-14.69295,145.44156,"run_day_11652_liz21_del_07_29.json","07",11652
145.441581,-14.693375,1173,3.55,2021-11-26 07:59:00,0.0543377778823882,6042.08522566048,"moving",29,-14.69295,145.44156,"run_day_11652_liz21_del_07_29.json","07",11652
145.441688,-14.693874,1173,3.55,2021-11-26 08:11:00,0.0566672506296471,6301.11077691243,"moving",29,-14.69295,145.44156,"run_day_11652_liz21_del_07_29.json","07",11652
145.441826,-14.694356,1173,3.55,2021-11-26 08:23:00,0.0556133239025663,6183.91947180594,"moving",29,-14.69295,145.44156,"run_day_11652_liz21_del_07_29.json","07",11652
145.441633,-14.693629,1174,3.55,2021-11-26 07:45:00,0.0561451340731278,6243.05406471036,"moving",29,-14.69295,145.44156,"run_day_11652_liz21_del_07_29.json","07",11652
145.441769,-14.694141,1174,3.55,2021-11-26 07:57:00,0.058781003236035,6536.14934292448,"moving",29,-14.69295,145.44156,"run_day_11652_liz21_del_07_29.json","07",11652
145.441926,-14.694619,1174,3.55,2021-11-26 08:09:00,0.0557692122907439,6201.2534696941,"moving",29,-14.69295,145.44156,"run_day_11652_liz21_del_07_29.json","07",11652
145.441543,-14.693395,1175,3.55,2021-11-26 07:17:00,0.0561767383309048,6246.56829783553,"moving",29,-14.69295,145.44156,"run_day_11652_liz21_del_07_29.json","07",11652
145.441678,-14.693909,1175,3.55,2021-11-26 07:29:00,0.0589698500804642,6557.14815393784,"moving",29,-14.69295,145.44156,"run_day_11652_liz21_del_07_29.json","07",11652
145.441838,-14.694424,1175,3.55,2021-11-26 07:41:00,0.0597953564900665,6648.94027859818,"moving",29,-14.69295,145.44156,"run_day_11652_liz21_del_07_29.json","07",11652
145.441499,-14.693363,1176,3.55,2021-11-26 07:11:00,0.0573551324419816,6377.59974457509,"moving",29,-14.69295,145.44156,"run_day_11652_liz21_del_07_29.json","07",11652
145.441638,-14.693883,1176,3.55,2021-11-26 07:23:00,0.0597229510413603,6640.88916004063,"moving",29,-14.69295,145.44156,"run_day_11652_liz21_del_07_29.json","07",11652
145.441805,-14.694408,1176,3.55,2021-11-26 07:35:00,0.0610782648557694,6791.59318021421,"moving",29,-14.69295,145.44156,"run_day_11652_liz21_del_07_29.json","07",11652
145.441655,-14.693591,1177,3.55,2021-11-26 07:44:00,0.0551431154357566,6131.63467583139,"moving",29,-14.69295,145.44156,"run_day_11652_liz21_del_07_29.json","07",11652
145.441783,-14.694094,1177,3.55,2021-11-26 07:56:00,0.0576005656027857,6404.89066688685,"moving",29,-14.69295,145.44156,"run_day_11652_liz21_del_07_29.json","07",11652
145.441933,-14.694563,1177,3.55,2021-11-26 08:08:00,0.054589036732455,6070.02393506246,"moving",29,-14.69295,145.44156,"run_day_11652_liz21_del_07_29.json","07",11652
145.441772,-14.693208,1178,3.55,2021-11-26 07:55:00,0.0453122681930323,5038.49433782279,"moving",29,-14.69295,145.44156,"run_day_11652_liz21_del_07_29.json","07",11652
145.441835,-14.693584,1178,3.55,2021-11-26 08:07:00,0.0423548537733813,4709.64485837214,"moving",29,-14.69295,145.44156,"run_day_11652_liz21_del_07_29.json","07",11652
145.441915,-14.693942,1178,3.55,2021-11-26 08:19:00,0.0407271400995041,4528.65135580702,"moving",29,-14.69295,145.44156,"run_day_11652_liz21_del_07_29.json","07",11652
145.442014,-14.694299,1178,3.55,2021-11-26 08:31:00,0.0410999338446947,4570.10412895704,"moving",29,-14.69295,145.44156,"run_day_11652_liz21_del_07_29.json","07",11652
145.442132,-14.694671,1178,3.55,2021-11-26 08:43:00,0.0432678375117838,4811.16401819149,"moving",29,-14.69295,145.44156,"run_day_11652_liz21_del_07_29.json","07",11652
145.441688,-14.693373,1179,3.55,2021-11-26 07:57:00,0.0517605137338159,5755.50652771633,"moving",29,-14.69295,145.44156,"run_day_11652_liz21_del_07_29.json","07",11652
145.441779,-14.69384,1179,3.55,2021-11-26 08:09:00,0.052842423429326,5875.80939694461,"moving",29,-14.69295,145.44156,"run_day_11652_liz21_del_07_29.json","07",11652
145.441896,-14.69427,1179,3.55,2021-11-26 08:21:00,0.0494421486270688,5497.71608973629,"moving",29,-14.69295,145.44156,"run_day_11652_liz21_del_07_29.json","07",11652
145.442034,-14.694687,1179,3.55,2021-11-26 08:33:00,0.0486860607107929,5413.64294934915,"moving",29,-14.69295,145.44156,"run_day_11652_liz21_del_07_29.json","07",11652
145.44166,-14.693501,1180,3.55,2021-11-26 07:48:00,0.0539060771364939,5994.08229288836,"moving",29,-14.69295,145.44156,"run_day_11652_liz21_del_07_29.json","07",11652
145.441775,-14.693996,1180,3.55,2021-11-26 08:00:00,0.0564142076493696,6272.97368128256,"moving",29,-14.69295,145.44156,"run_day_11652_liz21_del_07_29.json","07",11652
145.441914,-14.694454,1180,3.55,2021-11-26 08:12:00,0.0530764283308405,5901.82955480299,"moving",29,-14.69295,145.44156,"run_day_11652_liz21_del_07_29.json","07",11652
145.441701,-14.693524,1181,3.55,2021-11-26 07:45:00,0.0533498608432809,5932.23386296603,"moving",29,-14.69295,145.44156,"run_day_11652_liz21_del_07_29.json","07",11652
145.441812,-14.693997,1181,3.55,2021-11-26 07:57:00,0.053933238674002,5997.10251805913,"moving",29,-14.69295,145.44156,"run_day_11652_liz21_del_07_29.json","07",11652
145.441945,-14.69444,1181,3.55,2021-11-26 08:09:00,0.0512944771740213,5703.68562663629,"moving",29,-14.69295,145.44156,"run_day_11652_liz21_del_07_29.json","07",11652
145.441666,-14.693334,1182,3.55,2021-11-26 07:40:00,0.0516821500953758,5746.79288868839,"moving",29,-14.69295,145.44156,"run_day_11652_liz21_del_07_29.json","07",11652
145.441764,-14.693817,1182,3.55,2021-11-26 07:52:00,0.0547317533291932,6085.89329656773,"moving",29,-14.69295,145.44156,"run_day_11652_liz21_del_07_29.json","07",11652
145.441891,-14.694269,1182,3.55,2021-11-26 08:04:00,0.0520833080034183,5791.39961284606,"moving",29,-14.69295,145.44156,"run_day_11652_liz21_del_07_29.json","07",11652
145.441734,-14.693232,1183,3.55,2021-11-26 07:37:00,0.0483252430048446,5373.52185100418,"moving",29,-14.69295,145.44156,"run_day_11652_liz21_del_07_29.json","07",11652
145.44181,-14.693651,1183,3.55,2021-11-26 07:49:00,0.0473023518528383,5259.78154439147,"moving",29,-14.69295,145.44156,"run_day_11652_liz21_del_07_29.json","07",11652
145.441912,-14.694052,1183,3.55,2021-11-26 08:01:00,0.0459190085231903,5105.96078432702,"moving",29,-14.69295,145.44156,"run_day_11652_liz21_del_07_29.json","07",11652
145.442028,-14.694451,1183,3.55,2021-11-26 08:13:00,0.0460877403640652,5124.7229089957,"moving",29,-14.69295,145.44156,"run_day_11652_liz21_del_07_29.json","07",11652
145.441715,-14.693188,1184,3.55,2021-11-26 07:17:00,0.0496436555426733,5520.1226364353,"moving",29,-14.69295,145.44156,"run_day_11652_liz21_del_07_29.json","07",11652
145.441796,-14.693617,1184,3.55,2021-11-26 07:29:00,0.0484916839557153,5392.02924032688,"moving",29,-14.69295,145.44156,"run_day_11652_liz21_del_07_29.json","07",11652
145.441908,-14.694032,1184,3.55,2021-11-26 07:41:00,0.047692373394881,5303.14996114869,"moving",29,-14.69295,145.44156,"run_day_11652_liz21_del_07_29.json","07",11652
145.44203,-14.694454,1184,3.55,2021-11-26 07:53:00,0.0487244834769283,5417.91536601106,"moving",29,-14.69295,145.44156,"run_day_11652_liz21_del_07_29.json","07",11652
145.441493,-14.693573,1185,3.55,2021-11-26 07:39:00,0.0585388729165998,6509.22567981646,"moving",29,-14.69295,145.44156,"run_day_11652_liz21_del_07_29.json","07",11652
145.441644,-14.694109,1185,3.55,2021-11-26 07:51:00,0.061773758401191,6868.92853397913,"moving",29,-14.69295,145.44156,"run_day_11652_liz21_del_07_29.json","07",11652
145.441825,-14.694637,1185,3.55,2021-11-26 08:03:00,0.0618544702196742,6877.90327871471,"moving",29,-14.69295,145.44156,"run_day_11652_liz21_del_07_29.json","07",11652
145.441772,-14.693209,1186,3.55,2021-11-26 07:51:00,0.0454396632164864,5052.66001811066,"moving",29,-14.69295,145.44156,"run_day_11652_liz21_del_07_29.json","07",11652
145.441836,-14.693588,1186,3.55,2021-11-26 08:03:00,0.0427013822392781,4748.17706571779,"moving",29,-14.69295,145.44156,"run_day_11652_liz21_del_07_29.json","07",11652
145.441918,-14.693949,1186,3.55,2021-11-26 08:15:00,0.0410988813354462,4569.98709526837,"moving",29,-14.69295,145.44156,"run_day_11652_liz21_del_07_29.json","07",11652
145.442018,-14.694309,1186,3.55,2021-11-26 08:27:00,0.0414499984365725,4609.02953557176,"moving",29,-14.69295,145.44156,"run_day_11652_liz21_del_07_29.json","07",11652
145.441501,-14.693543,1187,3.55,2021-11-26 08:04:00,0.0579319992717532,6441.74440939523,"moving",29,-14.69295,145.44156,"run_day_11652_liz21_del_07_29.json","07",11652
145.441632,-14.694062,1187,3.55,2021-11-26 08:16:00,0.0594053482742812,6605.57334365316,"moving",29,-14.69295,145.44156,"run_day_11652_liz21_del_07_29.json","07",11652
145.441798,-14.694568,1187,3.55,2021-11-26 08:28:00,0.0590296285401437,6563.79521537683,"moving",29,-14.69295,145.44156,"run_day_11652_liz21_del_07_29.json","07",11652
145.441461,-14.693549,1188,3.55,2021-11-26 08:03:00,0.0590813434617844,6569.5456522951,"moving",29,-14.69295,145.44156,"run_day_11652_liz21_del_07_29.json","07",11652
145.441599,-14.694074,1188,3.55,2021-11-26 08:15:00,0.0602347862032596,6697.80263332213,"moving",29,-14.69295,145.44156,"run_day_11652_liz21_del_07_29.json","07",11652
145.441772,-14.69459,1188,3.55,2021-11-26 08:27:00,0.060318428954618,6707.10328292377,"moving",29,-14.69295,145.44156,"run_day_11652_liz21_del_07_29.json","07",11652
145.441526,-14.693508,1189,3.55,2021-11-26 07:53:00,0.057184316358212,6358.60586267062,"moving",29,-14.69295,145.44156,"run_day_11652_liz21_del_07_29.json","07",11652
145.441657,-14.694029,1189,3.55,2021-11-26 08:05:00,0.0596214158977555,6629.59896719565,"moving",29,-14.69295,145.44156,"run_day_11652_liz21_del_07_29.json","07",11652
145.44182,-14.694534,1189,3.55,2021-11-26 08:17:00,0.0588266816739573,6541.22855347849,"moving",29,-14.69295,145.44156,"run_day_11652_liz21_del_07_29.json","07",11652
145.441658,-14.693289,1190,3.55,2021-11-26 08:09:00,0.0509250670208813,5662.60909175613,"moving",29,-14.69295,145.44156,"run_day_11652_liz21_del_07_29.json","07",11652
145.441743,-14.693757,1190,3.55,2021-11-26 08:21:00,0.0528362162077099,5875.11918539235,"moving",29,-14.69295,145.44156,"run_day_11652_liz21_del_07_29.json","07",11652
145.441855,-14.694195,1190,3.55,2021-11-26 08:33:00,0.0501710844039078,5578.7700499705,"moving",29,-14.69295,145.44156,"run_day_11652_liz21_del_07_29.json","07",11652
145.441991,-14.694616,1190,3.55,2021-11-26 08:45:00,0.0490452664860478,5453.58480917892,"moving",29,-14.69295,145.44156,"run_day_11652_liz21_del_07_29.json","07",11652
145.441577,-14.693207,1191,3.55,2021-11-26 07:44:00,0.0522499239523082,5809.92646106068,"moving",29,-14.69295,145.44156,"run_day_11652_liz21_del_07_29.json","07",11652
145.441678,-14.693701,1191,3.55,2021-11-26 07:56:00,0.0559942032248376,6226.27132010633,"moving",29,-14.69295,145.44156,"run_day_11652_liz21_del_07_29.json","07",11652
145.441807,-14.694193,1191,3.55,2021-11-26 08:08:00,0.0564399748441527,6275.8388626163,"moving",29,-14.69295,145.44156,"run_day_11652_liz21_del_07_29.json","07",11652
145.441957,-14.694648,1191,3.55,2021-11-26 08:20:00,0.0531038414407615,5904.87775354976,"moving",29,-14.69295,145.44156,"run_day_11652_liz21_del_07_29.json","07",11652
145.441653,-14.693556,1192,3.55,2021-11-26 07:50:00,0.054861648170869,6100.33694395936,"moving",29,-14.69295,145.44156,"run_day_11652_liz21_del_07_29.json","07",11652
145.441773,-14.694055,1192,3.55,2021-11-26 08:02:00,0.0569676801206108,6334.51701212201,"moving",29,-14.69295,145.44156,"run_day_11652_liz21_del_07_29.json","07",11652
145.441918,-14.694517,1192,3.55,2021-11-26 08:14:00,0.053687251006328,5969.74993739665,"moving",29,-14.69295,145.44156,"run_day_11652_liz21_del_07_29.json","07",11652
145.441776,-14.693246,1193,3.55,2021-11-26 07:33:00,0.0453847193336323,5046.55053708713,"moving",29,-14.69295,145.44156,"run_day_11652_liz21_del_07_29.json","07",11652
145.441845,-14.693626,1193,3.55,2021-11-26 07:45:00,0.0429008836018545,4770.36060509496,"moving",29,-14.69295,145.44156,"run_day_11652_liz21_del_07_29.json","07",11652
145.441939,-14.693998,1193,3.55,2021-11-26 07:57:00,0.0425822116335632,4734.92589895714,"moving",29,-14.69295,145.44156,"run_day_11652_liz21_del_07_29.json","07",11652
145.442045,-14.694377,1193,3.55,2021-11-26 08:09:00,0.0436578582332191,4854.53234370134,"moving",29,-14.69295,145.44156,"run_day_11652_liz21_del_07_29.json","07",11652
145.441772,-14.693374,1194,3.55,2021-11-26 08:06:00,0.0468658269720202,5211.24219229037,"moving",29,-14.69295,145.44156,"run_day_11652_liz21_del_07_29.json","07",11652
145.441844,-14.693761,1194,3.55,2021-11-26 08:18:00,0.0437237160658696,4861.85540057189,"moving",29,-14.69295,145.44156,"run_day_11652_liz21_del_07_29.json","07",11652
145.441937,-14.694132,1194,3.55,2021-11-26 08:30:00,0.0424487288022624,4720.08328532233,"moving",29,-14.69295,145.44156,"run_day_11652_liz21_del_07_29.json","07",11652
145.442051,-14.694511,1194,3.55,2021-11-26 08:42:00,0.0438904249572648,4880.39258352157,"moving",29,-14.69295,145.44156,"run_day_11652_liz21_del_07_29.json","07",11652
145.441565,-14.693332,1195,3.55,2021-11-26 08:08:00,0.0537940689130547,5981.62754669945,"moving",29,-14.69295,145.44156,"run_day_11652_liz21_del_07_29.json","07",11652
145.441668,-14.693824,1195,3.55,2021-11-26 08:20:00,0.0558183510583404,6206.71745135239,"moving",29,-14.69295,145.44156,"run_day_11652_liz21_del_07_29.json","07",11652
145.441801,-14.694308,1195,3.55,2021-11-26 08:32:00,0.0556871086467571,6192.12396102373,"moving",29,-14.69295,145.44156,"run_day_11652_liz21_del_07_29.json","07",11652
145.441723,-14.693593,1196,3.55,2021-11-26 07:13:00,0.0551275781427118,6129.90700767102,"moving",29,-14.69295,145.44156,"run_day_11652_liz21_del_07_29.json","07",11652
145.441854,-14.694059,1196,3.55,2021-11-26 07:25:00,0.0536983842212249,5970.98789441043,"moving",29,-14.69295,145.44156,"run_day_11652_liz21_del_07_29.json","07",11652
145.441992,-14.694519,1196,3.55,2021-11-26 07:37:00,0.0532597732689304,5922.21658174455,"moving",29,-14.69295,145.44156,"run_day_11652_liz21_del_07_29.json","07",11652
145.441697,-14.693295,1197,3.55,2021-11-26 07:23:00,0.0509654879670027,5667.10369589501,"moving",29,-14.69295,145.44156,"run_day_11652_liz21_del_07_29.json","07",11652
145.441791,-14.693752,1197,3.55,2021-11-26 07:35:00,0.0518121244718339,5761.24537994432,"moving",29,-14.69295,145.44156,"run_day_11652_liz21_del_07_29.json","07",11652
145.441915,-14.694189,1197,3.55,2021-11-26 07:47:00,0.0503893015717856,5603.03469194525,"moving",29,-14.69295,145.44156,"run_day_11652_liz21_del_07_29.json","07",11652
145.442052,-14.694627,1197,3.55,2021-11-26 07:59:00,0.0508837151393882,5658.0109723269,"moving",29,-14.69295,145.44156,"run_day_11652_liz21_del_07_29.json","07",11652
145.441683,-14.693414,1198,3.55,2021-11-26 07:16:00,0.0532718973859954,5923.56472205222,"moving",29,-14.69295,145.44156,"run_day_11652_liz21_del_07_29.json","07",11652
145.441798,-14.693892,1198,3.55,2021-11-26 07:28:00,0.0545714657894789,6068.07013534715,"moving",29,-14.69295,145.44156,"run_day_11652_liz21_del_07_29.json","07",11652
145.441933,-14.694351,1198,3.55,2021-11-26 07:40:00,0.0530637934109917,5900.42461581724,"moving",29,-14.69295,145.44156,"run_day_11652_liz21_del_07_29.json","07",11652
145.441582,-14.693277,1199,3.55,2021-11-26 07:28:00,0.052933639644561,5885.95217730646,"moving",29,-14.69295,145.44156,"run_day_11652_liz21_del_07_29.json","07",11652
145.441693,-14.693776,1199,3.55,2021-11-26 07:40:00,0.0567561928310255,6311.00069847031,"moving",29,-14.69295,145.44156,"run_day_11652_liz21_del_07_29.json","07",11652
145.441836,-14.694273,1199,3.55,2021-11-26 07:52:00,0.0573643270249532,6378.62213555415,"moving",29,-14.69295,145.44156,"run_day_11652_liz21_del_07_29.json","07",11652
145.441733,-14.693219,1200,3.55,2021-11-26 08:07:00,0.047923428180335,5328.84208106813,"moving",29,-14.69295,145.44156,"run_day_11652_liz21_del_07_29.json","07",11652
145.441801,-14.693626,1200,3.55,2021-11-26 08:19:00,0.0458435398960924,5097.56905587289,"moving",29,-14.69295,145.44156,"run_day_11652_liz21_del_07_29.json","07",11652
145.441889,-14.694011,1200,3.55,2021-11-26 08:31:00,0.0438439142215892,4875.22082567994,"moving",29,-14.69295,145.44156,"run_day_11652_liz21_del_07_29.json","07",11652
145.441998,-14.694391,1200,3.55,2021-11-26 08:43:00,0.0438503697309635,4875.93864557126,"moving",29,-14.69295,145.44156,"run_day_11652_liz21_del_07_29.json","07",11652
145.441724,-14.693275,1201,3.55,2021-11-26 07:43:00,0.0495859443747852,5513.70544735541,"moving",29,-14.69295,145.44156,"run_day_11652_liz21_del_07_29.json","07",11652
145.441803,-14.693709,1201,3.55,2021-11-26 07:55:00,0.0490009523556527,5448.65730270032,"moving",29,-14.69295,145.44156,"run_day_11652_liz21_del_07_29.json","07",11652
145.441909,-14.694119,1201,3.55,2021-11-26 08:07:00,0.0469939103619325,5225.48441543605,"moving",29,-14.69295,145.44156,"run_day_11652_liz21_del_07_29.json","07",11652
145.442031,-14.694523,1201,3.55,2021-11-26 08:19:00,0.046800027570681,5203.9256326852,"moving",29,-14.69295,145.44156,"run_day_11652_liz21_del_07_29.json","07",11652
145.441566,-14.693397,1202,3.55,2021-11-26 07:16:00,0.0558604799170469,6211.40196670587,"moving",29,-14.69295,145.44156,"run_day_11652_liz21_del_07_29.json","07",11652
145.441698,-14.693909,1202,3.55,2021-11-26 07:28:00,0.0586754210385767,6524.40913822313,"moving",29,-14.69295,145.44156,"run_day_11652_liz21_del_07_29.json","07",11652
145.441855,-14.694416,1202,3.55,2021-11-26 07:40:00,0.0588505919369003,6543.88725341249,"moving",29,-14.69295,145.44156,"run_day_11652_liz21_del_07_29.json","07",11652
145.441599,-14.693583,1203,3.55,2021-11-26 07:35:00,0.0561972554645113,6248.84969900186,"moving",29,-14.69295,145.44156,"run_day_11652_liz21_del_07_29.json","07",11652
145.44174,-14.694103,1203,3.55,2021-11-26 07:47:00,0.0597771607888702,6646.91700893841,"moving",29,-14.69295,145.44156,"run_day_11652_liz21_del_07_29.json","07",11652
145.441903,-14.694599,1203,3.55,2021-11-26 07:59:00,0.0578721711783976,6435.09182894327,"moving",29,-14.69295,145.44156,"run_day_11652_liz21_del_07_29.json","07",11652
145.441616,-14.693385,1204,3.55,2021-11-26 07:39:00,0.0535540855098432,5954.94260978344,"moving",29,-14.69295,145.44156,"run_day_11652_liz21_del_07_29.json","07",11652
145.441728,-14.693889,1204,3.55,2021-11-26 07:51:00,0.0573223529550844,6373.95483193411,"moving",29,-14.69295,145.44156,"run_day_11652_liz21_del_07_29.json","07",11652
145.44187,-14.694369,1204,3.55,2021-11-26 08:03:00,0.0555158521468811,6173.08110708261,"moving",29,-14.69295,145.44156,"run_day_11652_liz21_del_07_29.json","07",11652
145.441682,-14.693419,1205,3.55,2021-11-26 07:34:00,0.0523575263790493,5821.89130500893,"moving",29,-14.69295,145.44156,"run_day_11652_liz21_del_07_29.json","07",11652
145.44179,-14.693898,1205,3.55,2021-11-26 07:46:00,0.0545143890108063,6061.72348712955,"moving",29,-14.69295,145.44156,"run_day_11652_liz21_del_07_29.json","07",11652
145.441922,-14.694351,1205,3.55,2021-11-26 07:58:00,0.0523339476511997,5819.26947009533,"moving",29,-14.69295,145.44156,"run_day_11652_liz21_del_07_29.json","07",11652
145.441727,-14.693444,1206,3.55,2021-11-26 08:02:00,0.051302269434761,5704.55208649764,"moving",29,-14.69295,145.44156,"run_day_11652_liz21_del_07_29.json","07",11652
145.441815,-14.69388,1206,3.55,2021-11-26 08:14:00,0.0493963059174364,5492.61861300153,"moving",29,-14.69295,145.44156,"run_day_11652_liz21_del_07_29.json","07",11652
145.441927,-14.694289,1206,3.55,2021-11-26 08:26:00,0.0470471356997646,5231.40280297193,"moving",29,-14.69295,145.44156,"run_day_11652_liz21_del_07_29.json","07",11652
145.441725,-14.693156,1207,3.55,2021-11-26 08:07:00,0.0475766398810523,5290.2809815682,"moving",29,-14.69295,145.44156,"run_day_11652_liz21_del_07_29.json","07",11652
145.441792,-14.693564,1207,3.55,2021-11-26 08:19:00,0.0459363178936415,5107.88549850459,"moving",29,-14.69295,145.44156,"run_day_11652_liz21_del_07_29.json","07",11652
145.441875,-14.693948,1207,3.55,2021-11-26 08:31:00,0.0436221204049202,4850.55847850522,"moving",29,-14.69295,145.44156,"run_day_11652_liz21_del_07_29.json","07",11652
145.441981,-14.694326,1207,3.55,2021-11-26 08:43:00,0.0435505322765618,4842.59824182377,"moving",29,-14.69295,145.44156,"run_day_11652_liz21_del_07_29.json","07",11652
145.441728,-14.693484,1208,3.55,2021-11-26 07:43:00,0.0519414878799533,5775.62993462065,"moving",29,-14.69295,145.44156,"run_day_11652_liz21_del_07_29.json","07",11652
145.44183,-14.693933,1208,3.55,2021-11-26 07:55:00,0.0511177016220903,5684.02908210677,"moving",29,-14.69295,145.44156,"run_day_11652_liz21_del_07_29.json","07",11652
145.441954,-14.694361,1208,3.55,2021-11-26 08:07:00,0.0494249457141154,5495.80321309236,"moving",29,-14.69295,145.44156,"run_day_11652_liz21_del_07_29.json","07",11652
145.441565,-14.693634,1209,3.55,2021-11-26 07:17:00,0.0586237449408117,6518.66301832287,"moving",29,-14.69295,145.44156,"run_day_11652_liz21_del_07_29.json","07",11652
145.441724,-14.694163,1209,3.55,2021-11-26 07:29:00,0.0612577482686606,6811.55082514457,"moving",29,-14.69295,145.44156,"run_day_11652_liz21_del_07_29.json","07",11652
145.441898,-14.694674,1209,3.55,2021-11-26 07:41:00,0.0598233750719025,6652.05580275012,"moving",29,-14.69295,145.44156,"run_day_11652_liz21_del_07_29.json","07",11652
145.441733,-14.693217,1210,3.55,2021-11-26 07:28:00,0.0482536361247443,5365.55952922417,"moving",29,-14.69295,145.44156,"run_day_11652_liz21_del_07_29.json","07",11652
145.44181,-14.693634,1210,3.55,2021-11-26 07:40:00,0.0471021167535552,5237.51641721501,"moving",29,-14.69295,145.44156,"run_day_11652_liz21_del_07_29.json","07",11652
145.441916,-14.694037,1210,3.55,2021-11-26 07:52:00,0.0462391869142124,5141.56299702988,"moving",29,-14.69295,145.44156,"run_day_11652_liz21_del_07_29.json","07",11652
145.442033,-14.694444,1210,3.55,2021-11-26 08:04:00,0.0469734012735833,5223.20390886151,"moving",29,-14.69295,145.44156,"run_day_11652_liz21_del_07_29.json","07",11652
145.441551,-14.693483,1211,3.55,2021-11-26 07:30:00,0.0561515041639152,6243.76238648818,"moving",29,-14.69295,145.44156,"run_day_11652_liz21_del_07_29.json","07",11652
145.441689,-14.694004,1211,3.55,2021-11-26 07:42:00,0.0598038236727201,6649.88178635224,"moving",29,-14.69295,145.44156,"run_day_11652_liz21_del_07_29.json","07",11652
145.441854,-14.694516,1211,3.55,2021-11-26 07:54:00,0.0596337921650015,6630.9751453242,"moving",29,-14.69295,145.44156,"run_day_11652_liz21_del_07_29.json","07",11652
145.441557,-14.693463,1212,3.55,2021-11-26 07:31:00,0.0557770395440433,6202.12382055055,"moving",29,-14.69295,145.44156,"run_day_11652_liz21_del_07_29.json","07",11652
145.441691,-14.693981,1212,3.55,2021-11-26 07:43:00,0.059374834356856,6602.18035084343,"moving",29,-14.69295,145.44156,"run_day_11652_liz21_del_07_29.json","07",11652
145.441853,-14.694491,1212,3.55,2021-11-26 07:55:00,0.0593259441078077,6596.74400318687,"moving",29,-14.69295,145.44156,"run_day_11652_liz21_del_07_29.json","07",11652
145.4415,-14.693504,1213,3.55,2021-11-26 07:12:00,0.0588620917999143,6545.16597983676,"moving",29,-14.69295,145.44156,"run_day_11652_liz21_del_07_29.json","07",11652
145.441655,-14.694034,1213,3.55,2021-11-26 07:24:00,0.0612460241058089,6810.2471577163,"moving",29,-14.69295,145.44156,"run_day_11652_liz21_del_07_29.json","07",11652
145.441831,-14.694561,1213,3.55,2021-11-26 07:36:00,0.0615815004642047,6847.5504267791,"moving",29,-14.69295,145.44156,"run_day_11652_liz21_del_07_29.json","07",11652
145.441602,-14.693441,1214,3.55,2021-11-26 07:45:00,0.0545776976336921,6068.76308480729,"moving",29,-14.69295,145.44156,"run_day_11652_liz21_del_07_29.json","07",11652
145.44172,-14.693951,1214,3.55,2021-11-26 07:57:00,0.0581123178913421,6461.79492507307,"moving",29,-14.69295,145.44156,"run_day_11652_liz21_del_07_29.json","07",11652
145.441867,-14.694435,1214,3.55,2021-11-26 08:09:00,0.0560928099973119,6237.23589293827,"moving",29,-14.69295,145.44156,"run_day_11652_liz21_del_07_29.json","07",11652
145.441737,-14.693318,1215,3.55,2021-11-26 07:18:00,0.0502998285291059,5593.08574352781,"moving",29,-14.69295,145.44156,"run_day_11652_liz21_del_07_29.json","07",11652
145.441826,-14.693742,1215,3.55,2021-11-26 07:30:00,0.0481086596251627,5349.43887798801,"moving",29,-14.69295,145.44156,"run_day_11652_liz21_del_07_29.json","07",11652
145.441945,-14.694159,1215,3.55,2021-11-26 07:42:00,0.0481024244548474,5348.74555868218,"moving",29,-14.69295,145.44156,"run_day_11652_liz21_del_07_29.json","07",11652
145.442072,-14.694586,1215,3.55,2021-11-26 07:54:00,0.0494061196603762,5493.70985142782,"moving",29,-14.69295,145.44156,"run_day_11652_liz21_del_07_29.json","07",11652
145.441629,-14.693188,1216,3.55,2021-11-26 07:34:00,0.0505476174418402,5620.63861350264,"moving",29,-14.69295,145.44156,"run_day_11652_liz21_del_07_29.json","07",11652
145.441723,-14.693671,1216,3.55,2021-11-26 07:46:00,0.0546505270650549,6076.86134808526,"moving",29,-14.69295,145.44156,"run_day_11652_liz21_del_07_29.json","07",11652
145.441846,-14.694139,1216,3.55,2021-11-26 07:58:00,0.053694553687626,5970.5619585079,"moving",29,-14.69295,145.44156,"run_day_11652_liz21_del_07_29.json","07",11652
145.441987,-14.694584,1216,3.55,2021-11-26 08:10:00,0.0517536549458178,5754.74386528801,"moving",29,-14.69295,145.44156,"run_day_11652_liz21_del_07_29.json","07",11652
145.441556,-14.693408,1217,3.55,2021-11-26 07:18:00,0.0560183087440509,6228.95173154698,"moving",29,-14.69295,145.44156,"run_day_11652_liz21_del_07_29.json","07",11652
145.44169,-14.693921,1217,3.55,2021-11-26 07:30:00,0.058835644275763,6542.22514932882,"moving",29,-14.69295,145.44156,"run_day_11652_liz21_del_07_29.json","07",11652
145.441849,-14.694432,1217,3.55,2021-11-26 07:42:00,0.059338445071175,6598.13404689148,"moving",29,-14.69295,145.44156,"run_day_11652_liz21_del_07_29.json","07",11652
145.441757,-14.693528,1218,3.55,2021-11-26 07:55:00,0.0507010332117087,5637.69766877928,"moving",29,-14.69295,145.44156,"run_day_11652_liz21_del_07_29.json","07",11652
145.441852,-14.693951,1218,3.55,2021-11-26 08:07:00,0.0481325496597748,5352.09532863424,"moving",29,-14.69295,145.44156,"run_day_11652_liz21_del_07_29.json","07",11652
145.441967,-14.694356,1218,3.55,2021-11-26 08:19:00,0.0467017452444638,5192.99713663102,"moving",29,-14.69295,145.44156,"run_day_11652_liz21_del_07_29.json","07",11652
145.441746,-14.693528,1219,3.55,2021-11-26 07:57:00,0.0515216003137469,5728.94056749736,"moving",29,-14.69295,145.44156,"run_day_11652_liz21_del_07_29.json","07",11652
145.441842,-14.693959,1219,3.55,2021-11-26 08:09:00,0.0490247381529131,5451.30216268188,"moving",29,-14.69295,145.44156,"run_day_11652_liz21_del_07_29.json","07",11652
145.441959,-14.694369,1219,3.55,2021-11-26 08:21:00,0.0472948777990762,5258.95046753165,"moving",29,-14.69295,145.44156,"run_day_11652_liz21_del_07_29.json","07",11652
145.441663,-14.693444,1220,3.55,2021-11-26 07:41:00,0.0531628153188884,5911.43534960201,"moving",29,-14.69295,145.44156,"run_day_11652_liz21_del_07_29.json","07",11652
145.441774,-14.693935,1220,3.55,2021-11-26 07:53:00,0.0558868487511074,6214.33404727494,"moving",29,-14.69295,145.44156,"run_day_11652_liz21_del_07_29.json","07",11652
145.44191,-14.694395,1220,3.55,2021-11-26 08:05:00,0.0532002257688839,5915.59520184501,"moving",29,-14.69295,145.44156,"run_day_11652_liz21_del_07_29.json","07",11652
145.441758,-14.693458,1221,3.55,2021-11-26 07:41:00,0.0497494582832933,5531.88736441733,"moving",29,-14.69295,145.44156,"run_day_11652_liz21_del_07_29.json","07",11652
145.441851,-14.69388,1221,3.55,2021-11-26 07:53:00,0.047978585740983,5334.97532197828,"moving",29,-14.69295,145.44156,"run_day_11652_liz21_del_07_29.json","07",11652
145.441966,-14.694288,1221,3.55,2021-11-26 08:05:00,0.0470235011719961,5228.77476339043,"moving",29,-14.69295,145.44156,"run_day_11652_liz21_del_07_29.json","07",11652
145.441674,-14.693556,1222,3.55,2021-11-26 07:50:00,0.0544319926349554,6052.56142816103,"moving",29,-14.69295,145.44156,"run_day_11652_liz21_del_07_29.json","07",11652
145.441791,-14.694045,1222,3.55,2021-11-26 08:02:00,0.0558115738446934,6205.96385957805,"moving",29,-14.69295,145.44156,"run_day_11652_liz21_del_07_29.json","07",11652
145.441931,-14.694498,1222,3.55,2021-11-26 08:14:00,0.0525739040639124,5845.95140580481,"moving",29,-14.69295,145.44156,"run_day_11652_liz21_del_07_29.json","07",11652
145.441643,-14.693337,1223,3.55,2021-11-26 07:35:00,0.052246289904122,5809.5223733392,"moving",29,-14.69295,145.44156,"run_day_11652_liz21_del_07_29.json","07",11652
145.441747,-14.693829,1223,3.55,2021-11-26 07:47:00,0.0558397981189899,6209.10225568805,"moving",29,-14.69295,145.44156,"run_day_11652_liz21_del_07_29.json","07",11652
145.441881,-14.694296,1223,3.55,2021-11-26 07:59:00,0.0538910856136325,5992.4153116035,"moving",29,-14.69295,145.44156,"run_day_11652_liz21_del_07_29.json","07",11652
145.441623,-14.693261,1224,3.55,2021-11-26 08:07:00,0.0515940325639875,5736.99466624956,"moving",29,-14.69295,145.44156,"run_day_11652_liz21_del_07_29.json","07",11652
145.441712,-14.693738,1224,3.55,2021-11-26 08:19:00,0.0538969028207108,5993.06215551785,"moving",29,-14.69295,145.44156,"run_day_11652_liz21_del_07_29.json","07",11652
145.441828,-14.694195,1224,3.55,2021-11-26 08:31:00,0.0523253625484135,5818.31485022078,"moving",29,-14.69295,145.44156,"run_day_11652_liz21_del_07_29.json","07",11652
145.441969,-14.694627,1224,3.55,2021-11-26 08:43:00,0.0503733578213877,5601.26182778931,"moving",29,-14.69295,145.44156,"run_day_11652_liz21_del_07_29.json","07",11652
145.441628,-14.693474,1225,3.55,2021-11-26 07:50:00,0.0543589358104627,6044.43787992068,"moving",29,-14.69295,145.44156,"run_day_11652_liz21_del_07_29.json","07",11652
145.441743,-14.693978,1225,3.55,2021-11-26 08:02:00,0.0573910305082349,6381.59142741882,"moving",29,-14.69295,145.44156,"run_day_11652_liz21_del_07_29.json","07",11652
145.441885,-14.694447,1225,3.55,2021-11-26 08:14:00,0.0543409478335199,6042.43770814404,"moving",29,-14.69295,145.44156,"run_day_11652_liz21_del_07_29.json","07",11652
145.441486,-14.693394,1226,3.55,2021-11-26 07:25:00,0.0568700893670265,6323.66541543601,"moving",29,-14.69295,145.44156,"run_day_11652_liz21_del_07_29.json","07",11652
145.441626,-14.693916,1226,3.55,2021-11-26 07:37:00,0.059965204398041,6667.82650426614,"moving",29,-14.69295,145.44156,"run_day_11652_liz21_del_07_29.json","07",11652
145.441795,-14.694446,1226,3.55,2021-11-26 07:49:00,0.0616729298678803,6857.71691261396,"moving",29,-14.69295,145.44156,"run_day_11652_liz21_del_07_29.json","07",11652
145.441708,-14.693534,1227,3.55,2021-11-26 07:51:00,0.0533116817413391,5927.98854052626,"moving",29,-14.69295,145.44156,"run_day_11652_liz21_del_07_29.json","07",11652
145.441816,-14.694001,1227,3.55,2021-11-26 08:03:00,0.0532114537291616,5916.84369406446,"moving",29,-14.69295,145.44156,"run_day_11652_liz21_del_07_29.json","07",11652
145.441946,-14.694436,1227,3.55,2021-11-26 08:15:00,0.0503502603876808,5598.6935103426,"moving",29,-14.69295,145.44156,"run_day_11652_liz21_del_07_29.json","07",11652
145.441663,-14.693422,1228,3.55,2021-11-26 08:05:00,0.0526040021239017,5849.29815737746,"moving",29,-14.69295,145.44156,"run_day_11652_liz21_del_07_29.json","07",11652
145.44176,-14.693898,1228,3.55,2021-11-26 08:17:00,0.0539472630876043,5998.66196170087,"moving",29,-14.69295,145.44156,"run_day_11652_liz21_del_07_29.json","07",11652
145.441884,-14.69434,1228,3.55,2021-11-26 08:29:00,0.0509256577872485,5662.674781979,"moving",29,-14.69295,145.44156,"run_day_11652_liz21_del_07_29.json","07",11652
145.441726,-14.693268,1229,3.55,2021-11-26 07:13:00,0.0506473288438223,5631.72601553166,"moving",29,-14.69295,145.44156,"run_day_11652_liz21_del_07_29.json","07",11652
145.441813,-14.693697,1229,3.55,2021-11-26 07:25:00,0.0486117756678013,5405.38282944291,"moving",29,-14.69295,145.44156,"run_day_11652_liz21_del_07_29.json","07",11652
145.441932,-14.694115,1229,3.55,2021-11-26 07:37:00,0.0482096204656049,5360.66521123496,"moving",29,-14.69295,145.44156,"run_day_11652_liz21_del_07_29.json","07",11652
145.442058,-14.694546,1229,3.55,2021-11-26 07:49:00,0.0498043387595094,5537.9897949444,"moving",29,-14.69295,145.44156,"run_day_11652_liz21_del_07_29.json","07",11652
145.44162,-14.693611,1230,3.55,2021-11-26 07:59:00,0.056057699984013,6233.33183758501,"moving",29,-14.69295,145.44156,"run_day_11652_liz21_del_07_29.json","07",11652
145.441746,-14.694117,1230,3.55,2021-11-26 08:11:00,0.0578737846444839,6435.27123818638,"moving",29,-14.69295,145.44156,"run_day_11652_liz21_del_07_29.json","07",11652
145.441899,-14.694587,1230,3.55,2021-11-26 08:23:00,0.054791321784809,6092.51700662025,"moving",29,-14.69295,145.44156,"run_day_11652_liz21_del_07_29.json","07",11652
145.441572,-14.693384,1231,3.55,2021-11-26 07:33:00,0.054438850118281,6053.32394551638,"moving",29,-14.69295,145.44156,"run_day_11652_liz21_del_07_29.json","07",11652
145.441695,-14.693894,1231,3.55,2021-11-26 07:45:00,0.0582321388044101,6475.11840271215,"moving",29,-14.69295,145.44156,"run_day_11652_liz21_del_07_29.json","07",11652
145.441847,-14.694396,1231,3.55,2021-11-26 07:57:00,0.0581647705832245,6467.62739829924,"moving",29,-14.69295,145.44156,"run_day_11652_liz21_del_07_29.json","07",11652
145.441481,-14.693565,1232,3.55,2021-11-26 07:15:00,0.0598045488872399,6649.96242652757,"moving",29,-14.69295,145.44156,"run_day_11652_liz21_del_07_29.json","07",11652
145.441644,-14.694101,1232,3.55,2021-11-26 07:27:00,0.0621255860478729,6908.04998334345,"moving",29,-14.69295,145.44156,"run_day_11652_liz21_del_07_29.json","07",11652
145.441827,-14.694634,1232,3.55,2021-11-26 07:39:00,0.0624499016471581,6944.11223261565,"moving",29,-14.69295,145.44156,"run_day_11652_liz21_del_07_29.json","07",11652
145.441589,-14.693268,1233,3.55,2021-11-26 07:20:00,0.0533435168587715,5931.52844407387,"moving",29,-14.69295,145.44156,"run_day_11652_liz21_del_07_29.json","07",11652
145.441701,-14.693763,1233,3.55,2021-11-26 07:32:00,0.0563443411807871,6265.20488443361,"moving",29,-14.69295,145.44156,"run_day_11652_liz21_del_07_29.json","07",11652
145.441845,-14.694256,1233,3.55,2021-11-26 07:44:00,0.0569651087075098,6334.23108403087,"moving",29,-14.69295,145.44156,"run_day_11652_liz21_del_07_29.json","07",11652
145.44154,-14.693322,1234,3.55,2021-11-26 07:32:00,0.0544544123919047,6055.0543913904,"moving",29,-14.69295,145.44156,"run_day_11652_liz21_del_07_29.json","07",11652
145.44166,-14.693832,1234,3.55,2021-11-26 07:44:00,0.0581596803845397,6467.06139402987,"moving",29,-14.69295,145.44156,"run_day_11652_liz21_del_07_29.json","07",11652
145.441813,-14.694345,1234,3.55,2021-11-26 07:56:00,0.0593693244678088,6601.56767913501,"moving",29,-14.69295,145.44156,"run_day_11652_liz21_del_07_29.json","07",11652
145.441766,-14.693315,1235,3.55,2021-11-26 07:56:00,0.0472476604014176,5253.70013246266,"moving",29,-14.69295,145.44156,"run_day_11652_liz21_del_07_29.json","07",11652
145.441836,-14.69371,1235,3.55,2021-11-26 08:08:00,0.0445626409139017,4955.13958750911,"moving",29,-14.69295,145.44156,"run_day_11652_liz21_del_07_29.json","07",11652
145.441929,-14.694084,1235,3.55,2021-11-26 08:20:00,0.0427729921673955,4756.13972642183,"moving",29,-14.69295,145.44156,"run_day_11652_liz21_del_07_29.json","07",11652
145.44204,-14.694463,1235,3.55,2021-11-26 08:32:00,0.043801376327576,4870.49082767553,"moving",29,-14.69295,145.44156,"run_day_11652_liz21_del_07_29.json","07",11652
145.441641,-14.693453,1236,3.55,2021-11-26 07:29:00,0.0537715893247101,5979.12793052248,"moving",29,-14.69295,145.44156,"run_day_11652_liz21_del_07_29.json","07",11652
145.441763,-14.693953,1236,3.55,2021-11-26 07:41:00,0.0571250206332436,6352.01247888242,"moving",29,-14.69295,145.44156,"run_day_11652_liz21_del_07_29.json","07",11652
145.441908,-14.69443,1236,3.55,2021-11-26 07:53:00,0.0552853729442703,6147.4529890552,"moving",29,-14.69295,145.44156,"run_day_11652_liz21_del_07_29.json","07",11652
145.441596,-14.693247,1237,3.55,2021-11-26 07:18:00,0.0529944587769567,5892.71495627179,"moving",29,-14.69295,145.44156,"run_day_11652_liz21_del_07_29.json","07",11652
145.441705,-14.69374,1237,3.55,2021-11-26 07:30:00,0.056058744203869,6233.4479495353,"moving",29,-14.69295,145.44156,"run_day_11652_liz21_del_07_29.json","07",11652
145.441847,-14.694229,1237,3.55,2021-11-26 07:42:00,0.0564786624362378,6280.14072658026,"moving",29,-14.69295,145.44156,"run_day_11652_liz21_del_07_29.json","07",11652
145.442004,-14.694698,1237,3.55,2021-11-26 07:54:00,0.054816273066201,6095.29146252432,"moving",29,-14.69295,145.44156,"run_day_11652_liz21_del_07_29.json","07",11652
145.44176,-14.69347,1238,3.55,2021-11-26 07:54:00,0.0496960611053259,5525.94986913022,"moving",29,-14.69295,145.44156,"run_day_11652_liz21_del_07_29.json","07",11652
145.441848,-14.693887,1238,3.55,2021-11-26 08:06:00,0.0473244822988057,5262.24233770741,"moving",29,-14.69295,145.44156,"run_day_11652_liz21_del_07_29.json","07",11652
145.441958,-14.694284,1238,3.55,2021-11-26 08:18:00,0.0457023940630765,5081.87435532451,"moving",29,-14.69295,145.44156,"run_day_11652_liz21_del_07_29.json","07",11652
145.442087,-14.694683,1238,3.55,2021-11-26 08:30:00,0.0464857596854413,5168.98063823923,"moving",29,-14.69295,145.44156,"run_day_11652_liz21_del_07_29.json","07",11652
145.441686,-14.693529,1239,3.55,2021-11-26 07:18:00,0.0546645663772288,6078.42244837257,"moving",29,-14.69295,145.44156,"run_day_11652_liz21_del_07_29.json","07",11652
145.441815,-14.694013,1239,3.55,2021-11-26 07:30:00,0.0555781479057871,6180.00807942443,"moving",29,-14.69295,145.44156,"run_day_11652_liz21_del_07_29.json","07",11652
145.441956,-14.694481,1239,3.55,2021-11-26 07:42:00,0.0542040517206184,6027.21555491203,"moving",29,-14.69295,145.44156,"run_day_11652_liz21_del_07_29.json","07",11652
145.441723,-14.693335,1240,3.55,2021-11-26 07:31:00,0.0502099193589513,5583.0882999478,"moving",29,-14.69295,145.44156,"run_day_11652_liz21_del_07_29.json","07",11652
145.441813,-14.693774,1240,3.55,2021-11-26 07:43:00,0.0497651478839605,5533.6319684126,"moving",29,-14.69295,145.44156,"run_day_11652_liz21_del_07_29.json","07",11652
145.441931,-14.694196,1240,3.55,2021-11-26 07:55:00,0.0486103864955684,5405.22836053838,"moving",29,-14.69295,145.44156,"run_day_11652_liz21_del_07_29.json","07",11652
145.442063,-14.694619,1240,3.55,2021-11-26 08:07:00,0.0491315320616285,5463.17710352757,"moving",29,-14.69295,145.44156,"run_day_11652_liz21_del_07_29.json","07",11652
145.441715,-14.693367,1241,3.55,2021-11-26 07:17:00,0.051928436463451,5774.17868332007,"moving",29,-14.69295,145.44156,"run_day_11652_liz21_del_07_29.json","07",11652
145.441816,-14.693815,1241,3.55,2021-11-26 07:29:00,0.0509860793913229,5669.3933578118,"moving",29,-14.69295,145.44156,"run_day_11652_liz21_del_07_29.json","07",11652
145.441942,-14.694252,1241,3.55,2021-11-26 07:41:00,0.0504466648458026,5609.41319699166,"moving",29,-14.69295,145.44156,"run_day_11652_liz21_del_07_29.json","07",11652
145.441581,-14.693431,1242,3.55,2021-11-26 07:16:00,0.0559199188754741,6218.01127732802,"moving",29,-14.69295,145.44156,"run_day_11652_liz21_del_07_29.json","07",11652
145.441715,-14.693944,1242,3.55,2021-11-26 07:28:00,0.0588356439033588,6542.22510791936,"moving",29,-14.69295,145.44156,"run_day_11652_liz21_del_07_29.json","07",11652
145.441871,-14.694446,1242,3.55,2021-11-26 07:40:00,0.058287160808026,6481.23657036805,"moving",29,-14.69295,145.44156,"run_day_11652_liz21_del_07_29.json","07",11652
145.441564,-14.693443,1243,3.55,2021-11-26 07:11:00,0.056883902699653,6325.20138794413,"moving",29,-14.69295,145.44156,"run_day_11652_liz21_del_07_29.json","07",11652
145.441704,-14.693961,1243,3.55,2021-11-26 07:23:00,0.0595347806255284,6619.96556445552,"moving",29,-14.69295,145.44156,"run_day_11652_liz21_del_07_29.json","07",11652
145.441864,-14.694469,1243,3.55,2021-11-26 07:35:00,0.05905034877314,6566.09920016491,"moving",29,-14.69295,145.44156,"run_day_11652_liz21_del_07_29.json","07",11652
145.441584,-14.693411,1244,3.55,2021-11-26 07:57:00,0.054686444562606,6080.85519159071,"moving",29,-14.69295,145.44156,"run_day_11652_liz21_del_07_29.json","07",11652
145.441695,-14.693915,1244,3.55,2021-11-26 08:09:00,0.0572998452869125,6371.4520934228,"moving",29,-14.69295,145.44156,"run_day_11652_liz21_del_07_29.json","07",11652
145.441836,-14.694397,1244,3.55,2021-11-26 08:21:00,0.0557003120295662,6193.59211020665,"moving",29,-14.69295,145.44156,"run_day_11652_liz21_del_07_29.json","07",11652
145.441601,-14.693262,1245,3.55,2021-11-26 08:03:00,0.0523333865717329,5819.20708090518,"moving",29,-14.69295,145.44156,"run_day_11652_liz21_del_07_29.json","07",11652
145.441695,-14.693746,1245,3.55,2021-11-26 08:15:00,0.0547598057726526,6089.01258596039,"moving",29,-14.69295,145.44156,"run_day_11652_liz21_del_07_29.json","07",11652
145.441816,-14.694216,1245,3.55,2021-11-26 08:27:00,0.0538577279642591,5988.70611022839,"moving",29,-14.69295,145.44156,"run_day_11652_liz21_del_07_29.json","07",11652
145.441962,-14.694656,1245,3.55,2021-11-26 08:39:00,0.0513841384478583,5713.65550540345,"moving",29,-14.69295,145.44156,"run_day_11652_liz21_del_07_29.json","07",11652
145.441484,-14.693499,1246,3.55,2021-11-26 07:54:00,0.0580325599369185,6452.92624518161,"moving",29,-14.69295,145.44156,"run_day_11652_liz21_del_07_29.json","07",11652
145.44162,-14.694026,1246,3.55,2021-11-26 08:06:00,0.0603978838982357,6715.93826955089,"moving",29,-14.69295,145.44156,"run_day_11652_liz21_del_07_29.json","07",11652
145.441788,-14.694542,1246,3.55,2021-11-26 08:18:00,0.0601547032294441,6688.89781292324,"moving",29,-14.69295,145.44156,"run_day_11652_liz21_del_07_29.json","07",11652
145.441567,-14.693199,1247,3.55,2021-11-26 07:34:00,0.0522114890497663,5805.65269489195,"moving",29,-14.69295,145.44156,"run_day_11652_liz21_del_07_29.json","07",11652
145.441672,-14.693693,1247,3.55,2021-11-26 07:46:00,0.0560792610420801,6235.72931785516,"moving",29,-14.69295,145.44156,"run_day_11652_liz21_del_07_29.json","07",11652
145.441807,-14.694193,1247,3.55,2021-11-26 07:58:00,0.0574623258132067,6389.51910362526,"moving",29,-14.69295,145.44156,"run_day_11652_liz21_del_07_29.json","07",11652
145.441962,-14.694658,1247,3.55,2021-11-26 08:10:00,0.0543268988483651,6040.87553227032,"moving",29,-14.69295,145.44156,"run_day_11652_liz21_del_07_29.json","07",11652
145.441608,-14.693416,1248,3.55,2021-11-26 08:01:00,0.0541410509687492,6020.21019092938,"moving",29,-14.69295,145.44156,"run_day_11652_liz21_del_07_29.json","07",11652
145.441714,-14.693912,1248,3.55,2021-11-26 08:13:00,0.0563187856740839,6262.36324174038,"moving",29,-14.69295,145.44156,"run_day_11652_liz21_del_07_29.json","07",11652
145.441851,-14.694382,1248,3.55,2021-11-26 08:25:00,0.0542992672724209,6037.80304121013,"moving",29,-14.69295,145.44156,"run_day_11652_liz21_del_07_29.json","07",11652
145.441623,-14.693307,1249,3.55,2021-11-26 07:24:00,0.0526844761044497,5858.2464557413,"moving",29,-14.69295,145.44156,"run_day_11652_liz21_del_07_29.json","07",11652
145.441732,-14.6938,1249,3.55,2021-11-26 07:36:00,0.0560587435303888,6233.44787464772,"moving",29,-14.69295,145.44156,"run_day_11652_liz21_del_07_29.json","07",11652
145.441872,-14.694278,1249,3.55,2021-11-26 07:48:00,0.0552430559084105,6142.74754935696,"moving",29,-14.69295,145.44156,"run_day_11652_liz21_del_07_29.json","07",11652
145.441699,-14.693271,1250,3.55,2021-11-26 07:20:00,0.0507267567614205,5640.55799700253,"moving",29,-14.69295,145.44156,"run_day_11652_liz21_del_07_29.json","07",11652
145.441791,-14.693724,1250,3.55,2021-11-26 07:32:00,0.0513340683117084,5708.08796028718,"moving",29,-14.69295,145.44156,"run_day_11652_liz21_del_07_29.json","07",11652
145.441914,-14.694159,1250,3.55,2021-11-26 07:44:00,0.0501463948112287,5576.02469252366,"moving",29,-14.69295,145.44156,"run_day_11652_liz21_del_07_29.json","07",11652
145.442048,-14.694595,1250,3.55,2021-11-26 07:56:00,0.050578002459907,5624.01727335767,"moving",29,-14.69295,145.44156,"run_day_11652_liz21_del_07_29.json","07",11652
145.44164,-14.693139,1251,3.55,2021-11-26 07:27:00,0.0498506287644666,5543.13700864999,"moving",29,-14.69295,145.44156,"run_day_11652_liz21_del_07_29.json","07",11652
145.44173,-14.693613,1251,3.55,2021-11-26 07:39:00,0.0535879807208959,5958.71158529005,"moving",29,-14.69295,145.44156,"run_day_11652_liz21_del_07_29.json","07",11652
145.44185,-14.694073,1251,3.55,2021-11-26 07:51:00,0.0527529989548249,5865.86584906224,"moving",29,-14.69295,145.44156,"run_day_11652_liz21_del_07_29.json","07",11652
145.441985,-14.694517,1251,3.55,2021-11-26 08:03:00,0.0514615510277856,5722.26339154984,"moving",29,-14.69295,145.44156,"run_day_11652_liz21_del_07_29.json","07",11652
145.441683,-14.693625,1252,3.55,2021-11-26 07:49:00,0.0550183548003822,6117.7619261328,"moving",29,-14.69295,145.44156,"run_day_11652_liz21_del_07_29.json","07",11652
145.441807,-14.694113,1252,3.55,2021-11-26 08:01:00,0.0558781556884186,6213.36742280694,"moving",29,-14.69295,145.44156,"run_day_11652_liz21_del_07_29.json","07",11652
145.441951,-14.694567,1252,3.55,2021-11-26 08:13:00,0.0528050353639646,5871.65203375937,"moving",29,-14.69295,145.44156,"run_day_11652_liz21_del_07_29.json","07",11652
145.441555,-14.693301,1253,3.55,2021-11-26 07:55:00,0.0541031198301639,6015.99244075685,"moving",29,-14.69295,145.44156,"run_day_11652_liz21_del_07_29.json","07",11652
145.441662,-14.693802,1253,3.55,2021-11-26 08:07:00,0.0568850244433782,6325.32612015537,"moving",29,-14.69295,145.44156,"run_day_11652_liz21_del_07_29.json","07",11652
145.441797,-14.694295,1253,3.55,2021-11-26 08:19:00,0.0567095613943893,6305.81551929422,"moving",29,-14.69295,145.44156,"run_day_11652_liz21_del_07_29.json","07",11652
145.441544,-14.693315,1254,3.55,2021-11-26 07:26:00,0.054454412487566,6055.05440202745,"moving",29,-14.69295,145.44156,"run_day_11652_liz21_del_07_29.json","07",11652
145.441666,-14.693823,1254,3.55,2021-11-26 07:38:00,0.0579911545253515,6448.32217347973,"moving",29,-14.69295,145.44156,"run_day_11652_liz21_del_07_29.json","07",11652
145.441819,-14.694335,1254,3.55,2021-11-26 07:50:00,0.0592624948168721,6589.68876393563,"moving",29,-14.69295,145.44156,"run_day_11652_liz21_del_07_29.json","07",11652
145.441556,-14.693267,1255,3.55,2021-11-26 08:00:00,0.0535994322427198,5959.98493641923,"moving",29,-14.69295,145.44156,"run_day_11652_liz21_del_07_29.json","07",11652
145.441659,-14.69376,1255,3.55,2021-11-26 08:12:00,0.0559273388814431,6218.83634434744,"moving",29,-14.69295,145.44156,"run_day_11652_liz21_del_07_29.json","07",11652
145.441789,-14.69425,1255,3.55,2021-11-26 08:24:00,0.0562510752034105,6254.83418092079,"moving",29,-14.69295,145.44156,"run_day_11652_liz21_del_07_29.json","07",11652
145.441944,-14.694704,1255,3.55,2021-11-26 08:36:00,0.0531640948428116,5911.57762617081,"moving",29,-14.69295,145.44156,"run_day_11652_liz21_del_07_29.json","07",11652
145.441683,-14.693284,1256,3.55,2021-11-26 07:27:00,0.0506795785095923,5635.31201475127,"moving",29,-14.69295,145.44156,"run_day_11652_liz21_del_07_29.json","07",11652
145.441777,-14.693752,1256,3.55,2021-11-26 07:39:00,0.0530122921509969,5894.69793699002,"moving",29,-14.69295,145.44156,"run_day_11652_liz21_del_07_29.json","07",11652
145.441902,-14.694196,1256,3.55,2021-11-26 07:51:00,0.0511684770357286,5689.67505050163,"moving",29,-14.69295,145.44156,"run_day_11652_liz21_del_07_29.json","07",11652
145.442041,-14.694634,1256,3.55,2021-11-26 08:03:00,0.050946426663153,5664.98417561169,"moving",29,-14.69295,145.44156,"run_day_11652_liz21_del_07_29.json","07",11652
145.44156,-14.693429,1257,3.55,2021-11-26 07:30:00,0.0553194431319887,6151.24142107933,"moving",29,-14.69295,145.44156,"run_day_11652_liz21_del_07_29.json","07",11652
145.44169,-14.693945,1257,3.55,2021-11-26 07:42:00,0.0590557784443074,6566.70295205207,"moving",29,-14.69295,145.44156,"run_day_11652_liz21_del_07_29.json","07",11652
145.441849,-14.694453,1257,3.55,2021-11-26 07:54:00,0.0590190926930365,6562.62368263061,"moving",29,-14.69295,145.44156,"run_day_11652_liz21_del_07_29.json","07",11652
145.441536,-14.693636,1258,3.55,2021-11-26 07:26:00,0.0584858839758138,6503.33357843279,"moving",29,-14.69295,145.44156,"run_day_11652_liz21_del_07_29.json","07",11652
145.441696,-14.694169,1258,3.55,2021-11-26 07:38:00,0.0617148746219473,6862.38095646557,"moving",29,-14.69295,145.44156,"run_day_11652_liz21_del_07_29.json","07",11652
145.441876,-14.69469,1258,3.55,2021-11-26 07:50:00,0.0610819763870202,6792.00588365938,"moving",29,-14.69295,145.44156,"run_day_11652_liz21_del_07_29.json","07",11652
145.441575,-14.693458,1259,3.55,2021-11-26 08:03:00,0.0552526268968515,6143.81179471458,"moving",29,-14.69295,145.44156,"run_day_11652_liz21_del_07_29.json","07",11652
145.441688,-14.69396,1259,3.55,2021-11-26 08:15:00,0.0571277344018047,6352.31423617851,"moving",29,-14.69295,145.44156,"run_day_11652_liz21_del_07_29.json","07",11652
145.441835,-14.694443,1259,3.55,2021-11-26 08:27:00,0.0559861324303286,6225.37388870294,"moving",29,-14.69295,145.44156,"run_day_11652_liz21_del_07_29.json","07",11652
145.441502,-14.69334,1260,3.55,2021-11-26 07:34:00,0.055472315098333,6168.24000816299,"moving",29,-14.69295,145.44156,"run_day_11652_liz21_del_07_29.json","07",11652
145.44163,-14.693857,1260,3.55,2021-11-26 07:46:00,0.0591133483431485,6573.10443273064,"moving",29,-14.69295,145.44156,"run_day_11652_liz21_del_07_29.json","07",11652
145.441789,-14.694381,1260,3.55,2021-11-26 07:58:00,0.0607240729156987,6752.20883341995,"moving",29,-14.69295,145.44156,"run_day_11652_liz21_del_07_29.json","07",11652
145.441718,-14.693414,1261,3.55,2021-11-26 08:09:00,0.0508817654004553,5657.79417124927,"moving",29,-14.69295,145.44156,"run_day_11652_liz21_del_07_29.json","07",11652
145.441802,-14.693852,1261,3.55,2021-11-26 08:21:00,0.0495343167688839,5507.96471950438,"moving",29,-14.69295,145.44156,"run_day_11652_liz21_del_07_29.json","07",11652
145.441913,-14.694262,1261,3.55,2021-11-26 08:33:00,0.0471272697153389,5240.31329895545,"moving",29,-14.69295,145.44156,"run_day_11652_liz21_del_07_29.json","07",11652
145.442045,-14.694667,1261,3.55,2021-11-26 08:45:00,0.0472189542016365,5250.50814868375,"moving",29,-14.69295,145.44156,"run_day_11652_liz21_del_07_29.json","07",11652
145.441462,-14.693389,1262,3.55,2021-11-26 08:01:00,0.0573589468296816,6378.02388513559,"moving",29,-14.69295,145.44156,"run_day_11652_liz21_del_07_29.json","07",11652
145.441587,-14.693906,1262,3.55,2021-11-26 08:13:00,0.0590390306652212,6564.84068398512,"moving",29,-14.69295,145.44156,"run_day_11652_liz21_del_07_29.json","07",11652
145.441743,-14.69442,1262,3.55,2021-11-26 08:25:00,0.0595662562690796,6623.4654963313,"moving",29,-14.69295,145.44156,"run_day_11652_liz21_del_07_29.json","07",11652
145.441674,-14.693365,1263,3.55,2021-11-26 08:00:00,0.05190871628738,5771.98589978843,"moving",29,-14.69295,145.44156,"run_day_11652_liz21_del_07_29.json","07",11652
145.441765,-14.693836,1263,3.55,2021-11-26 08:12:00,0.0532795703499286,5924.41791671392,"moving",29,-14.69295,145.44156,"run_day_11652_liz21_del_07_29.json","07",11652
145.441884,-14.694271,1263,3.55,2021-11-26 08:24:00,0.0500346097048083,5563.59475581528,"moving",29,-14.69295,145.44156,"run_day_11652_liz21_del_07_29.json","07",11652
145.442023,-14.694691,1263,3.55,2021-11-26 08:36:00,0.0490365560037977,5452.61624774408,"moving",29,-14.69295,145.44156,"run_day_11652_liz21_del_07_29.json","07",11652
145.441686,-14.69328,1264,3.55,2021-11-26 07:56:00,0.0506668549133004,5633.89721539493,"moving",29,-14.69295,145.44156,"run_day_11652_liz21_del_07_29.json","07",11652
145.441769,-14.693742,1264,3.55,2021-11-26 08:08:00,0.0521419770292295,5797.92331086745,"moving",29,-14.69295,145.44156,"run_day_11652_liz21_del_07_29.json","07",11652
145.441878,-14.694168,1264,3.55,2021-11-26 08:20:00,0.0487983038235783,5426.12381404168,"moving",29,-14.69295,145.44156,"run_day_11652_liz21_del_07_29.json","07",11652
145.442008,-14.694581,1264,3.55,2021-11-26 08:32:00,0.04800499809964,5337.91224226166,"moving",29,-14.69295,145.44156,"run_day_11652_liz21_del_07_29.json","07",11652
145.441596,-14.693495,1265,3.55,2021-11-26 07:28:00,0.0553059128655885,6149.73692409947,"moving",29,-14.69295,145.44156,"run_day_11652_liz21_del_07_29.json","07",11652
145.441731,-14.69401,1265,3.55,2021-11-26 07:40:00,0.0590776260636678,6569.13229648421,"moving",29,-14.69295,145.44156,"run_day_11652_liz21_del_07_29.json","07",11652
145.441888,-14.694507,1265,3.55,2021-11-26 07:52:00,0.0577862806480571,6425.54123772259,"moving",29,-14.69295,145.44156,"run_day_11652_liz21_del_07_29.json","07",11652
145.441627,-14.693174,1266,3.55,2021-11-26 07:34:00,0.0504609013329865,5610.99622213975,"moving",29,-14.69295,145.44156,"run_day_11652_liz21_del_07_29.json","07",11652
145.441719,-14.693657,1266,3.55,2021-11-26 07:46:00,0.0546111391180515,6072.48160820753,"moving",29,-14.69295,145.44156,"run_day_11652_liz21_del_07_29.json","07",11652
145.441842,-14.694125,1266,3.55,2021-11-26 07:58:00,0.0536945538964871,5970.56198173219,"moving",29,-14.69295,145.44156,"run_day_11652_liz21_del_07_29.json","07",11652
145.441982,-14.694571,1266,3.55,2021-11-26 08:10:00,0.0518286273795045,5763.08041955218,"moving",29,-14.69295,145.44156,"run_day_11652_liz21_del_07_29.json","07",11652
145.441592,-14.693164,1267,3.55,2021-11-26 07:26:00,0.0513580339349424,5710.75281600468,"moving",29,-14.69295,145.44156,"run_day_11652_liz21_del_07_29.json","07",11652
145.441693,-14.693649,1267,3.55,2021-11-26 07:38:00,0.0550128066502107,6117.14499998147,"moving",29,-14.69295,145.44156,"run_day_11652_liz21_del_07_29.json","07",11652
145.441824,-14.694137,1267,3.55,2021-11-26 07:50:00,0.056062630337929,6233.88006792703,"moving",29,-14.69295,145.44156,"run_day_11652_liz21_del_07_29.json","07",11652
145.441973,-14.6946,1267,3.55,2021-11-26 08:02:00,0.0539199643364296,5995.62647906652,"moving",29,-14.69295,145.44156,"run_day_11652_liz21_del_07_29.json","07",11652
145.441593,-14.693425,1268,3.55,2021-11-26 08:01:00,0.0545331658541808,6063.81137685119,"moving",29,-14.69295,145.44156,"run_day_11652_liz21_del_07_29.json","07",11652
145.441702,-14.693924,1268,3.55,2021-11-26 08:13:00,0.056711330060576,6306.01218600111,"moving",29,-14.69295,145.44156,"run_day_11652_liz21_del_07_29.json","07",11652
145.441842,-14.694401,1268,3.55,2021-11-26 08:25:00,0.0551360775911675,6130.85210321857,"moving",29,-14.69295,145.44156,"run_day_11652_liz21_del_07_29.json","07",11652
145.441699,-14.693315,1269,3.55,2021-11-26 07:54:00,0.050846858792784,5653.91273356985,"moving",29,-14.69295,145.44156,"run_day_11652_liz21_del_07_29.json","07",11652
145.441784,-14.693772,1269,3.55,2021-11-26 08:06:00,0.0516319557618349,5741.21153345234,"moving",29,-14.69295,145.44156,"run_day_11652_liz21_del_07_29.json","07",11652
145.441894,-14.694192,1269,3.55,2021-11-26 08:18:00,0.0481772429370994,5357.06499432785,"moving",29,-14.69295,145.44156,"run_day_11652_liz21_del_07_29.json","07",11652
145.442025,-14.694605,1269,3.55,2021-11-26 08:30:00,0.0480364365650399,5341.40804011561,"moving",29,-14.69295,145.44156,"run_day_11652_liz21_del_07_29.json","07",11652
145.441555,-14.693357,1270,3.55,2021-11-26 07:45:00,0.0546315190391382,6074.74775203778,"moving",29,-14.69295,145.44156,"run_day_11652_liz21_del_07_29.json","07",11652
145.441671,-14.693868,1270,3.55,2021-11-26 07:57:00,0.0581743188364949,6468.68911562123,"moving",29,-14.69295,145.44156,"run_day_11652_liz21_del_07_29.json","07",11652
145.441819,-14.69437,1270,3.55,2021-11-26 08:09:00,0.0580453106690711,6454.34406190798,"moving",29,-14.69295,145.44156,"run_day_11652_liz21_del_07_29.json","07",11652
145.441681,-14.693655,1271,3.55,2021-11-26 08:02:00,0.0551970004541355,6137.62641649727,"moving",29,-14.69295,145.44156,"run_day_11652_liz21_del_07_29.json","07",11652
145.4418,-14.694136,1271,3.55,2021-11-26 08:14:00,0.0549949547103739,6115.15995484085,"moving",29,-14.69295,145.44156,"run_day_11652_liz21_del_07_29.json","07",11652
145.441944,-14.694583,1271,3.55,2021-11-26 08:26:00,0.0520614060806906,5788.96423015498,"moving",29,-14.69295,145.44156,"run_day_11652_liz21_del_07_29.json","07",11652
145.4416,-14.693202,1272,3.55,2021-11-26 08:00:00,0.0516366190372634,5741.73006602152,"moving",29,-14.69295,145.44156,"run_day_11652_liz21_del_07_29.json","07",11652
145.441692,-14.693683,1272,3.55,2021-11-26 08:12:00,0.0543924452346995,6048.16395789059,"moving",29,-14.69295,145.44156,"run_day_11652_liz21_del_07_29.json","07",11652
145.441808,-14.694154,1272,3.55,2021-11-26 08:24:00,0.053838469257898,5986.56463978729,"moving",29,-14.69295,145.44156,"run_day_11652_liz21_del_07_29.json","07",11652
145.441949,-14.694593,1272,3.55,2021-11-26 08:36:00,0.051116146818462,5683.85619583137,"moving",29,-14.69295,145.44156,"run_day_11652_liz21_del_07_29.json","07",11652
145.441621,-14.693544,1273,3.55,2021-11-26 07:26:00,0.055475679679175,6168.6141324829,"moving",29,-14.69295,145.44156,"run_day_11652_liz21_del_07_29.json","07",11652
145.441759,-14.694056,1273,3.55,2021-11-26 07:38:00,0.0588349063564519,6542.14309644515,"moving",29,-14.69295,145.44156,"run_day_11652_liz21_del_07_29.json","07",11652
145.441915,-14.694545,1273,3.55,2021-11-26 07:50:00,0.0569043356468021,6327.47342800351,"moving",29,-14.69295,145.44156,"run_day_11652_liz21_del_07_29.json","07",11652
145.44159,-14.69359,1274,3.55,2021-11-26 07:38:00,0.0565463423136659,6287.66638558619,"moving",29,-14.69295,145.44156,"run_day_11652_liz21_del_07_29.json","07",11652
145.441731,-14.694112,1274,3.55,2021-11-26 07:50:00,0.0599923008455775,6670.83949176229,"moving",29,-14.69295,145.44156,"run_day_11652_liz21_del_07_29.json","07",11652
145.441896,-14.69461,1274,3.55,2021-11-26 08:02:00,0.0581494411768816,6465.92284608544,"moving",29,-14.69295,145.44156,"run_day_11652_liz21_del_07_29.json","07",11652
145.441757,-14.693266,1275,3.55,2021-11-26 07:25:00,0.0476683448204552,5300.47810557805,"moving",29,-14.69295,145.44156,"run_day_11652_liz21_del_07_29.json","07",11652
145.441834,-14.693665,1275,3.55,2021-11-26 07:37:00,0.045133162609598,5018.57870561119,"moving",29,-14.69295,145.44156,"run_day_11652_liz21_del_07_29.json","07",11652
145.441939,-14.694057,1275,3.55,2021-11-26 07:49:00,0.0450277187571976,5006.85388417841,"moving",29,-14.69295,145.44156,"run_day_11652_liz21_del_07_29.json","07",11652
145.442055,-14.69446,1275,3.55,2021-11-26 08:01:00,0.0465160672661367,5172.35068745144,"moving",29,-14.69295,145.44156,"run_day_11652_liz21_del_07_29.json","07",11652
145.441581,-14.693374,1276,3.55,2021-11-26 07:55:00,0.0543828953263735,6047.10205653482,"moving",29,-14.69295,145.44156,"run_day_11652_liz21_del_07_29.json","07",11652
145.44169,-14.693877,1276,3.55,2021-11-26 08:07:00,0.0571465762772593,6354.40935713753,"moving",29,-14.69295,145.44156,"run_day_11652_liz21_del_07_29.json","07",11652
145.441829,-14.694362,1276,3.55,2021-11-26 08:19:00,0.0559635166942422,6222.8591335878,"moving",29,-14.69295,145.44156,"run_day_11652_liz21_del_07_29.json","07",11652
145.441523,-14.693538,1277,3.55,2021-11-26 07:55:00,0.0575580030519386,6400.1579271676,"moving",29,-14.69295,145.44156,"run_day_11652_liz21_del_07_29.json","07",11652
145.441656,-14.694061,1277,3.55,2021-11-26 08:07:00,0.0598885480077642,6659.30270257247,"moving",29,-14.69295,145.44156,"run_day_11652_liz21_del_07_29.json","07",11652
145.441822,-14.694566,1277,3.55,2021-11-26 08:19:00,0.0589236517099341,6552.01112951565,"moving",29,-14.69295,145.44156,"run_day_11652_liz21_del_07_29.json","07",11652
145.441707,-14.693424,1278,3.55,2021-11-26 07:43:00,0.051998586819884,5781.97904705772,"moving",29,-14.69295,145.44156,"run_day_11652_liz21_del_07_29.json","07",11652
145.441806,-14.693886,1278,3.55,2021-11-26 07:55:00,0.052464026063398,5833.73352959776,"moving",29,-14.69295,145.44156,"run_day_11652_liz21_del_07_29.json","07",11652
145.441929,-14.69432,1278,3.55,2021-11-26 08:07:00,0.0500391453449519,5564.09909598833,"moving",29,-14.69295,145.44156,"run_day_11652_liz21_del_07_29.json","07",11652
145.44169,-14.693557,1279,3.55,2021-11-26 07:14:00,0.0552308357533042,6141.38873010633,"moving",29,-14.69295,145.44156,"run_day_11652_liz21_del_07_29.json","07",11652
145.441823,-14.694042,1279,3.55,2021-11-26 07:26:00,0.0557945838472018,6204.07465805329,"moving",29,-14.69295,145.44156,"run_day_11652_liz21_del_07_29.json","07",11652
145.441965,-14.694511,1279,3.55,2021-11-26 07:38:00,0.0543409465760771,6042.43756832278,"moving",29,-14.69295,145.44156,"run_day_11652_liz21_del_07_29.json","07",11652
145.441714,-14.693265,1280,3.55,2021-11-26 08:09:00,0.0492015367174255,5470.96126609369,"moving",29,-14.69295,145.44156,"run_day_11652_liz21_del_07_29.json","07",11652
145.441787,-14.693694,1280,3.55,2021-11-26 08:21:00,0.0483444988149599,5375.66299939742,"moving",29,-14.69295,145.44156,"run_day_11652_liz21_del_07_29.json","07",11652
145.441884,-14.694095,1280,3.55,2021-11-26 08:33:00,0.0457934968981778,5092.00452839071,"moving",29,-14.69295,145.44156,"run_day_11652_liz21_del_07_29.json","07",11652
145.442003,-14.694492,1280,3.55,2021-11-26 08:45:00,0.0459625035152955,5110.79720678356,"moving",29,-14.69295,145.44156,"run_day_11652_liz21_del_07_29.json","07",11652
145.441524,-14.693296,1281,3.55,2021-11-26 07:55:00,0.0547880984859827,6092.1585921437,"moving",29,-14.69295,145.44156,"run_day_11652_liz21_del_07_29.json","07",11652
145.441635,-14.693802,1281,3.55,2021-11-26 08:07:00,0.0575173741427823,6395.64019859431,"moving",29,-14.69295,145.44156,"run_day_11652_liz21_del_07_29.json","07",11652
145.441776,-14.694305,1281,3.55,2021-11-26 08:19:00,0.0579506752664446,6443.82108525495,"moving",29,-14.69295,145.44156,"run_day_11652_liz21_del_07_29.json","07",11652
145.441729,-14.693389,1282,3.55,2021-11-26 07:13:00,0.0522563401862024,5810.63991371789,"moving",29,-14.69295,145.44156,"run_day_11652_liz21_del_07_29.json","07",11652
145.44183,-14.69383,1282,3.55,2021-11-26 07:25:00,0.0502258614653098,5584.86098129489,"moving",29,-14.69295,145.44156,"run_day_11652_liz21_del_07_29.json","07",11652
145.441957,-14.694263,1282,3.55,2021-11-26 07:37:00,0.0500476279672964,5565.04232055769,"moving",29,-14.69295,145.44156,"run_day_11652_liz21_del_07_29.json","07",11652
145.441656,-14.693308,1283,3.55,2021-11-26 08:09:00,0.0511435983744755,5686.90866958857,"moving",29,-14.69295,145.44156,"run_day_11652_liz21_del_07_29.json","07",11652
145.441743,-14.693779,1283,3.55,2021-11-26 08:21:00,0.0532022148727376,5915.81638010211,"moving",29,-14.69295,145.44156,"run_day_11652_liz21_del_07_29.json","07",11652
145.441857,-14.694218,1283,3.55,2021-11-26 08:33:00,0.050331007006139,5596.5526319944,"moving",29,-14.69295,145.44156,"run_day_11652_liz21_del_07_29.json","07",11652
145.441995,-14.694641,1283,3.55,2021-11-26 08:45:00,0.0493218890290164,5484.34383255254,"moving",29,-14.69295,145.44156,"run_day_11652_liz21_del_07_29.json","07",11652
145.441598,-14.693498,1284,3.55,2021-11-26 07:56:00,0.0553391275800097,6153.43023183306,"moving",29,-14.69295,145.44156,"run_day_11652_liz21_del_07_29.json","07",11652
145.441716,-14.694006,1284,3.55,2021-11-26 08:08:00,0.057895316472798,6437.66546825629,"moving",29,-14.69295,145.44156,"run_day_11652_liz21_del_07_29.json","07",11652
145.441864,-14.694484,1284,3.55,2021-11-26 08:20:00,0.0554837740871144,6169.51418957995,"moving",29,-14.69295,145.44156,"run_day_11652_liz21_del_07_29.json","07",11652
145.44163,-14.693479,1285,3.55,2021-11-26 08:01:00,0.0542953708224408,6037.36977574042,"moving",29,-14.69295,145.44156,"run_day_11652_liz21_del_07_29.json","07",11652
145.441739,-14.693973,1285,3.55,2021-11-26 08:13:00,0.056167482450705,6245.53909091569,"moving",29,-14.69295,145.44156,"run_day_11652_liz21_del_07_29.json","07",11652
145.441877,-14.694435,1285,3.55,2021-11-26 08:25:00,0.0534733897455437,5945.96965019163,"moving",29,-14.69295,145.44156,"run_day_11652_liz21_del_07_29.json","07",11652
145.44167,-14.69317,1286,3.55,2021-11-26 07:44:00,0.0495941920369883,5514.62254554907,"moving",29,-14.69295,145.44156,"run_day_11652_liz21_del_07_29.json","07",11652
145.441752,-14.693636,1286,3.55,2021-11-26 07:56:00,0.0525620900915087,5844.63775201,"moving",29,-14.69295,145.44156,"run_day_11652_liz21_del_07_29.json","07",11652
145.441859,-14.694074,1286,3.55,2021-11-26 08:08:00,0.0500446805363751,5564.71458119261,"moving",29,-14.69295,145.44156,"run_day_11652_liz21_del_07_29.json","07",11652
145.441986,-14.694494,1286,3.55,2021-11-26 08:20:00,0.0486585738284737,5410.58654748597,"moving",29,-14.69295,145.44156,"run_day_11652_liz21_del_07_29.json","07",11652
145.441681,-14.693292,1287,3.55,2021-11-26 08:07:00,0.0505186173833689,5617.41395412824,"moving",29,-14.69295,145.44156,"run_day_11652_liz21_del_07_29.json","07",11652
145.441763,-14.69375,1287,3.55,2021-11-26 08:19:00,0.0516853580678818,5747.14959895587,"moving",29,-14.69295,145.44156,"run_day_11652_liz21_del_07_29.json","07",11652
145.441871,-14.694174,1287,3.55,2021-11-26 08:31:00,0.0485566132790385,5399.24905167089,"moving",29,-14.69295,145.44156,"run_day_11652_liz21_del_07_29.json","07",11652
145.442001,-14.694587,1287,3.55,2021-11-26 08:43:00,0.0480049979886862,5337.91222992415,"moving",29,-14.69295,145.44156,"run_day_11652_liz21_del_07_29.json","07",11652
145.441722,-14.693218,1288,3.55,2021-11-26 07:32:00,0.0487298269412895,5418.50953213872,"moving",29,-14.69295,145.44156,"run_day_11652_liz21_del_07_29.json","07",11652
145.441801,-14.693646,1288,3.55,2021-11-26 07:44:00,0.048344029116665,5375.61077132998,"moving",29,-14.69295,145.44156,"run_day_11652_liz21_del_07_29.json","07",11652
145.441907,-14.694056,1288,3.55,2021-11-26 07:56:00,0.0469939111587442,5225.48450403747,"moving",29,-14.69295,145.44156,"run_day_11652_liz21_del_07_29.json","07",11652
145.442027,-14.694466,1288,3.55,2021-11-26 08:08:00,0.0473817549478988,5268.61076572207,"moving",29,-14.69295,145.44156,"run_day_11652_liz21_del_07_29.json","07",11652
145.441749,-14.693551,1289,3.55,2021-11-26 07:39:00,0.051703822288944,5749.20272666243,"moving",29,-14.69295,145.44156,"run_day_11652_liz21_del_07_29.json","07",11652
145.441858,-14.69399,1289,3.55,2021-11-26 07:51:00,0.0502027028494671,5582.28586070508,"moving",29,-14.69295,145.44156,"run_day_11652_liz21_del_07_29.json","07",11652
145.441983,-14.694418,1289,3.55,2021-11-26 08:03:00,0.0494540775326269,5499.04252351477,"moving",29,-14.69295,145.44156,"run_day_11652_liz21_del_07_29.json","07",11652
145.441651,-14.693377,1290,3.55,2021-11-26 07:51:00,0.0526848722135674,5858.29050106557,"moving",29,-14.69295,145.44156,"run_day_11652_liz21_del_07_29.json","07",11652
145.441751,-14.693867,1290,3.55,2021-11-26 08:03:00,0.0555370088444464,6175.43362451643,"moving",29,-14.69295,145.44156,"run_day_11652_liz21_del_07_29.json","07",11652
145.441879,-14.69432,1290,3.55,2021-11-26 08:15:00,0.0522188722825978,5806.47367292504,"moving",29,-14.69295,145.44156,"run_day_11652_liz21_del_07_29.json","07",11652
145.441757,-14.693351,1291,3.55,2021-11-26 07:52:00,0.0484895461571239,5391.79152796934,"moving",29,-14.69295,145.44156,"run_day_11652_liz21_del_07_29.json","07",11652
145.441834,-14.69376,1291,3.55,2021-11-26 08:04:00,0.046226680058853,5140.17229816565,"moving",29,-14.69295,145.44156,"run_day_11652_liz21_del_07_29.json","07",11652
145.441934,-14.694147,1291,3.55,2021-11-26 08:16:00,0.0443562662894873,4932.19177628605,"moving",29,-14.69295,145.44156,"run_day_11652_liz21_del_07_29.json","07",11652
145.442052,-14.694538,1291,3.55,2021-11-26 08:28:00,0.0452918469480582,5036.22359898591,"moving",29,-14.69295,145.44156,"run_day_11652_liz21_del_07_29.json","07",11652
145.441486,-14.693542,1292,3.55,2021-11-26 07:50:00,0.0585157666256107,6506.6563774849,"moving",29,-14.69295,145.44156,"run_day_11652_liz21_del_07_29.json","07",11652
145.441628,-14.694074,1292,3.55,2021-11-26 08:02:00,0.0610955813837983,6793.51869027812,"moving",29,-14.69295,145.44156,"run_day_11652_liz21_del_07_29.json","07",11652
145.441802,-14.694593,1292,3.55,2021-11-26 08:14:00,0.0606689245487363,6746.076614801,"moving",29,-14.69295,145.44156,"run_day_11652_liz21_del_07_29.json","07",11652
145.441746,-14.693209,1293,3.55,2021-11-26 07:20:00,0.0482536361809222,5365.55953547087,"moving",29,-14.69295,145.44156,"run_day_11652_liz21_del_07_29.json","07",11652
145.441822,-14.693611,1293,3.55,2021-11-26 07:32:00,0.045441652825794,5052.88125257167,"moving",29,-14.69295,145.44156,"run_day_11652_liz21_del_07_29.json","07",11652
145.441926,-14.694006,1293,3.55,2021-11-26 07:44:00,0.0453240529999923,5039.80474856824,"moving",29,-14.69295,145.44156,"run_day_11652_liz21_del_07_29.json","07",11652
145.442041,-14.694411,1293,3.55,2021-11-26 07:56:00,0.0467017444197897,5192.99704493145,"moving",29,-14.69295,145.44156,"run_day_11652_liz21_del_07_29.json","07",11652
145.441649,-14.693512,1294,3.55,2021-11-26 07:56:00,0.054363185351856,6044.91040736418,"moving",29,-14.69295,145.44156,"run_day_11652_liz21_del_07_29.json","07",11652
145.441762,-14.694006,1294,3.55,2021-11-26 08:08:00,0.0562588582762182,6255.69961913071,"moving",29,-14.69295,145.44156,"run_day_11652_liz21_del_07_29.json","07",11652
145.441901,-14.694463,1294,3.55,2021-11-26 08:20:00,0.0529697449466556,5889.96690372436,"moving",29,-14.69295,145.44156,"run_day_11652_liz21_del_07_29.json","07",11652
145.441583,-14.693271,1295,3.55,2021-11-26 07:36:00,0.0527539302804646,5865.96940774843,"moving",29,-14.69295,145.44156,"run_day_11652_liz21_del_07_29.json","07",11652
145.441691,-14.69377,1295,3.55,2021-11-26 07:48:00,0.0566891940028271,6303.55076868352,"moving",29,-14.69295,145.44156,"run_day_11652_liz21_del_07_29.json","07",11652
145.44183,-14.694264,1295,3.55,2021-11-26 08:00:00,0.0569285285335906,6330.16355427528,"moving",29,-14.69295,145.44156,"run_day_11652_liz21_del_07_29.json","07",11652
145.441622,-14.693393,1296,3.55,2021-11-26 07:56:00,0.05355331193338,5954.85659200537,"moving",29,-14.69295,145.44156,"run_day_11652_liz21_del_07_29.json","07",11652
145.441726,-14.69389,1296,3.55,2021-11-26 08:08:00,0.0563846123368552,6269.6828326785,"moving",29,-14.69295,145.44156,"run_day_11652_liz21_del_07_29.json","07",11652
145.44186,-14.694355,1296,3.55,2021-11-26 08:20:00,0.0536768284969684,5968.59100723296,"moving",29,-14.69295,145.44156,"run_day_11652_liz21_del_07_29.json","07",11652
145.441557,-14.693578,1297,3.55,2021-11-26 07:45:00,0.0572926464387867,6370.65161803353,"moving",29,-14.69295,145.44156,"run_day_11652_liz21_del_07_29.json","07",11652
145.441696,-14.694104,1297,3.55,2021-11-26 07:57:00,0.0603691051395565,6712.73821759064,"moving",29,-14.69295,145.44156,"run_day_11652_liz21_del_07_29.json","07",11652
145.441864,-14.694607,1297,3.55,2021-11-26 08:09:00,0.0587775303127248,6535.76317147176,"moving",29,-14.69295,145.44156,"run_day_11652_liz21_del_07_29.json","07",11652
145.441617,-14.693484,1298,3.55,2021-11-26 07:53:00,0.0548378688180509,6097.69280056711,"moving",29,-14.69295,145.44156,"run_day_11652_liz21_del_07_29.json","07",11652
145.441733,-14.69399,1298,3.55,2021-11-26 08:05:00,0.0576314035015747,6408.31968478056,"moving",29,-14.69295,145.44156,"run_day_11652_liz21_del_07_29.json","07",11652
145.441877,-14.694462,1298,3.55,2021-11-26 08:17:00,0.0547216626011447,6084.77125880258,"moving",29,-14.69295,145.44156,"run_day_11652_liz21_del_07_29.json","07",11652
145.441518,-14.693262,1299,3.55,2021-11-26 07:23:00,0.0546133625441776,6072.72884191252,"moving",29,-14.69295,145.44156,"run_day_11652_liz21_del_07_29.json","07",11652
145.44164,-14.693767,1299,3.55,2021-11-26 07:35:00,0.057666272168177,6412.1969036056,"moving",29,-14.69295,145.44156,"run_day_11652_liz21_del_07_29.json","07",11652
145.441794,-14.694285,1299,3.55,2021-11-26 07:47:00,0.0599333503269088,6664.28449316326,"moving",29,-14.69295,145.44156,"run_day_11652_liz21_del_07_29.json","07",11652
145.441647,-14.693554,1300,3.55,2021-11-26 07:58:00,0.0548408732592674,6098.02687918778,"moving",29,-14.69295,145.44156,"run_day_11652_liz21_del_07_29.json","07",11652
145.441763,-14.69405,1300,3.55,2021-11-26 08:10:00,0.0565463365185856,6287.66574120266,"moving",29,-14.69295,145.44156,"run_day_11652_liz21_del_07_29.json","07",11652
145.441906,-14.694508,1300,3.55,2021-11-26 08:22:00,0.0531992168561263,5915.48301586494,"moving",29,-14.69295,145.44156,"run_day_11652_liz21_del_07_29.json","07",11652
145.44165,-14.693651,1301,3.55,2021-11-26 08:04:00,0.0556461047192641,6187.56453231401,"moving",29,-14.69295,145.44156,"run_day_11652_liz21_del_07_29.json","07",11652
145.441773,-14.694145,1301,3.55,2021-11-26 08:16:00,0.056500984694766,6282.62284847984,"moving",29,-14.69295,145.44156,"run_day_11652_liz21_del_07_29.json","07",11652
145.441922,-14.694603,1301,3.55,2021-11-26 08:28:00,0.0533893705308629,5936.62713977847,"moving",29,-14.69295,145.44156,"run_day_11652_liz21_del_07_29.json","07",11652
145.441471,-14.693436,1302,3.55,2021-11-26 07:54:00,0.0576005755131628,6404.8917688705,"moving",29,-14.69295,145.44156,"run_day_11652_liz21_del_07_29.json","07",11652
145.441602,-14.693961,1302,3.55,2021-11-26 08:06:00,0.0600536896538974,6677.66561580021,"moving",29,-14.69295,145.44156,"run_day_11652_liz21_del_07_29.json","07",11652
145.441766,-14.694478,1302,3.55,2021-11-26 08:18:00,0.0601331651463763,6686.50288735645,"moving",29,-14.69295,145.44156,"run_day_11652_liz21_del_07_29.json","07",11652
145.441553,-14.693497,1303,3.55,2021-11-26 07:21:00,0.056850496187804,6321.48675330963,"moving",29,-14.69295,145.44156,"run_day_11652_liz21_del_07_29.json","07",11652
145.441697,-14.694017,1303,3.55,2021-11-26 07:33:00,0.0598598400778556,6656.11052641217,"moving",29,-14.69295,145.44156,"run_day_11652_liz21_del_07_29.json","07",11652
145.441862,-14.694531,1303,3.55,2021-11-26 07:45:00,0.0598461418565965,6654.5873537041,"moving",29,-14.69295,145.44156,"run_day_11652_liz21_del_07_29.json","07",11652
145.441492,-14.693549,1304,3.55,2021-11-26 07:34:00,0.0582157725255135,6473.29855553079,"moving",29,-14.69295,145.44156,"run_day_11652_liz21_del_07_29.json","07",11652
145.441643,-14.694084,1304,3.55,2021-11-26 07:46:00,0.0616664828600715,6857.00003805359,"moving",29,-14.69295,145.44156,"run_day_11652_liz21_del_07_29.json","07",11652
145.441823,-14.694613,1304,3.55,2021-11-26 07:58:00,0.0619263137580239,6885.89191569139,"moving",29,-14.69295,145.44156,"run_day_11652_liz21_del_07_29.json","07",11652
145.441753,-14.693363,1305,3.55,2021-11-26 07:54:00,0.0489281835126581,5440.56577654153,"moving",29,-14.69295,145.44156,"run_day_11652_liz21_del_07_29.json","07",11652
145.441831,-14.693775,1305,3.55,2021-11-26 08:06:00,0.0465741602941852,5178.81033744384,"moving",29,-14.69295,145.44156,"run_day_11652_liz21_del_07_29.json","07",11652
145.441932,-14.694164,1305,3.55,2021-11-26 08:18:00,0.0445981286331302,4959.08564184551,"moving",29,-14.69295,145.44156,"run_day_11652_liz21_del_07_29.json","07",11652
145.442052,-14.694557,1305,3.55,2021-11-26 08:30:00,0.045565835128351,5066.68969459505,"moving",29,-14.69295,145.44156,"run_day_11652_liz21_del_07_29.json","07",11652
145.441689,-14.693363,1306,3.55,2021-11-26 07:47:00,0.0516900706941397,5747.67361908692,"moving",29,-14.69295,145.44156,"run_day_11652_liz21_del_07_29.json","07",11652
145.441783,-14.693833,1306,3.55,2021-11-26 07:59:00,0.0532306161247685,5918.97445523829,"moving",29,-14.69295,145.44156,"run_day_11652_liz21_del_07_29.json","07",11652
145.441903,-14.694268,1306,3.55,2021-11-26 08:11:00,0.050062232349696,5566.6662537873,"moving",29,-14.69295,145.44156,"run_day_11652_liz21_del_07_29.json","07",11652
145.442043,-14.694691,1306,3.55,2021-11-26 08:23:00,0.0493870513902776,5491.58955653297,"moving",29,-14.69295,145.44156,"run_day_11652_liz21_del_07_29.json","07",11652
145.441659,-14.693189,1307,3.55,2021-11-26 07:52:00,0.0501604746558777,5577.59029981657,"moving",29,-14.69295,145.44156,"run_day_11652_liz21_del_07_29.json","07",11652
145.441742,-14.693661,1307,3.55,2021-11-26 08:04:00,0.0532378484040173,5919.77864799884,"moving",29,-14.69295,145.44156,"run_day_11652_liz21_del_07_29.json","07",11652
145.441849,-14.6941,1307,3.55,2021-11-26 08:16:00,0.050152901415915,5576.74819395446,"moving",29,-14.69295,145.44156,"run_day_11652_liz21_del_07_29.json","07",11652
145.441979,-14.69452,1307,3.55,2021-11-26 08:28:00,0.0487501411244892,5420.76836624946,"moving",29,-14.69295,145.44156,"run_day_11652_liz21_del_07_29.json","07",11652
145.44178,-14.693536,1308,3.55,2021-11-26 07:52:00,0.0485814562502006,5402.01146402689,"moving",29,-14.69295,145.44156,"run_day_11652_liz21_del_07_29.json","07",11652
145.441873,-14.693944,1308,3.55,2021-11-26 08:04:00,0.046457198823504,5165.8048152912,"moving",29,-14.69295,145.44156,"run_day_11652_liz21_del_07_29.json","07",11652
145.441984,-14.694339,1308,3.55,2021-11-26 08:16:00,0.045515715710531,5061.11666960709,"moving",29,-14.69295,145.44156,"run_day_11652_liz21_del_07_29.json","07",11652
145.441707,-14.693191,1309,3.55,2021-11-26 07:38:00,0.0488391897389904,5430.67012040672,"moving",29,-14.69295,145.44156,"run_day_11652_liz21_del_07_29.json","07",11652
145.441785,-14.693632,1309,3.55,2021-11-26 07:50:00,0.0497494571564613,5531.88723911933,"moving",29,-14.69295,145.44156,"run_day_11652_liz21_del_07_29.json","07",11652
145.441889,-14.694048,1309,3.55,2021-11-26 08:02:00,0.0475904017323459,5291.81122961328,"moving",29,-14.69295,145.44156,"run_day_11652_liz21_del_07_29.json","07",11652
145.442009,-14.694456,1309,3.55,2021-11-26 08:14:00,0.0471678142561676,5244.82164619873,"moving",29,-14.69295,145.44156,"run_day_11652_liz21_del_07_29.json","07",11652
145.441604,-14.693236,1310,3.55,2021-11-26 07:37:00,0.0519010570720561,5771.13423390233,"moving",29,-14.69295,145.44156,"run_day_11652_liz21_del_07_29.json","07",11652
145.441704,-14.69373,1310,3.55,2021-11-26 07:49:00,0.0559734350332171,6223.96200256255,"moving",29,-14.69295,145.44156,"run_day_11652_liz21_del_07_29.json","07",11652
145.441836,-14.694213,1310,3.55,2021-11-26 08:01:00,0.0555520677556759,6177.10809904594,"moving",29,-14.69295,145.44156,"run_day_11652_liz21_del_07_29.json","07",11652
145.441986,-14.694666,1310,3.55,2021-11-26 08:13:00,0.0528920063953047,5881.32277120944,"moving",29,-14.69295,145.44156,"run_day_11652_liz21_del_07_29.json","07",11652
145.441584,-14.693634,1311,3.55,2021-11-26 07:15:00,0.0584144527521858,6495.39078876135,"moving",29,-14.69295,145.44156,"run_day_11652_liz21_del_07_29.json","07",11652
145.441742,-14.69416,1311,3.55,2021-11-26 07:27:00,0.060907400014878,6772.59387676516,"moving",29,-14.69295,145.44156,"run_day_11652_liz21_del_07_29.json","07",11652
145.441912,-14.694665,1311,3.55,2021-11-26 07:39:00,0.0590554384565966,6566.66514714351,"moving",29,-14.69295,145.44156,"run_day_11652_liz21_del_07_29.json","07",11652
145.441655,-14.693169,1312,3.55,2021-11-26 08:09:00,0.0494447713719916,5498.00772566559,"moving",29,-14.69295,145.44156,"run_day_11652_liz21_del_07_29.json","07",11652
145.441734,-14.693629,1312,3.55,2021-11-26 08:21:00,0.051850645653121,5765.5287398718,"moving",29,-14.69295,145.44156,"run_day_11652_liz21_del_07_29.json","07",11652
145.441834,-14.694064,1312,3.55,2021-11-26 08:33:00,0.0495512336409157,5509.84578984901,"moving",29,-14.69295,145.44156,"run_day_11652_liz21_del_07_29.json","07",11652
145.441959,-14.694479,1312,3.55,2021-11-26 08:45:00,0.0480645938384742,5344.53898606965,"moving",29,-14.69295,145.44156,"run_day_11652_liz21_del_07_29.json","07",11652
145.441619,-14.69322,1313,3.55,2021-11-26 08:05:00,0.0513759734075025,5712.74759434004,"moving",29,-14.69295,145.44156,"run_day_11652_liz21_del_07_29.json","07",11652
145.441707,-14.693695,1313,3.55,2021-11-26 08:17:00,0.0536589865425757,5966.60707242307,"moving",29,-14.69295,145.44156,"run_day_11652_liz21_del_07_29.json","07",11652
145.44182,-14.694155,1313,3.55,2021-11-26 08:29:00,0.0525738537242097,5845.94580828526,"moving",29,-14.69295,145.44156,"run_day_11652_liz21_del_07_29.json","07",11652
145.441958,-14.694587,1313,3.55,2021-11-26 08:41:00,0.0502771541952741,5590.56447264068,"moving",29,-14.69295,145.44156,"run_day_11652_liz21_del_07_29.json","07",11652
145.441694,-14.693227,1314,3.55,2021-11-26 08:01:00,0.0497143829297765,5527.987163056,"moving",29,-14.69295,145.44156,"run_day_11652_liz21_del_07_29.json","07",11652
145.44177,-14.693675,1314,3.55,2021-11-26 08:13:00,0.0504815646976775,5613.2938834608,"moving",29,-14.69295,145.44156,"run_day_11652_liz21_del_07_29.json","07",11652
145.44187,-14.69409,1314,3.55,2021-11-26 08:25:00,0.0473828177518884,5268.72894413373,"moving",29,-14.69295,145.44156,"run_day_11652_liz21_del_07_29.json","07",11652
145.441993,-14.694495,1314,3.55,2021-11-26 08:37:00,0.0469369757769081,5219.15357843073,"moving",29,-14.69295,145.44156,"run_day_11652_liz21_del_07_29.json","07",11652
145.441766,-14.693147,1315,3.55,2021-11-26 07:23:00,0.0456224144651373,5072.9810297986,"moving",29,-14.69295,145.44156,"run_day_11652_liz21_del_07_29.json","07",11652
145.441833,-14.693522,1315,3.55,2021-11-26 07:35:00,0.0423162364043905,4705.35080286001,"moving",29,-14.69295,145.44156,"run_day_11652_liz21_del_07_29.json","07",11652
145.441922,-14.69389,1315,3.55,2021-11-26 07:47:00,0.042024528911909,4672.91440963186,"moving",29,-14.69295,145.44156,"run_day_11652_liz21_del_07_29.json","07",11652
145.442027,-14.694265,1315,3.55,2021-11-26 07:59:00,0.0432004275822735,4803.66837602448,"moving",29,-14.69295,145.44156,"run_day_11652_liz21_del_07_29.json","07",11652
145.442147,-14.694655,1315,3.55,2021-11-26 08:11:00,0.0452460098913123,5031.12675082345,"moving",29,-14.69295,145.44156,"run_day_11652_liz21_del_07_29.json","07",11652
145.441753,-14.693584,1316,3.55,2021-11-26 07:20:00,0.0526936547682247,5859.26707658645,"moving",29,-14.69295,145.44156,"run_day_11652_liz21_del_07_29.json","07",11652
145.441874,-14.694026,1316,3.55,2021-11-26 07:32:00,0.0508421092260903,5653.38460584975,"moving",29,-14.69295,145.44156,"run_day_11652_liz21_del_07_29.json","07",11652
145.442003,-14.69447,1316,3.55,2021-11-26 07:44:00,0.051283198353276,5702.43147899088,"moving",29,-14.69295,145.44156,"run_day_11652_liz21_del_07_29.json","07",11652
145.441638,-14.693554,1317,3.55,2021-11-26 07:16:00,0.0560813392547642,6235.96040456211,"moving",29,-14.69295,145.44156,"run_day_11652_liz21_del_07_29.json","07",11652
145.441779,-14.69406,1317,3.55,2021-11-26 07:28:00,0.058272704195454,6479.62906839358,"moving",29,-14.69295,145.44156,"run_day_11652_liz21_del_07_29.json","07",11652
145.441932,-14.694547,1317,3.55,2021-11-26 07:40:00,0.0565972088568672,6293.32248712612,"moving",29,-14.69295,145.44156,"run_day_11652_liz21_del_07_29.json","07",11652
145.441511,-14.693601,1318,3.55,2021-11-26 07:37:00,0.0584858845360961,6503.33364073334,"moving",29,-14.69295,145.44156,"run_day_11652_liz21_del_07_29.json","07",11652
145.441664,-14.694136,1318,3.55,2021-11-26 07:49:00,0.0617234866486526,6863.33857014333,"moving",29,-14.69295,145.44156,"run_day_11652_liz21_del_07_29.json","07",11652
145.441845,-14.694661,1318,3.55,2021-11-26 08:01:00,0.0615379276298301,6842.70534865712,"moving",29,-14.69295,145.44156,"run_day_11652_liz21_del_07_29.json","07",11652
145.441632,-14.693369,1319,3.55,2021-11-26 08:02:00,0.0529238071245081,5884.85885096045,"moving",29,-14.69295,145.44156,"run_day_11652_liz21_del_07_29.json","07",11652
145.44173,-14.693856,1319,3.55,2021-11-26 08:14:00,0.0551682727145381,6134.43203760008,"moving",29,-14.69295,145.44156,"run_day_11652_liz21_del_07_29.json","07",11652
145.441857,-14.694313,1319,3.55,2021-11-26 08:26:00,0.0526200218396284,5851.07946849256,"moving",29,-14.69295,145.44156,"run_day_11652_liz21_del_07_29.json","07",11652
145.441539,-14.693341,1320,3.55,2021-11-26 07:18:00,0.0554776981771034,6168.83857921199,"moving",29,-14.69295,145.44156,"run_day_11652_liz21_del_07_29.json","07",11652
145.441668,-14.693851,1320,3.55,2021-11-26 07:30:00,0.0583821385775971,6491.79761648837,"moving",29,-14.69295,145.44156,"run_day_11652_liz21_del_07_29.json","07",11652
145.441826,-14.694366,1320,3.55,2021-11-26 07:42:00,0.0597338018548413,6642.09571544969,"moving",29,-14.69295,145.44156,"run_day_11652_liz21_del_07_29.json","07",11652
145.441612,-14.693265,1321,3.55,2021-11-26 07:35:00,0.0519868896046763,5780.67837607075,"moving",29,-14.69295,145.44156,"run_day_11652_liz21_del_07_29.json","07",11652
145.441714,-14.693759,1321,3.55,2021-11-26 07:47:00,0.0560151694016082,6228.60265259436,"moving",29,-14.69295,145.44156,"run_day_11652_liz21_del_07_29.json","07",11652
145.441848,-14.694239,1321,3.55,2021-11-26 07:59:00,0.0552853169551394,6147.44676334791,"moving",29,-14.69295,145.44156,"run_day_11652_liz21_del_07_29.json","07",11652
145.442,-14.694693,1321,3.55,2021-11-26 08:11:00,0.0530637938325476,5900.42466269212,"moving",29,-14.69295,145.44156,"run_day_11652_liz21_del_07_29.json","07",11652
145.441595,-14.693667,1322,3.55,2021-11-26 08:04:00,0.0569511850593828,6332.68284499876,"moving",29,-14.69295,145.44156,"run_day_11652_liz21_del_07_29.json","07",11652
145.441727,-14.694176,1322,3.55,2021-11-26 08:16:00,0.058351800758731,6488.424204945,"moving",29,-14.69295,145.44156,"run_day_11652_liz21_del_07_29.json","07",11652
145.441889,-14.694654,1322,3.55,2021-11-26 08:28:00,0.0559343996816428,6219.6214695077,"moving",29,-14.69295,145.44156,"run_day_11652_liz21_del_07_29.json","07",11652
145.441525,-14.693528,1323,3.55,2021-11-26 07:47:00,0.0573662017399836,6378.83059435444,"moving",29,-14.69295,145.44156,"run_day_11652_liz21_del_07_29.json","07",11652
145.441662,-14.694055,1323,3.55,2021-11-26 07:59:00,0.060424023393551,6718.844848815,"moving",29,-14.69295,145.44156,"run_day_11652_liz21_del_07_29.json","07",11652
145.44183,-14.694566,1323,3.55,2021-11-26 08:11:00,0.0596246383700438,6629.95728976536,"moving",29,-14.69295,145.44156,"run_day_11652_liz21_del_07_29.json","07",11652
145.441674,-14.693342,1324,3.55,2021-11-26 07:52:00,0.0517098744404659,5749.87569520695,"moving",29,-14.69295,145.44156,"run_day_11652_liz21_del_07_29.json","07",11652
145.441767,-14.693819,1324,3.55,2021-11-26 08:04:00,0.0539749771956439,6001.74362991135,"moving",29,-14.69295,145.44156,"run_day_11652_liz21_del_07_29.json","07",11652
145.441886,-14.694257,1324,3.55,2021-11-26 08:16:00,0.0503571675534084,5599.461552129,"moving",29,-14.69295,145.44156,"run_day_11652_liz21_del_07_29.json","07",11652
145.442026,-14.694681,1324,3.55,2021-11-26 08:28:00,0.0494929635273663,5503.36644884732,"moving",29,-14.69295,145.44156,"run_day_11652_liz21_del_07_29.json","07",11652
145.441776,-14.693358,1325,3.55,2021-11-26 07:48:00,0.0467912017297722,5202.94424395276,"moving",29,-14.69295,145.44156,"run_day_11652_liz21_del_07_29.json","07",11652
145.441851,-14.693751,1325,3.55,2021-11-26 08:00:00,0.0444379362856849,4941.2730655223,"moving",29,-14.69295,145.44156,"run_day_11652_liz21_del_07_29.json","07",11652
145.441949,-14.694129,1325,3.55,2021-11-26 08:12:00,0.0433332303371238,4818.43536860825,"moving",29,-14.69295,145.44156,"run_day_11652_liz21_del_07_29.json","07",11652
145.442063,-14.694513,1325,3.55,2021-11-26 08:24:00,0.0444245343565356,4939.78283899365,"moving",29,-14.69295,145.44156,"run_day_11652_liz21_del_07_29.json","07",11652
145.441671,-14.693683,1326,3.55,2021-11-26 07:16:00,0.0571277376806162,6352.31460076571,"moving",29,-14.69295,145.44156,"run_day_11652_liz21_del_07_29.json","07",11652
145.44182,-14.694185,1326,3.55,2021-11-26 07:28:00,0.0580749037607282,6457.63466356398,"moving",29,-14.69295,145.44156,"run_day_11652_liz21_del_07_29.json","07",11652
145.441977,-14.694666,1326,3.55,2021-11-26 07:40:00,0.0560872271160763,6236.61510486881,"moving",29,-14.69295,145.44156,"run_day_11652_liz21_del_07_29.json","07",11652
145.44164,-14.693321,1327,3.55,2021-11-26 07:51:00,0.0522693496802891,5812.08650345854,"moving",29,-14.69295,145.44156,"run_day_11652_liz21_del_07_29.json","07",11652
145.441736,-14.693811,1327,3.55,2021-11-26 08:03:00,0.0554552924276693,6166.34717354724,"moving",29,-14.69295,145.44156,"run_day_11652_liz21_del_07_29.json","07",11652
145.441861,-14.694268,1327,3.55,2021-11-26 08:15:00,0.0525645899522124,5844.91572383756,"moving",29,-14.69295,145.44156,"run_day_11652_liz21_del_07_29.json","07",11652
145.442007,-14.694702,1327,3.55,2021-11-26 08:27:00,0.0507492967716136,5643.06433178252,"moving",29,-14.69295,145.44156,"run_day_11652_liz21_del_07_29.json","07",11652
145.441471,-14.693455,1328,3.55,2021-11-26 07:16:00,0.0586470744019171,6521.25713603914,"moving",29,-14.69295,145.44156,"run_day_11652_liz21_del_07_29.json","07",11652
145.441623,-14.693985,1328,3.55,2021-11-26 07:28:00,0.0611589791284501,6800.56819784411,"moving",29,-14.69295,145.44156,"run_day_11652_liz21_del_07_29.json","07",11652
145.441799,-14.694518,1328,3.55,2021-11-26 07:40:00,0.0622167049337488,6918.18194117435,"moving",29,-14.69295,145.44156,"run_day_11652_liz21_del_07_29.json","07",11652
145.441627,-14.693457,1329,3.55,2021-11-26 07:21:00,0.0547316967911718,6085.88700982657,"moving",29,-14.69295,145.44156,"run_day_11652_liz21_del_07_29.json","07",11652
145.441756,-14.69396,1329,3.55,2021-11-26 07:33:00,0.0576263704591943,6407.76003600228,"moving",29,-14.69295,145.44156,"run_day_11652_liz21_del_07_29.json","07",11652
145.441904,-14.694445,1329,3.55,2021-11-26 07:45:00,0.056229859601289,6252.47511359917,"moving",29,-14.69295,145.44156,"run_day_11652_liz21_del_07_29.json","07",11652
145.441723,-14.693474,1330,3.55,2021-11-26 07:32:00,0.0520180501374841,5784.14326923052,"moving",29,-14.69295,145.44156,"run_day_11652_liz21_del_07_29.json","07",11652
145.44183,-14.693927,1330,3.55,2021-11-26 07:44:00,0.0516693261364131,5745.36692951223,"moving",29,-14.69295,145.44156,"run_day_11652_liz21_del_07_29.json","07",11652
145.441957,-14.694364,1330,3.55,2021-11-26 07:56:00,0.0504756644416014,5612.63780491922,"moving",29,-14.69295,145.44156,"run_day_11652_liz21_del_07_29.json","07",11652
145.4415,-14.693461,1331,3.55,2021-11-26 07:23:00,0.0573816490530454,6380.5482571972,"moving",29,-14.69295,145.44156,"run_day_11652_liz21_del_07_29.json","07",11652
145.441647,-14.693987,1331,3.55,2021-11-26 07:35:00,0.0605879402969136,6737.07157686022,"moving",29,-14.69295,145.44156,"run_day_11652_liz21_del_07_29.json","07",11652
145.441818,-14.694514,1331,3.55,2021-11-26 07:47:00,0.0614183163407211,6829.40518013879,"moving",29,-14.69295,145.44156,"run_day_11652_liz21_del_07_29.json","07",11652
145.441682,-14.693696,1332,3.55,2021-11-26 07:15:00,0.0571277375259253,6352.31458356487,"moving",29,-14.69295,145.44156,"run_day_11652_liz21_del_07_29.json","07",11652
145.44183,-14.694194,1332,3.55,2021-11-26 07:27:00,0.0576177164380863,6406.79775276,"moving",29,-14.69295,145.44156,"run_day_11652_liz21_del_07_29.json","07",11652
145.441987,-14.694673,1332,3.55,2021-11-26 07:39:00,0.055875196162505,6213.03833854007,"moving",29,-14.69295,145.44156,"run_day_11652_liz21_del_07_29.json","07",11652
145.441647,-14.693301,1333,3.55,2021-11-26 07:27:00,0.0518109255451938,5761.11206538451,"moving",29,-14.69295,145.44156,"run_day_11652_liz21_del_07_29.json","07",11652
145.44175,-14.693788,1333,3.55,2021-11-26 07:39:00,0.055273547441333,6146.13805312356,"moving",29,-14.69295,145.44156,"run_day_11652_liz21_del_07_29.json","07",11652
145.441884,-14.694253,1333,3.55,2021-11-26 07:51:00,0.0536768303028101,5968.5912080334,"moving",29,-14.69295,145.44156,"run_day_11652_liz21_del_07_29.json","07",11652
145.4417,-14.693671,1334,3.55,2021-11-26 07:24:00,0.0555567635228523,6177.63024453266,"moving",29,-14.69295,145.44156,"run_day_11652_liz21_del_07_29.json","07",11652
145.441839,-14.694158,1334,3.55,2021-11-26 07:36:00,0.0561778590024769,6246.69291082878,"moving",29,-14.69295,145.44156,"run_day_11652_liz21_del_07_29.json","07",11652
145.441989,-14.694628,1334,3.55,2021-11-26 07:48:00,0.0546952727973797,6081.83684650876,"moving",29,-14.69295,145.44156,"run_day_11652_liz21_del_07_29.json","07",11652
145.441737,-14.693468,1335,3.55,2021-11-26 07:27:00,0.0514323327933254,5719.01447211235,"moving",29,-14.69295,145.44156,"run_day_11652_liz21_del_07_29.json","07",11652
145.441843,-14.69391,1335,3.55,2021-11-26 07:39:00,0.0504532305539666,5610.14327042932,"moving",29,-14.69295,145.44156,"run_day_11652_liz21_del_07_29.json","07",11652
145.441968,-14.694341,1335,3.55,2021-11-26 07:51:00,0.049775182026286,5534.74771413243,"moving",29,-14.69295,145.44156,"run_day_11652_liz21_del_07_29.json","07",11652
145.441582,-14.693274,1336,3.55,2021-11-26 07:56:00,0.0530966528653249,5904.0784204314,"moving",29,-14.69295,145.44156,"run_day_11652_liz21_del_07_29.json","07",11652
145.441682,-14.693768,1336,3.55,2021-11-26 08:08:00,0.0559734346737655,6223.96196259335,"moving",29,-14.69295,145.44156,"run_day_11652_liz21_del_07_29.json","07",11652
145.44181,-14.694249,1336,3.55,2021-11-26 08:20:00,0.0552282740078743,6141.10387701118,"moving",29,-14.69295,145.44156,"run_day_11652_liz21_del_07_29.json","07",11652
145.441962,-14.694698,1336,3.55,2021-11-26 08:32:00,0.0525351437620324,5841.64145688054,"moving",29,-14.69295,145.44156,"run_day_11652_liz21_del_07_29.json","07",11652
145.441471,-14.693533,1337,3.55,2021-11-26 08:03:00,0.0585981852982743,6515.82091574587,"moving",29,-14.69295,145.44156,"run_day_11652_liz21_del_07_29.json","07",11652
145.441605,-14.694056,1337,3.55,2021-11-26 08:15:00,0.0599143310025394,6662.16964078518,"moving",29,-14.69295,145.44156,"run_day_11652_liz21_del_07_29.json","07",11652
145.441775,-14.694569,1337,3.55,2021-11-26 08:27:00,0.0599019204359849,6660.78964874753,"moving",29,-14.69295,145.44156,"run_day_11652_liz21_del_07_29.json","07",11652
145.441461,-14.693393,1338,3.55,2021-11-26 07:28:00,0.0573021354258041,6371.70674524886,"moving",29,-14.69295,145.44156,"run_day_11652_liz21_del_07_29.json","07",11652
145.441602,-14.693919,1338,3.55,2021-11-26 07:40:00,0.06042274212468,6718.70237821688,"moving",29,-14.69295,145.44156,"run_day_11652_liz21_del_07_29.json","07",11652
145.441774,-14.694454,1338,3.55,2021-11-26 07:52:00,0.0622994787639965,6927.38597115683,"moving",29,-14.69295,145.44156,"run_day_11652_liz21_del_07_29.json","07",11652
145.441738,-14.693274,1339,3.55,2021-11-26 07:36:00,0.0488008000049541,5426.40137674666,"moving",29,-14.69295,145.44156,"run_day_11652_liz21_del_07_29.json","07",11652
145.441817,-14.693694,1339,3.55,2021-11-26 07:48:00,0.0474685751442308,5278.26473108446,"moving",29,-14.69295,145.44156,"run_day_11652_liz21_del_07_29.json","07",11652
145.441922,-14.694097,1339,3.55,2021-11-26 08:00:00,0.0462127831033356,5138.6270272163,"moving",29,-14.69295,145.44156,"run_day_11652_liz21_del_07_29.json","07",11652
145.442042,-14.694501,1339,3.55,2021-11-26 08:12:00,0.0467401684370798,5197.2696007154,"moving",29,-14.69295,145.44156,"run_day_11652_liz21_del_07_29.json","07",11652
145.44177,-14.693151,1340,3.55,2021-11-26 07:41:00,0.0447638945018183,4977.51796545445,"moving",29,-14.69295,145.44156,"run_day_11652_liz21_del_07_29.json","07",11652
145.441834,-14.693526,1340,3.55,2021-11-26 07:53:00,0.0422624810800548,4699.37348351374,"moving",29,-14.69295,145.44156,"run_day_11652_liz21_del_07_29.json","07",11652
145.441914,-14.693886,1340,3.55,2021-11-26 08:05:00,0.0409445372536982,4552.82481642037,"moving",29,-14.69295,145.44156,"run_day_11652_liz21_del_07_29.json","07",11652
145.442011,-14.694243,1340,3.55,2021-11-26 08:17:00,0.0410447276108568,4563.96547583512,"moving",29,-14.69295,145.44156,"run_day_11652_liz21_del_07_29.json","07",11652
145.442125,-14.694617,1340,3.55,2021-11-26 08:29:00,0.0433568635857815,4821.06326595912,"moving",29,-14.69295,145.44156,"run_day_11652_liz21_del_07_29.json","07",11652
145.441688,-14.693195,1341,3.55,2021-11-26 08:02:00,0.0494764836401037,5501.53396899204,"moving",29,-14.69295,145.44156,"run_day_11652_liz21_del_07_29.json","07",11652
145.441764,-14.693642,1341,3.55,2021-11-26 08:14:00,0.0503718406977597,5601.09313133879,"moving",29,-14.69295,145.44156,"run_day_11652_liz21_del_07_29.json","07",11652
145.441861,-14.694059,1341,3.55,2021-11-26 08:26:00,0.0475275553092125,5284.82302620309,"moving",29,-14.69295,145.44156,"run_day_11652_liz21_del_07_29.json","07",11652
145.441982,-14.694462,1341,3.55,2021-11-26 08:38:00,0.0466631918313589,5188.71019268892,"moving",29,-14.69295,145.44156,"run_day_11652_liz21_del_07_29.json","07",11652
145.441691,-14.693255,1342,3.55,2021-11-26 07:58:00,0.0502806204745001,5590.94990530493,"moving",29,-14.69295,145.44156,"run_day_11652_liz21_del_07_29.json","07",11652
145.441771,-14.693709,1342,3.55,2021-11-26 08:10:00,0.0512105746662769,5694.35609344236,"moving",29,-14.69295,145.44156,"run_day_11652_liz21_del_07_29.json","07",11652
145.441875,-14.694129,1342,3.55,2021-11-26 08:22:00,0.0480228331627879,5339.89541080008,"moving",29,-14.69295,145.44156,"run_day_11652_liz21_del_07_29.json","07",11652
145.442001,-14.694537,1342,3.55,2021-11-26 08:34:00,0.0473484744418063,5264.91014228842,"moving",29,-14.69295,145.44156,"run_day_11652_liz21_del_07_29.json","07",11652
145.441701,-14.693239,1343,3.55,2021-11-26 07:32:00,0.0495540526659109,5510.15925112656,"moving",29,-14.69295,145.44156,"run_day_11652_liz21_del_07_29.json","07",11652
145.441786,-14.693689,1343,3.55,2021-11-26 07:44:00,0.0508660781027873,5656.04982333583,"moving",29,-14.69295,145.44156,"run_day_11652_liz21_del_07_29.json","07",11652
145.441899,-14.694116,1343,3.55,2021-11-26 07:56:00,0.0490111656434516,5449.79296848792,"moving",29,-14.69295,145.44156,"run_day_11652_liz21_del_07_29.json","07",11652
145.442027,-14.694538,1343,3.55,2021-11-26 08:08:00,0.0489022316685338,5437.68006313783,"moving",29,-14.69295,145.44156,"run_day_11652_liz21_del_07_29.json","07",11652
145.441603,-14.693202,1344,3.55,2021-11-26 08:09:00,0.0511793171318129,5690.88041419054,"moving",29,-14.69295,145.44156,"run_day_11652_liz21_del_07_29.json","07",11652
145.441691,-14.693676,1344,3.55,2021-11-26 08:21:00,0.053549538934911,5954.43705371738,"moving",29,-14.69295,145.44156,"run_day_11652_liz21_del_07_29.json","07",11652
145.441804,-14.694143,1344,3.55,2021-11-26 08:33:00,0.0533314366492262,5930.18518605964,"moving",29,-14.69295,145.44156,"run_day_11652_liz21_del_07_29.json","07",11652
145.441944,-14.69458,1344,3.55,2021-11-26 08:45:00,0.0508718724143268,5656.69412138242,"moving",29,-14.69295,145.44156,"run_day_11652_liz21_del_07_29.json","07",11652
145.441776,-14.693239,1345,3.55,2021-11-26 07:38:00,0.0453662348710433,5044.49515862548,"moving",29,-14.69295,145.44156,"run_day_11652_liz21_del_07_29.json","07",11652
145.441843,-14.693619,1345,3.55,2021-11-26 07:50:00,0.0428641936261562,4766.2808659386,"moving",29,-14.69295,145.44156,"run_day_11652_liz21_del_07_29.json","07",11652
145.441934,-14.693988,1345,3.55,2021-11-26 08:02:00,0.0421822025411298,4690.44691726684,"moving",29,-14.69295,145.44156,"run_day_11652_liz21_del_07_29.json","07",11652
145.442039,-14.694361,1345,3.55,2021-11-26 08:14:00,0.0429858095158772,4779.80393587494,"moving",29,-14.69295,145.44156,"run_day_11652_liz21_del_07_29.json","07",11652
145.44151,-14.693616,1346,3.55,2021-11-26 07:40:00,0.0587015444167355,6527.3139253412,"moving",29,-14.69295,145.44156,"run_day_11652_liz21_del_07_29.json","07",11652
145.441663,-14.694152,1346,3.55,2021-11-26 07:52:00,0.0618306634565432,6875.25608743472,"moving",29,-14.69295,145.44156,"run_day_11652_liz21_del_07_29.json","07",11652
145.441844,-14.694675,1346,3.55,2021-11-26 08:04:00,0.0613269996623252,6819.25122878313,"moving",29,-14.69295,145.44156,"run_day_11652_liz21_del_07_29.json","07",11652
145.441744,-14.693196,1347,3.55,2021-11-26 07:43:00,0.0474848833831743,5280.0781245175,"moving",29,-14.69295,145.44156,"run_day_11652_liz21_del_07_29.json","07",11652
145.441815,-14.693601,1347,3.55,2021-11-26 07:55:00,0.0456768510707265,5079.03410416387,"moving",29,-14.69295,145.44156,"run_day_11652_liz21_del_07_29.json","07",11652
145.441906,-14.693987,1347,3.55,2021-11-26 08:07:00,0.0440231093902101,4895.1464193098,"moving",29,-14.69295,145.44156,"run_day_11652_liz21_del_07_29.json","07",11652
145.442014,-14.694369,1347,3.55,2021-11-26 08:19:00,0.0440362094910364,4896.60308406022,"moving",29,-14.69295,145.44156,"run_day_11652_liz21_del_07_29.json","07",11652
145.441644,-14.693517,1348,3.55,2021-11-26 07:55:00,0.0546019930125966,6071.46460768239,"moving",29,-14.69295,145.44156,"run_day_11652_liz21_del_07_29.json","07",11652
145.441759,-14.694014,1348,3.55,2021-11-26 08:07:00,0.0566312069032222,6297.10289739662,"moving",29,-14.69295,145.44156,"run_day_11652_liz21_del_07_29.json","07",11652
145.4419,-14.694474,1348,3.55,2021-11-26 08:19:00,0.0533506005505943,5932.31611466649,"moving",29,-14.69295,145.44156,"run_day_11652_liz21_del_07_29.json","07",11652
145.441692,-14.693201,1349,3.55,2021-11-26 07:21:00,0.0499420975123574,5553.30786936198,"moving",29,-14.69295,145.44156,"run_day_11652_liz21_del_07_29.json","07",11652
145.441779,-14.693651,1349,3.55,2021-11-26 07:33:00,0.0509051825330923,5660.39803759508,"moving",29,-14.69295,145.44156,"run_day_11652_liz21_del_07_29.json","07",11652
145.441896,-14.694083,1349,3.55,2021-11-26 07:45:00,0.0496572492873143,5521.63419187349,"moving",29,-14.69295,145.44156,"run_day_11652_liz21_del_07_29.json","07",11652
145.442025,-14.694515,1349,3.55,2021-11-26 07:57:00,0.0499999269875052,5559.73821360894,"moving",29,-14.69295,145.44156,"run_day_11652_liz21_del_07_29.json","07",11652
145.441723,-14.693362,1350,3.55,2021-11-26 08:05:00,0.0504252122198958,5607.02777382762,"moving",29,-14.69295,145.44156,"run_day_11652_liz21_del_07_29.json","07",11652
145.441802,-14.693793,1350,3.55,2021-11-26 08:17:00,0.04867245510913,5412.13007547029,"moving",29,-14.69295,145.44156,"run_day_11652_liz21_del_07_29.json","07",11652
145.441907,-14.694196,1350,3.55,2021-11-26 08:29:00,0.0462127818522262,5138.62688809928,"moving",29,-14.69295,145.44156,"run_day_11652_liz21_del_07_29.json","07",11652
145.442034,-14.694597,1350,3.55,2021-11-26 08:41:00,0.0466345978483658,5185.53068684753,"moving",29,-14.69295,145.44156,"run_day_11652_liz21_del_07_29.json","07",11652
145.441678,-14.693568,1351,3.55,2021-11-26 07:19:00,0.0551431156655149,6131.63470137935,"moving",29,-14.69295,145.44156,"run_day_11652_liz21_del_07_29.json","07",11652
145.441813,-14.694057,1351,3.55,2021-11-26 07:31:00,0.0562797280786305,6258.02023527903,"moving",29,-14.69295,145.44156,"run_day_11652_liz21_del_07_29.json","07",11652
145.441958,-14.694531,1351,3.55,2021-11-26 07:43:00,0.0549654150538458,6111.87529490011,"moving",29,-14.69295,145.44156,"run_day_11652_liz21_del_07_29.json","07",11652
145.441604,-14.693333,1352,3.55,2021-11-26 07:18:00,0.0539945719747414,6003.92246993572,"moving",29,-14.69295,145.44156,"run_day_11652_liz21_del_07_29.json","07",11652
145.441722,-14.693833,1352,3.55,2021-11-26 07:30:00,0.0570277310519962,6341.19437103234,"moving",29,-14.69295,145.44156,"run_day_11652_liz21_del_07_29.json","07",11652
145.441868,-14.694321,1352,3.55,2021-11-26 07:42:00,0.0564897016747458,6281.36823389636,"moving",29,-14.69295,145.44156,"run_day_11652_liz21_del_07_29.json","07",11652
145.441556,-14.6935,1353,3.55,2021-11-26 07:33:00,0.0561264657936663,6240.97824674506,"moving",29,-14.69295,145.44156,"run_day_11652_liz21_del_07_29.json","07",11652
145.441694,-14.694022,1353,3.55,2021-11-26 07:45:00,0.0599115453631872,6661.85989182175,"moving",29,-14.69295,145.44156,"run_day_11652_liz21_del_07_29.json","07",11652
145.441858,-14.694532,1353,3.55,2021-11-26 07:57:00,0.0593894801269105,6603.80888617029,"moving",29,-14.69295,145.44156,"run_day_11652_liz21_del_07_29.json","07",11652
145.441662,-14.693338,1354,3.55,2021-11-26 07:35:00,0.0517242160711008,5751.47041177335,"moving",29,-14.69295,145.44156,"run_day_11652_liz21_del_07_29.json","07",11652
145.441763,-14.693823,1354,3.55,2021-11-26 07:47:00,0.0550128049423104,6117.14481007162,"moving",29,-14.69295,145.44156,"run_day_11652_liz21_del_07_29.json","07",11652
145.441893,-14.694279,1354,3.55,2021-11-26 07:59:00,0.0525975061882934,5848.57584229401,"moving",29,-14.69295,145.44156,"run_day_11652_liz21_del_07_29.json","07",11652
145.441726,-14.693642,1355,3.55,2021-11-26 07:37:00,0.0541042476660749,6016.11785038823,"moving",29,-14.69295,145.44156,"run_day_11652_liz21_del_07_29.json","07",11652
145.44185,-14.694108,1355,3.55,2021-11-26 07:49:00,0.0535057576264004,5949.56879432913,"moving",29,-14.69295,145.44156,"run_day_11652_liz21_del_07_29.json","07",11652
145.44199,-14.694559,1355,3.55,2021-11-26 08:01:00,0.0523608688264047,5822.26296819743,"moving",29,-14.69295,145.44156,"run_day_11652_liz21_del_07_29.json","07",11652
145.441704,-14.69316,1356,3.55,2021-11-26 07:35:00,0.0485111271582662,5394.19122580827,"moving",29,-14.69295,145.44156,"run_day_11652_liz21_del_07_29.json","07",11652
145.441781,-14.6936,1356,3.55,2021-11-26 07:47:00,0.0496217933914382,5517.69167613242,"moving",29,-14.69295,145.44156,"run_day_11652_liz21_del_07_29.json","07",11652
145.441884,-14.694017,1356,3.55,2021-11-26 07:59:00,0.0476733794166252,5301.03792712986,"moving",29,-14.69295,145.44156,"run_day_11652_liz21_del_07_29.json","07",11652
145.442003,-14.694426,1356,3.55,2021-11-26 08:11:00,0.0472455231766882,5253.46248391564,"moving",29,-14.69295,145.44156,"run_day_11652_liz21_del_07_29.json","07",11652
145.441513,-14.693279,1357,3.55,2021-11-26 08:05:00,0.0547639159271807,6089.46961429164,"moving",29,-14.69295,145.44156,"run_day_11652_liz21_del_07_29.json","07",11652
145.441621,-14.693777,1357,3.55,2021-11-26 08:17:00,0.0565803631015972,6291.4493246046,"moving",29,-14.69295,145.44156,"run_day_11652_liz21_del_07_29.json","07",11652
145.441757,-14.694276,1357,3.55,2021-11-26 08:29:00,0.0573820696337181,6380.59502363425,"moving",29,-14.69295,145.44156,"run_day_11652_liz21_del_07_29.json","07",11652
145.441552,-14.69357,1358,3.55,2021-11-26 07:37:00,0.0571498289804044,6354.77104122515,"moving",29,-14.69295,145.44156,"run_day_11652_liz21_del_07_29.json","07",11652
145.441696,-14.694097,1358,3.55,2021-11-26 07:49:00,0.0606120312041999,6739.75036352871,"moving",29,-14.69295,145.44156,"run_day_11652_liz21_del_07_29.json","07",11652
145.441867,-14.694608,1358,3.55,2021-11-26 08:01:00,0.0597232180753644,6640.91885286713,"moving",29,-14.69295,145.44156,"run_day_11652_liz21_del_07_29.json","07",11652
145.441696,-14.693585,1359,3.55,2021-11-26 07:56:00,0.0541157724405051,6017.39934683559,"moving",29,-14.69295,145.44156,"run_day_11652_liz21_del_07_29.json","07",11652
145.441809,-14.694059,1359,3.55,2021-11-26 08:08:00,0.0540896105976952,6014.49028264346,"moving",29,-14.69295,145.44156,"run_day_11652_liz21_del_07_29.json","07",11652
145.441944,-14.694499,1359,3.55,2021-11-26 08:20:00,0.0510349983723606,5674.83290031981,"moving",29,-14.69295,145.44156,"run_day_11652_liz21_del_07_29.json","07",11652
145.441638,-14.693521,1360,3.55,2021-11-26 07:13:00,0.0560587466613455,6233.44822279421,"moving",29,-14.69295,145.44156,"run_day_11652_liz21_del_07_29.json","07",11652
145.441776,-14.694027,1360,3.55,2021-11-26 07:25:00,0.0581895612843193,6470.38399848894,"moving",29,-14.69295,145.44156,"run_day_11652_liz21_del_07_29.json","07",11652
145.441927,-14.694513,1360,3.55,2021-11-26 07:37:00,0.0564285376625281,6274.56710604453,"moving",29,-14.69295,145.44156,"run_day_11652_liz21_del_07_29.json","07",11652
145.441704,-14.693268,1361,3.55,2021-11-26 07:44:00,0.0500617795077773,5566.61590006337,"moving",29,-14.69295,145.44156,"run_day_11652_liz21_del_07_29.json","07",11652
145.441787,-14.693719,1361,3.55,2021-11-26 07:56:00,0.0509373242211608,5663.97203024207,"moving",29,-14.69295,145.44156,"run_day_11652_liz21_del_07_29.json","07",11652
145.441897,-14.694141,1361,3.55,2021-11-26 08:08:00,0.0483928538593012,5381.03983500585,"moving",29,-14.69295,145.44156,"run_day_11652_liz21_del_07_29.json","07",11652
145.442023,-14.694554,1361,3.55,2021-11-26 08:20:00,0.0478814526425627,5324.17461422468,"moving",29,-14.69295,145.44156,"run_day_11652_liz21_del_07_29.json","07",11652
145.441589,-14.693492,1362,3.55,2021-11-26 07:56:00,0.0554925735662319,6170.49264701494,"moving",29,-14.69295,145.44156,"run_day_11652_liz21_del_07_29.json","07",11652
145.441708,-14.694002,1362,3.55,2021-11-26 08:08:00,0.0581359030250159,6464.41747228182,"moving",29,-14.69295,145.44156,"run_day_11652_liz21_del_07_29.json","07",11652
145.441858,-14.694484,1362,3.55,2021-11-26 08:20:00,0.0559716278187452,6223.76104948191,"moving",29,-14.69295,145.44156,"run_day_11652_liz21_del_07_29.json","07",11652
145.441598,-14.693602,1363,3.55,2021-11-26 07:35:00,0.0564617686394054,6278.26222208073,"moving",29,-14.69295,145.44156,"run_day_11652_liz21_del_07_29.json","07",11652
145.441741,-14.694123,1363,3.55,2021-11-26 07:47:00,0.0599395631410716,6664.97532657836,"moving",29,-14.69295,145.44156,"run_day_11652_liz21_del_07_29.json","07",11652
145.441906,-14.69462,1363,3.55,2021-11-26 07:59:00,0.0580435611300583,6454.14952204579,"moving",29,-14.69295,145.44156,"run_day_11652_liz21_del_07_29.json","07",11652
145.441699,-14.693627,1364,3.55,2021-11-26 07:57:00,0.0546111393642309,6072.48163558143,"moving",29,-14.69295,145.44156,"run_day_11652_liz21_del_07_29.json","07",11652
145.441815,-14.694101,1364,3.55,2021-11-26 08:09:00,0.0541630286573199,6022.65399839782,"moving",29,-14.69295,145.44156,"run_day_11652_liz21_del_07_29.json","07",11652
145.441953,-14.694543,1364,3.55,2021-11-26 08:21:00,0.0513405922953811,5708.8133941731,"moving",29,-14.69295,145.44156,"run_day_11652_liz21_del_07_29.json","07",11652
145.441552,-14.693647,1365,3.55,2021-11-26 07:49:00,0.0582321422020988,6475.11878051789,"moving",29,-14.69295,145.44156,"run_day_11652_liz21_del_07_29.json","07",11652
145.441697,-14.694176,1365,3.55,2021-11-26 08:01:00,0.0608545393479879,6766.71603878793,"moving",29,-14.69295,145.44156,"run_day_11652_liz21_del_07_29.json","07",11652
145.44187,-14.694678,1365,3.55,2021-11-26 08:13:00,0.058839581915077,6542.6629948435,"moving",29,-14.69295,145.44156,"run_day_11652_liz21_del_07_29.json","07",11652
145.441474,-14.693396,1366,3.55,2021-11-26 07:39:00,0.0569240874854936,6329.6697322579,"moving",29,-14.69295,145.44156,"run_day_11652_liz21_del_07_29.json","07",11652
145.441609,-14.693922,1366,3.55,2021-11-26 07:51:00,0.0602640009888471,6701.05116926247,"moving",29,-14.69295,145.44156,"run_day_11652_liz21_del_07_29.json","07",11652
145.441776,-14.694451,1366,3.55,2021-11-26 08:03:00,0.0615035141678551,6838.87874627723,"moving",29,-14.69295,145.44156,"run_day_11652_liz21_del_07_29.json","07",11652
145.441516,-14.693429,1367,3.55,2021-11-26 07:56:00,0.0565101059060208,6283.63708089623,"moving",29,-14.69295,145.44156,"run_day_11652_liz21_del_07_29.json","07",11652
145.441639,-14.693945,1367,3.55,2021-11-26 08:08:00,0.0588820568231134,6547.38598912684,"moving",29,-14.69295,145.44156,"run_day_11652_liz21_del_07_29.json","07",11652
145.441795,-14.69445,1367,3.55,2021-11-26 08:20:00,0.0586067034929836,6516.76809578172,"moving",29,-14.69295,145.44156,"run_day_11652_liz21_del_07_29.json","07",11652
145.441611,-14.693561,1368,3.55,2021-11-26 07:44:00,0.0557325817608195,6197.18034060619,"moving",29,-14.69295,145.44156,"run_day_11652_liz21_del_07_29.json","07",11652
145.441742,-14.694077,1368,3.55,2021-11-26 07:56:00,0.0590813353413985,6569.54474934939,"moving",29,-14.69295,145.44156,"run_day_11652_liz21_del_07_29.json","07",11652
145.441899,-14.694561,1368,3.55,2021-11-26 08:08:00,0.0564054253238742,6271.99713124332,"moving",29,-14.69295,145.44156,"run_day_11652_liz21_del_07_29.json","07",11652
145.441719,-14.693508,1369,3.55,2021-11-26 07:59:00,0.0525620909584695,5844.63784841164,"moving",29,-14.69295,145.44156,"run_day_11652_liz21_del_07_29.json","07",11652
145.441817,-14.693957,1369,3.55,2021-11-26 08:11:00,0.0510270943053423,5673.95400816752,"moving",29,-14.69295,145.44156,"run_day_11652_liz21_del_07_29.json","07",11652
145.441938,-14.694378,1369,3.55,2021-11-26 08:23:00,0.0485884871898164,5402.79326884171,"moving",29,-14.69295,145.44156,"run_day_11652_liz21_del_07_29.json","07",11652
145.441599,-14.693439,1370,3.55,2021-11-26 07:22:00,0.0550652398142886,6122.97530181485,"moving",29,-14.69295,145.44156,"run_day_11652_liz21_del_07_29.json","07",11652
145.44173,-14.693948,1370,3.55,2021-11-26 07:34:00,0.0583257274046452,6485.52498025006,"moving",29,-14.69295,145.44156,"run_day_11652_liz21_del_07_29.json","07",11652
145.441882,-14.694443,1370,3.55,2021-11-26 07:46:00,0.0574182016612097,6384.61272178069,"moving",29,-14.69295,145.44156,"run_day_11652_liz21_del_07_29.json","07",11652
145.441604,-14.693538,1371,3.55,2021-11-26 07:16:00,0.0566548026691397,6299.72662685693,"moving",29,-14.69295,145.44156,"run_day_11652_liz21_del_07_29.json","07",11652
145.441749,-14.694053,1371,3.55,2021-11-26 07:28:00,0.0593511452075868,6599.54623762817,"moving",29,-14.69295,145.44156,"run_day_11652_liz21_del_07_29.json","07",11652
145.441907,-14.694551,1371,3.55,2021-11-26 07:40:00,0.0579240948182164,6440.86547426404,"moving",29,-14.69295,145.44156,"run_day_11652_liz21_del_07_29.json","07",11652
145.441557,-14.693341,1372,3.55,2021-11-26 07:41:00,0.0544388506617788,6053.32400595059,"moving",29,-14.69295,145.44156,"run_day_11652_liz21_del_07_29.json","07",11652
145.441673,-14.69385,1372,3.55,2021-11-26 07:53:00,0.0579571238107855,6444.5381306699,"moving",29,-14.69295,145.44156,"run_day_11652_liz21_del_07_29.json","07",11652
145.44182,-14.694354,1372,3.55,2021-11-26 08:05:00,0.0582299093341666,6474.87049693196,"moving",29,-14.69295,145.44156,"run_day_11652_liz21_del_07_29.json","07",11652
145.441612,-14.69342,1373,3.55,2021-11-26 07:54:00,0.054162735102523,6022.62135659371,"moving",29,-14.69295,145.44156,"run_day_11652_liz21_del_07_29.json","07",11652
145.441721,-14.693922,1373,3.55,2021-11-26 08:06:00,0.0570377505673094,6342.3084903026,"moving",29,-14.69295,145.44156,"run_day_11652_liz21_del_07_29.json","07",11652
145.44186,-14.694394,1373,3.55,2021-11-26 08:18:00,0.0545718858014826,6068.11683855109,"moving",29,-14.69295,145.44156,"run_day_11652_liz21_del_07_29.json","07",11652
145.441485,-14.693521,1374,3.55,2021-11-26 07:22:00,0.0586197460734433,6518.21836455919,"moving",29,-14.69295,145.44156,"run_day_11652_liz21_del_07_29.json","07",11652
145.44164,-14.694052,1374,3.55,2021-11-26 07:34:00,0.0613530273007214,6822.14537012532,"moving",29,-14.69295,145.44156,"run_day_11652_liz21_del_07_29.json","07",11652
145.441819,-14.694585,1374,3.55,2021-11-26 07:46:00,0.0623156389528996,6929.18290217648,"moving",29,-14.69295,145.44156,"run_day_11652_liz21_del_07_29.json","07",11652
145.441702,-14.693208,1375,3.55,2021-11-26 07:50:00,0.0493670300025327,5489.36327979135,"moving",29,-14.69295,145.44156,"run_day_11652_liz21_del_07_29.json","07",11652
145.441779,-14.693654,1375,3.55,2021-11-26 08:02:00,0.0502797278078377,5590.8506453009,"moving",29,-14.69295,145.44156,"run_day_11652_liz21_del_07_29.json","07",11652
145.441879,-14.694068,1375,3.55,2021-11-26 08:14:00,0.0472745325357655,5256.68817747025,"moving",29,-14.69295,145.44156,"run_day_11652_liz21_del_07_29.json","07",11652
145.442,-14.694471,1375,3.55,2021-11-26 08:26:00,0.0466631916818393,5188.7101760631,"moving",29,-14.69295,145.44156,"run_day_11652_liz21_del_07_29.json","07",11652
145.441487,-14.6934,1376,3.55,2021-11-26 07:35:00,0.0566820158170182,6302.75259083906,"moving",29,-14.69295,145.44156,"run_day_11652_liz21_del_07_29.json","07",11652
145.441622,-14.693924,1376,3.55,2021-11-26 07:47:00,0.0600481869401252,6677.05374194597,"moving",29,-14.69295,145.44156,"run_day_11652_liz21_del_07_29.json","07",11652
145.441789,-14.694452,1376,3.55,2021-11-26 07:59:00,0.0613971756115297,6827.05443830713,"moving",29,-14.69295,145.44156,"run_day_11652_liz21_del_07_29.json","07",11652
145.441458,-14.693465,1377,3.55,2021-11-26 07:53:00,0.0583518120002504,6488.42545494493,"moving",29,-14.69295,145.44156,"run_day_11652_liz21_del_07_29.json","07",11652
145.441594,-14.693994,1377,3.55,2021-11-26 08:05:00,0.0606136772548735,6739.93339601262,"moving",29,-14.69295,145.44156,"run_day_11652_liz21_del_07_29.json","07",11652
145.441763,-14.694515,1377,3.55,2021-11-26 08:17:00,0.0607173453942369,6751.4607671645,"moving",29,-14.69295,145.44156,"run_day_11652_liz21_del_07_29.json","07",11652
145.441716,-14.693382,1378,3.55,2021-11-26 07:33:00,0.0510144888202777,5672.55234218044,"moving",29,-14.69295,145.44156,"run_day_11652_liz21_del_07_29.json","07",11652
145.441812,-14.693833,1378,3.55,2021-11-26 07:45:00,0.0512008939592432,5693.27964793388,"moving",29,-14.69295,145.44156,"run_day_11652_liz21_del_07_29.json","07",11652
145.441934,-14.694263,1378,3.55,2021-11-26 07:57:00,0.0495817581994357,5513.2399658945,"moving",29,-14.69295,145.44156,"run_day_11652_liz21_del_07_29.json","07",11652
145.441531,-14.693386,1379,3.55,2021-11-26 07:31:00,0.0553949920101293,6159.64207304224,"moving",29,-14.69295,145.44156,"run_day_11652_liz21_del_07_29.json","07",11652
145.441661,-14.693903,1379,3.55,2021-11-26 07:43:00,0.0591638181477361,6578.71641894953,"moving",29,-14.69295,145.44156,"run_day_11652_liz21_del_07_29.json","07",11652
145.44182,-14.69442,1379,3.55,2021-11-26 07:55:00,0.0599776139757557,6669.20638634981,"moving",29,-14.69295,145.44156,"run_day_11652_liz21_del_07_29.json","07",11652
145.44157,-14.693627,1380,3.55,2021-11-26 07:42:00,0.0575335758294711,6397.4417439572,"moving",29,-14.69295,145.44156,"run_day_11652_liz21_del_07_29.json","07",11652
145.441716,-14.694154,1380,3.55,2021-11-26 07:54:00,0.0606673560935052,6745.90221053663,"moving",29,-14.69295,145.44156,"run_day_11652_liz21_del_07_29.json","07",11652
145.441887,-14.694657,1380,3.55,2021-11-26 08:06:00,0.0588775281116679,6546.88241938985,"moving",29,-14.69295,145.44156,"run_day_11652_liz21_del_07_29.json","07",11652
145.441574,-14.693431,1381,3.55,2021-11-26 07:13:00,0.0562691599892729,6256.84511735814,"moving",29,-14.69295,145.44156,"run_day_11652_liz21_del_07_29.json","07",11652
145.441711,-14.693946,1381,3.55,2021-11-26 07:25:00,0.0591308671857782,6575.05243915175,"moving",29,-14.69295,145.44156,"run_day_11652_liz21_del_07_29.json","07",11652
145.441868,-14.69445,1381,3.55,2021-11-26 07:37:00,0.0585311124208442,6508.36275206019,"moving",29,-14.69295,145.44156,"run_day_11652_liz21_del_07_29.json","07",11652
145.441578,-14.6935,1382,3.55,2021-11-26 07:13:00,0.0571004156344204,6349.27652784319,"moving",29,-14.69295,145.44156,"run_day_11652_liz21_del_07_29.json","07",11652
145.441723,-14.69402,1382,3.55,2021-11-26 07:25:00,0.0598877602661073,6659.21510969672,"moving",29,-14.69295,145.44156,"run_day_11652_liz21_del_07_29.json","07",11652
145.441884,-14.694524,1382,3.55,2021-11-26 07:37:00,0.0586566822109077,6522.32547565508,"moving",29,-14.69295,145.44156,"run_day_11652_liz21_del_07_29.json","07",11652
145.441655,-14.693326,1383,3.55,2021-11-26 07:39:00,0.0519635079247544,5778.07845188701,"moving",29,-14.69295,145.44156,"run_day_11652_liz21_del_07_29.json","07",11652
145.441754,-14.693813,1383,3.55,2021-11-26 07:51:00,0.055188924748385,6136.72843898874,"moving",29,-14.69295,145.44156,"run_day_11652_liz21_del_07_29.json","07",11652
145.441883,-14.694271,1383,3.55,2021-11-26 08:03:00,0.0527835516485808,5869.26315360321,"moving",29,-14.69295,145.44156,"run_day_11652_liz21_del_07_29.json","07",11652
145.441723,-14.693329,1384,3.55,2021-11-26 07:52:00,0.0502243324105753,5584.69095816585,"moving",29,-14.69295,145.44156,"run_day_11652_liz21_del_07_29.json","07",11652
145.441805,-14.693766,1384,3.55,2021-11-26 08:04:00,0.0493861213405358,5491.48613972016,"moving",29,-14.69295,145.44156,"run_day_11652_liz21_del_07_29.json","07",11652
145.441911,-14.694173,1384,3.55,2021-11-26 08:16:00,0.0466703612269136,5189.50739310172,"moving",29,-14.69295,145.44156,"run_day_11652_liz21_del_07_29.json","07",11652
145.442037,-14.694577,1384,3.55,2021-11-26 08:28:00,0.0469224751790338,5217.54118551379,"moving",29,-14.69295,145.44156,"run_day_11652_liz21_del_07_29.json","07",11652
145.441689,-14.693604,1385,3.55,2021-11-26 07:49:00,0.054650527638606,6076.86141186123,"moving",29,-14.69295,145.44156,"run_day_11652_liz21_del_07_29.json","07",11652
145.441809,-14.694088,1385,3.55,2021-11-26 08:01:00,0.0553444192341485,6154.01863692685,"moving",29,-14.69295,145.44156,"run_day_11652_liz21_del_07_29.json","07",11652
145.441951,-14.694539,1385,3.55,2021-11-26 08:13:00,0.0524231379615188,5829.18698010867,"moving",29,-14.69295,145.44156,"run_day_11652_liz21_del_07_29.json","07",11652
145.441713,-14.693298,1386,3.55,2021-11-26 07:34:00,0.0501005876759666,5570.93117147839,"moving",29,-14.69295,145.44156,"run_day_11652_liz21_del_07_29.json","07",11652
145.4418,-14.693744,1386,3.55,2021-11-26 07:46:00,0.0504680477076733,5611.79086274882,"moving",29,-14.69295,145.44156,"run_day_11652_liz21_del_07_29.json","07",11652
145.441916,-14.694167,1386,3.55,2021-11-26 07:58:00,0.0486621349210702,5410.98252291602,"moving",29,-14.69295,145.44156,"run_day_11652_liz21_del_07_29.json","07",11652
145.442046,-14.694588,1386,3.55,2021-11-26 08:10:00,0.0488566732902989,5432.61420261196,"moving",29,-14.69295,145.44156,"run_day_11652_liz21_del_07_29.json","07",11652
145.441708,-14.693344,1387,3.55,2021-11-26 07:49:00,0.0510657247724807,5678.24952012722,"moving",29,-14.69295,145.44156,"run_day_11652_liz21_del_07_29.json","07",11652
145.441795,-14.693798,1387,3.55,2021-11-26 08:01:00,0.0513424468024642,5709.01960595217,"moving",29,-14.69295,145.44156,"run_day_11652_liz21_del_07_29.json","07",11652
145.441908,-14.694219,1387,3.55,2021-11-26 08:13:00,0.0483651175582088,5377.95569904049,"moving",29,-14.69295,145.44156,"run_day_11652_liz21_del_07_29.json","07",11652
145.442041,-14.694633,1387,3.55,2021-11-26 08:25:00,0.0482061485786888,5360.279155024,"moving",29,-14.69295,145.44156,"run_day_11652_liz21_del_07_29.json","07",11652
145.44174,-14.693307,1388,3.55,2021-11-26 07:52:00,0.0491833103182133,5468.93458297029,"moving",29,-14.69295,145.44156,"run_day_11652_liz21_del_07_29.json","07",11652
145.441816,-14.693727,1388,3.55,2021-11-26 08:04:00,0.0474118772262559,5271.96021025435,"moving",29,-14.69295,145.44156,"run_day_11652_liz21_del_07_29.json","07",11652
145.441916,-14.694121,1388,3.55,2021-11-26 08:16:00,0.0451117953811512,5016.20277821145,"moving",29,-14.69295,145.44156,"run_day_11652_liz21_del_07_29.json","07",11652
145.442034,-14.694515,1388,3.55,2021-11-26 08:28:00,0.0456121627446676,5071.84109049299,"moving",29,-14.69295,145.44156,"run_day_11652_liz21_del_07_29.json","07",11652
145.441551,-14.693362,1389,3.55,2021-11-26 07:36:00,0.054704210762979,6082.83070293793,"moving",29,-14.69295,145.44156,"run_day_11652_liz21_del_07_29.json","07",11652
145.441672,-14.693874,1389,3.55,2021-11-26 07:48:00,0.0584004203457867,6493.83045636115,"moving",29,-14.69295,145.44156,"run_day_11652_liz21_del_07_29.json","07",11652
145.441825,-14.694382,1389,3.55,2021-11-26 08:00:00,0.0588353361387584,6542.1908860572,"moving",29,-14.69295,145.44156,"run_day_11652_liz21_del_07_29.json","07",11652
145.441625,-14.693205,1390,3.55,2021-11-26 07:52:00,0.0511579512987954,5688.50464195546,"moving",29,-14.69295,145.44156,"run_day_11652_liz21_del_07_29.json","07",11652
145.441715,-14.693688,1390,3.55,2021-11-26 08:04:00,0.0545725703448923,6068.19295630532,"moving",29,-14.69295,145.44156,"run_day_11652_liz21_del_07_29.json","07",11652
145.44183,-14.694148,1390,3.55,2021-11-26 08:16:00,0.0526240008783084,5851.52191740669,"moving",29,-14.69295,145.44156,"run_day_11652_liz21_del_07_29.json","07",11652
145.441969,-14.694582,1390,3.55,2021-11-26 08:28:00,0.0505213991571118,5617.72327325552,"moving",29,-14.69295,145.44156,"run_day_11652_liz21_del_07_29.json","07",11652
145.441579,-14.693202,1391,3.55,2021-11-26 07:21:00,0.0525605869784116,5844.47061345943,"moving",29,-14.69295,145.44156,"run_day_11652_liz21_del_07_29.json","07",11652
145.441686,-14.693692,1391,3.55,2021-11-26 07:33:00,0.0556877254937164,6192.19255127612,"moving",29,-14.69295,145.44156,"run_day_11652_liz21_del_07_29.json","07",11652
145.441826,-14.694187,1391,3.55,2021-11-26 07:45:00,0.0570641175574815,6345.24036584063,"moving",29,-14.69295,145.44156,"run_day_11652_liz21_del_07_29.json","07",11652
145.441981,-14.694659,1391,3.55,2021-11-26 07:57:00,0.0550682255521247,6123.30730071453,"moving",29,-14.69295,145.44156,"run_day_11652_liz21_del_07_29.json","07",11652
145.441704,-14.693144,1392,3.55,2021-11-26 07:45:00,0.0484535003737239,5387.78341972833,"moving",29,-14.69295,145.44156,"run_day_11652_liz21_del_07_29.json","07",11652
145.441779,-14.693583,1392,3.55,2021-11-26 07:57:00,0.0494766332010882,5501.55059941475,"moving",29,-14.69295,145.44156,"run_day_11652_liz21_del_07_29.json","07",11652
145.441874,-14.693993,1392,3.55,2021-11-26 08:09:00,0.0467209712964544,5195.13497607178,"moving",29,-14.69295,145.44156,"run_day_11652_liz21_del_07_29.json","07",11652
145.441989,-14.694392,1392,3.55,2021-11-26 08:21:00,0.0460587398281238,5121.49819652904,"moving",29,-14.69295,145.44156,"run_day_11652_liz21_del_07_29.json","07",11652
145.441484,-14.693476,1393,3.55,2021-11-26 07:23:00,0.0580274598959852,6452.35914650415,"moving",29,-14.69295,145.44156,"run_day_11652_liz21_del_07_29.json","07",11652
145.441634,-14.694004,1393,3.55,2021-11-26 07:35:00,0.0608873569903573,6770.36519412384,"moving",29,-14.69295,145.44156,"run_day_11652_liz21_del_07_29.json","07",11652
145.441809,-14.694536,1393,3.55,2021-11-26 07:47:00,0.0620780934919476,6902.76905207117,"moving",29,-14.69295,145.44156,"run_day_11652_liz21_del_07_29.json","07",11652
145.441541,-14.693351,1394,3.55,2021-11-26 07:18:00,0.0556110776847996,6183.66970378615,"moving",29,-14.69295,145.44156,"run_day_11652_liz21_del_07_29.json","07",11652
145.44167,-14.693862,1394,3.55,2021-11-26 07:30:00,0.058490153433196,6503.80832043321,"moving",29,-14.69295,145.44156,"run_day_11652_liz21_del_07_29.json","07",11652
145.441829,-14.694376,1394,3.55,2021-11-26 07:42:00,0.059657954004602,6633.66181930617,"moving",29,-14.69295,145.44156,"run_day_11652_liz21_del_07_29.json","07",11652
145.441563,-14.693213,1395,3.55,2021-11-26 07:57:00,0.0527931420506494,5870.32955765773,"moving",29,-14.69295,145.44156,"run_day_11652_liz21_del_07_29.json","07",11652
145.441662,-14.693703,1395,3.55,2021-11-26 08:09:00,0.0555162798485737,6173.12866534094,"moving",29,-14.69295,145.44156,"run_day_11652_liz21_del_07_29.json","07",11652
145.441786,-14.694191,1395,3.55,2021-11-26 08:21:00,0.0558781545521727,6213.36729646216,"moving",29,-14.69295,145.44156,"run_day_11652_liz21_del_07_29.json","07",11652
145.441936,-14.694643,1395,3.55,2021-11-26 08:33:00,0.0527861221527356,5869.54898062415,"moving",29,-14.69295,145.44156,"run_day_11652_liz21_del_07_29.json","07",11652
145.441578,-14.69365,1396,3.55,2021-11-26 07:25:00,0.0577656940944542,6423.25211740485,"moving",29,-14.69295,145.44156,"run_day_11652_liz21_del_07_29.json","07",11652
145.441734,-14.694177,1396,3.55,2021-11-26 07:37:00,0.0609546204918469,6777.84455423783,"moving",29,-14.69295,145.44156,"run_day_11652_liz21_del_07_29.json","07",11652
145.441908,-14.694685,1396,3.55,2021-11-26 07:49:00,0.0595066253791947,6616.83484390479,"moving",29,-14.69295,145.44156,"run_day_11652_liz21_del_07_29.json","07",11652
145.441471,-14.69344,1397,3.55,2021-11-26 07:11:00,0.058862144216641,6545.17180831083,"moving",29,-14.69295,145.44156,"run_day_11652_liz21_del_07_29.json","07",11652
145.441623,-14.693971,1397,3.55,2021-11-26 07:23:00,0.0612661350031632,6812.48338747237,"moving",29,-14.69295,145.44156,"run_day_11652_liz21_del_07_29.json","07",11652
145.441799,-14.694504,1397,3.55,2021-11-26 07:35:00,0.0622167053028157,6918.18198221272,"moving",29,-14.69295,145.44156,"run_day_11652_liz21_del_07_29.json","07",11652
145.441698,-14.693313,1398,3.55,2021-11-26 07:36:00,0.0505973326114982,5626.16668814588,"moving",29,-14.69295,145.44156,"run_day_11652_liz21_del_07_29.json","07",11652
145.44179,-14.693774,1398,3.55,2021-11-26 07:48:00,0.0522072253182362,5805.17858957722,"moving",29,-14.69295,145.44156,"run_day_11652_liz21_del_07_29.json","07",11652
145.441909,-14.694208,1398,3.55,2021-11-26 08:00:00,0.0499271236426422,5551.64285101742,"moving",29,-14.69295,145.44156,"run_day_11652_liz21_del_07_29.json","07",11652
145.442045,-14.694634,1398,3.55,2021-11-26 08:12:00,0.0495762139986721,5512.62347889729,"moving",29,-14.69295,145.44156,"run_day_11652_liz21_del_07_29.json","07",11652
145.441582,-14.693396,1399,3.55,2021-11-26 07:47:00,0.0545374153396009,6064.28389807076,"moving",29,-14.69295,145.44156,"run_day_11652_liz21_del_07_29.json","07",11652
145.441697,-14.693905,1399,3.55,2021-11-26 07:59:00,0.0579340636186532,6441.97395429734,"moving",29,-14.69295,145.44156,"run_day_11652_liz21_del_07_29.json","07",11652
145.441842,-14.694395,1399,3.55,2021-11-26 08:11:00,0.0566736651055991,6301.82403409538,"moving",29,-14.69295,145.44156,"run_day_11652_liz21_del_07_29.json","07",11652
145.441772,-14.69342,1400,3.55,2021-11-26 08:06:00,0.0474146639734075,5272.27008239945,"moving",29,-14.69295,145.44156,"run_day_11652_liz21_del_07_29.json","07",11652
145.441847,-14.693813,1400,3.55,2021-11-26 08:18:00,0.0444379358701558,4941.27301931758,"moving",29,-14.69295,145.44156,"run_day_11652_liz21_del_07_29.json","07",11652
145.441946,-14.694189,1400,3.55,2021-11-26 08:30:00,0.0431439735682368,4797.39097607487,"moving",29,-14.69295,145.44156,"run_day_11652_liz21_del_07_29.json","07",11652
145.442064,-14.694573,1400,3.55,2021-11-26 08:42:00,0.0445452012248331,4953.20038256243,"moving",29,-14.69295,145.44156,"run_day_11652_liz21_del_07_29.json","07",11652
145.44169,-14.693545,1401,3.55,2021-11-26 07:48:00,0.0539355270624699,5997.35697524695,"moving",29,-14.69295,145.44156,"run_day_11652_liz21_del_07_29.json","07",11652
145.441804,-14.694025,1401,3.55,2021-11-26 08:00:00,0.0547639065539253,6089.4685720332,"moving",29,-14.69295,145.44156,"run_day_11652_liz21_del_07_29.json","07",11652
145.44194,-14.694472,1401,3.55,2021-11-26 08:12:00,0.0518119316268867,5761.22393656456,"moving",29,-14.69295,145.44156,"run_day_11652_liz21_del_07_29.json","07",11652
145.441698,-14.693577,1402,3.55,2021-11-26 07:19:00,0.0547735915173028,6090.5454908255,"moving",29,-14.69295,145.44156,"run_day_11652_liz21_del_07_29.json","07",11652
145.44183,-14.694057,1402,3.55,2021-11-26 07:31:00,0.0552296299145323,6141.25464695254,"moving",29,-14.69295,145.44156,"run_day_11652_liz21_del_07_29.json","07",11652
145.441971,-14.694524,1402,3.55,2021-11-26 07:43:00,0.0540973058459774,6015.34595521172,"moving",29,-14.69295,145.44156,"run_day_11652_liz21_del_07_29.json","07",11652
145.441728,-14.69322,1403,3.55,2021-11-26 07:26:00,0.0487298269272315,5418.50953057555,"moving",29,-14.69295,145.44156,"run_day_11652_liz21_del_07_29.json","07",11652
145.441807,-14.693642,1403,3.55,2021-11-26 07:38:00,0.0476873899702544,5302.59582961291,"moving",29,-14.69295,145.44156,"run_day_11652_liz21_del_07_29.json","07",11652
145.441915,-14.694049,1403,3.55,2021-11-26 07:50:00,0.0467233796451428,5195.40277222752,"moving",29,-14.69295,145.44156,"run_day_11652_liz21_del_07_29.json","07",11652
145.442034,-14.694462,1403,3.55,2021-11-26 08:02:00,0.0476738216022668,5301.08709592983,"moving",29,-14.69295,145.44156,"run_day_11652_liz21_del_07_29.json","07",11652
145.441721,-14.693572,1404,3.55,2021-11-26 07:16:00,0.0545815426656144,6069.19063284985,"moving",29,-14.69295,145.44156,"run_day_11652_liz21_del_07_29.json","07",11652
145.441849,-14.694037,1404,3.55,2021-11-26 07:28:00,0.0535071619663703,5949.72494980906,"moving",29,-14.69295,145.44156,"run_day_11652_liz21_del_07_29.json","07",11652
145.441985,-14.694496,1404,3.55,2021-11-26 07:40:00,0.0530933236912006,5903.70823315886,"moving",29,-14.69295,145.44156,"run_day_11652_liz21_del_07_29.json","07",11652
145.441641,-14.693575,1405,3.55,2021-11-26 07:48:00,0.0553824926347761,6158.25220591674,"moving",29,-14.69295,145.44156,"run_day_11652_liz21_del_07_29.json","07",11652
145.441767,-14.69408,1405,3.55,2021-11-26 08:00:00,0.0577656878372353,6423.25142163386,"moving",29,-14.69295,145.44156,"run_day_11652_liz21_del_07_29.json","07",11652
145.441916,-14.69455,1405,3.55,2021-11-26 08:12:00,0.0546636442218439,6078.31990937219,"moving",29,-14.69295,145.44156,"run_day_11652_liz21_del_07_29.json","07",11652
145.441576,-14.69344,1406,3.55,2021-11-26 07:27:00,0.0552700666899906,6145.75101123337,"moving",29,-14.69295,145.44156,"run_day_11652_liz21_del_07_29.json","07",11652
145.441708,-14.693954,1406,3.55,2021-11-26 07:39:00,0.0588912261757433,6548.40557461989,"moving",29,-14.69295,145.44156,"run_day_11652_liz21_del_07_29.json","07",11652
145.441864,-14.694457,1406,3.55,2021-11-26 07:51:00,0.0583936573720433,6493.07844799186,"moving",29,-14.69295,145.44156,"run_day_11652_liz21_del_07_29.json","07",11652
145.441565,-14.69328,1407,3.55,2021-11-26 07:49:00,0.0536456018560629,5965.11876318812,"moving",29,-14.69295,145.44156,"run_day_11652_liz21_del_07_29.json","07",11652
145.441671,-14.693781,1407,3.55,2021-11-26 08:01:00,0.0568633614253867,6322.9173024589,"moving",29,-14.69295,145.44156,"run_day_11652_liz21_del_07_29.json","07",11652
145.441807,-14.694274,1407,3.55,2021-11-26 08:13:00,0.0567371970597328,6308.88846507487,"moving",29,-14.69295,145.44156,"run_day_11652_liz21_del_07_29.json","07",11652
145.44171,-14.69334,1408,3.55,2021-11-26 07:22:00,0.0512728487604578,5701.28065677666,"moving",29,-14.69295,145.44156,"run_day_11652_liz21_del_07_29.json","07",11652
145.441807,-14.69379,1408,3.55,2021-11-26 07:34:00,0.0511138349235685,5683.59912484828,"moving",29,-14.69295,145.44156,"run_day_11652_liz21_del_07_29.json","07",11652
145.441932,-14.694225,1408,3.55,2021-11-26 07:46:00,0.0502035747409698,5582.38281061676,"moving",29,-14.69295,145.44156,"run_day_11652_liz21_del_07_29.json","07",11652
145.44207,-14.694661,1408,3.55,2021-11-26 07:58:00,0.0507022778486126,5637.83606608851,"moving",29,-14.69295,145.44156,"run_day_11652_liz21_del_07_29.json","07",11652
145.441737,-14.693421,1409,3.55,2021-11-26 07:35:00,0.0506089386015048,5627.4572153533,"moving",29,-14.69295,145.44156,"run_day_11652_liz21_del_07_29.json","07",11652
145.441833,-14.693858,1409,3.55,2021-11-26 07:47:00,0.049677141502508,5523.84610528274,"moving",29,-14.69295,145.44156,"run_day_11652_liz21_del_07_29.json","07",11652
145.441952,-14.694279,1409,3.55,2021-11-26 07:59:00,0.0485313118949728,5396.43566612571,"moving",29,-14.69295,145.44156,"run_day_11652_liz21_del_07_29.json","07",11652
145.441571,-14.693211,1410,3.55,2021-11-26 07:40:00,0.0524049261105348,5827.16191467443,"moving",29,-14.69295,145.44156,"run_day_11652_liz21_del_07_29.json","07",11652
145.441674,-14.693706,1410,3.55,2021-11-26 07:52:00,0.0561453397542037,6243.07693540251,"moving",29,-14.69295,145.44156,"run_day_11652_liz21_del_07_29.json","07",11652
145.441807,-14.694203,1410,3.55,2021-11-26 08:04:00,0.0570853426506706,6347.60048852082,"moving",29,-14.69295,145.44156,"run_day_11652_liz21_del_07_29.json","07",11652
145.441961,-14.694663,1410,3.55,2021-11-26 08:16:00,0.053764786261084,5978.37146436161,"moving",29,-14.69295,145.44156,"run_day_11652_liz21_del_07_29.json","07",11652
145.441684,-14.693339,1411,3.55,2021-11-26 07:23:00,0.051812128201566,5761.2457946716,"moving",29,-14.69295,145.44156,"run_day_11652_liz21_del_07_29.json","07",11652
145.441786,-14.69381,1411,3.55,2021-11-26 07:35:00,0.0535095620967956,5949.99183213565,"moving",29,-14.69295,145.44156,"run_day_11652_liz21_del_07_29.json","07",11652
145.441916,-14.694259,1411,3.55,2021-11-26 07:47:00,0.0518475628364867,5765.18594630228,"moving",29,-14.69295,145.44156,"run_day_11652_liz21_del_07_29.json","07",11652
145.44173,-14.69338,1412,3.55,2021-11-26 07:40:00,0.0504805881011835,5613.18529088529,"moving",29,-14.69295,145.44156,"run_day_11652_liz21_del_07_29.json","07",11652
145.44182,-14.693819,1412,3.55,2021-11-26 07:52:00,0.0497651474961558,5533.63192529069,"moving",29,-14.69295,145.44156,"run_day_11652_liz21_del_07_29.json","07",11652
145.441936,-14.694237,1412,3.55,2021-11-26 08:04:00,0.0481249554911293,5351.25089560877,"moving",29,-14.69295,145.44156,"run_day_11652_liz21_del_07_29.json","07",11652
145.442068,-14.694651,1412,3.55,2021-11-26 08:16:00,0.0481743398019321,5356.74218042588,"moving",29,-14.69295,145.44156,"run_day_11652_liz21_del_07_29.json","07",11652
145.44172,-14.693136,1413,3.55,2021-11-26 07:49:00,0.0479596255424013,5332.86704408782,"moving",29,-14.69295,145.44156,"run_day_11652_liz21_del_07_29.json","07",11652
145.44179,-14.693557,1413,3.55,2021-11-26 08:01:00,0.0474146632237951,5272.26999904636,"moving",29,-14.69295,145.44156,"run_day_11652_liz21_del_07_29.json","07",11652
145.441878,-14.693951,1413,3.55,2021-11-26 08:13:00,0.0448215914105716,4983.9335689909,"moving",29,-14.69295,145.44156,"run_day_11652_liz21_del_07_29.json","07",11652
145.441987,-14.694336,1413,3.55,2021-11-26 08:25:00,0.0443863547746564,4935.53746318728,"moving",29,-14.69295,145.44156,"run_day_11652_liz21_del_07_29.json","07",11652
145.441607,-14.693198,1414,3.55,2021-11-26 08:00:00,0.0515062288826179,5727.23134234055,"moving",29,-14.69295,145.44156,"run_day_11652_liz21_del_07_29.json","07",11652
145.441697,-14.693677,1414,3.55,2021-11-26 08:12:00,0.0541349015912607,6019.52641135064,"moving",29,-14.69295,145.44156,"run_day_11652_liz21_del_07_29.json","07",11652
145.441811,-14.694144,1414,3.55,2021-11-26 08:24:00,0.0533560516423518,5932.9222484146,"moving",29,-14.69295,145.44156,"run_day_11652_liz21_del_07_29.json","07",11652
145.441951,-14.69458,1414,3.55,2021-11-26 08:36:00,0.0507656710552871,5644.88506905445,"moving",29,-14.69295,145.44156,"run_day_11652_liz21_del_07_29.json","07",11652
145.441758,-14.693603,1415,3.55,2021-11-26 07:29:00,0.0518892097151683,5769.81686792227,"moving",29,-14.69295,145.44156,"run_day_11652_liz21_del_07_29.json","07",11652
145.441877,-14.694044,1415,3.55,2021-11-26 07:41:00,0.0506798711091841,5635.34455034142,"moving",29,-14.69295,145.44156,"run_day_11652_liz21_del_07_29.json","07",11652
145.442006,-14.694482,1415,3.55,2021-11-26 07:53:00,0.0506412328969304,5631.04817716419,"moving",29,-14.69295,145.44156,"run_day_11652_liz21_del_07_29.json","07",11652
145.441607,-14.693354,1416,3.55,2021-11-26 08:07:00,0.0531174871901167,5906.39509164832,"moving",29,-14.69295,145.44156,"run_day_11652_liz21_del_07_29.json","07",11652
145.441705,-14.693841,1416,3.55,2021-11-26 08:19:00,0.0551682728529917,6134.43205299541,"moving",29,-14.69295,145.44156,"run_day_11652_liz21_del_07_29.json","07",11652
145.441834,-14.694309,1416,3.55,2021-11-26 08:31:00,0.0538571888695343,5988.64616563001,"moving",29,-14.69295,145.44156,"run_day_11652_liz21_del_07_29.json","07",11652
145.441462,-14.693494,1417,3.55,2021-11-26 07:52:00,0.0585937100173793,6515.32328721503,"moving",29,-14.69295,145.44156,"run_day_11652_liz21_del_07_29.json","07",11652
145.441601,-14.694025,1417,3.55,2021-11-26 08:04:00,0.0609079174609066,6772.65141413835,"moving",29,-14.69295,145.44156,"run_day_11652_liz21_del_07_29.json","07",11652
145.441773,-14.694548,1417,3.55,2021-11-26 08:16:00,0.0610266125511279,6785.84970598858,"moving",29,-14.69295,145.44156,"run_day_11652_liz21_del_07_29.json","07",11652
145.441694,-14.693519,1418,3.55,2021-11-26 07:32:00,0.0532306188850436,5918.97476216689,"moving",29,-14.69295,145.44156,"run_day_11652_liz21_del_07_29.json","07",11652
145.441814,-14.693998,1418,3.55,2021-11-26 07:44:00,0.0548039297206491,6093.91894512113,"moving",29,-14.69295,145.44156,"run_day_11652_liz21_del_07_29.json","07",11652
145.441951,-14.694455,1418,3.55,2021-11-26 07:56:00,0.052909431557825,5883.26036087766,"moving",29,-14.69295,145.44156,"run_day_11652_liz21_del_07_29.json","07",11652
145.441691,-14.693229,1419,3.55,2021-11-26 07:28:00,0.0498329220697687,5541.16811403194,"moving",29,-14.69295,145.44156,"run_day_11652_liz21_del_07_29.json","07",11652
145.441778,-14.693685,1419,3.55,2021-11-26 07:40:00,0.0515611285985263,5733.33591222379,"moving",29,-14.69295,145.44156,"run_day_11652_liz21_del_07_29.json","07",11652
145.441896,-14.694119,1419,3.55,2021-11-26 07:52:00,0.04989965939294,5548.58896578643,"moving",29,-14.69295,145.44156,"run_day_11652_liz21_del_07_29.json","07",11652
145.442026,-14.694548,1419,3.55,2021-11-26 08:04:00,0.0497096763546794,5527.46381578333,"moving",29,-14.69295,145.44156,"run_day_11652_liz21_del_07_29.json","07",11652
145.441529,-14.693348,1420,3.55,2021-11-26 07:45:00,0.0551864367268262,6136.45178361402,"moving",29,-14.69295,145.44156,"run_day_11652_liz21_del_07_29.json","07",11652
145.441648,-14.693862,1420,3.55,2021-11-26 07:57:00,0.0585698527757433,6512.67048298138,"moving",29,-14.69295,145.44156,"run_day_11652_liz21_del_07_29.json","07",11652
145.441799,-14.694372,1420,3.55,2021-11-26 08:09:00,0.0589892934303347,6559.31015580042,"moving",29,-14.69295,145.44156,"run_day_11652_liz21_del_07_29.json","07",11652
145.44167,-14.693572,1421,3.55,2021-11-26 07:31:00,0.0544894452797847,6058.94987078835,"moving",29,-14.69295,145.44156,"run_day_11652_liz21_del_07_29.json","07",11652
145.441801,-14.694068,1421,3.55,2021-11-26 07:43:00,0.0569240767590898,6329.66853953622,"moving",29,-14.69295,145.44156,"run_day_11652_liz21_del_07_29.json","07",11652
145.441948,-14.694538,1421,3.55,2021-11-26 07:55:00,0.0546009645927131,6071.35025260888,"moving",29,-14.69295,145.44156,"run_day_11652_liz21_del_07_29.json","07",11652
145.441583,-14.693217,1422,3.55,2021-11-26 07:57:00,0.0523993322112695,5826.53990145598,"moving",29,-14.69295,145.44156,"run_day_11652_liz21_del_07_29.json","07",11652
145.441679,-14.693704,1422,3.55,2021-11-26 08:09:00,0.0551275771602114,6129.90689842196,"moving",29,-14.69295,145.44156,"run_day_11652_liz21_del_07_29.json","07",11652
145.4418,-14.694184,1422,3.55,2021-11-26 08:21:00,0.0549373814462628,6108.75809996133,"moving",29,-14.69295,145.44156,"run_day_11652_liz21_del_07_29.json","07",11652
145.441947,-14.69463,1422,3.55,2021-11-26 08:33:00,0.0520523589071728,5787.95823035932,"moving",29,-14.69295,145.44156,"run_day_11652_liz21_del_07_29.json","07",11652
145.441552,-14.693466,1423,3.55,2021-11-26 07:59:00,0.0560417473021356,6231.55798029387,"moving",29,-14.69295,145.44156,"run_day_11652_liz21_del_07_29.json","07",11652
145.441671,-14.693976,1423,3.55,2021-11-26 08:11:00,0.0581359033603424,6464.41750956843,"moving",29,-14.69295,145.44156,"run_day_11652_liz21_del_07_29.json","07",11652
145.441824,-14.694469,1423,3.55,2021-11-26 08:23:00,0.057235883883783,6364.33990989373,"moving",29,-14.69295,145.44156,"run_day_11652_liz21_del_07_29.json","07",11652
145.441526,-14.693287,1424,3.55,2021-11-26 07:18:00,0.0550709597798208,6123.61133296262,"moving",29,-14.69295,145.44156,"run_day_11652_liz21_del_07_29.json","07",11652
145.441651,-14.693794,1424,3.55,2021-11-26 07:30:00,0.0579568526320184,6444.50797696679,"moving",29,-14.69295,145.44156,"run_day_11652_liz21_del_07_29.json","07",11652
145.441807,-14.69431,1424,3.55,2021-11-26 07:42:00,0.0597796759283866,6647.19667969244,"moving",29,-14.69295,145.44156,"run_day_11652_liz21_del_07_29.json","07",11652
145.44163,-14.693359,1425,3.55,2021-11-26 08:03:00,0.0528356235864788,5875.05328891803,"moving",29,-14.69295,145.44156,"run_day_11652_liz21_del_07_29.json","07",11652
145.441726,-14.693845,1425,3.55,2021-11-26 08:15:00,0.0550183528486341,6117.76170910832,"moving",29,-14.69295,145.44156,"run_day_11652_liz21_del_07_29.json","07",11652
145.441852,-14.694302,1425,3.55,2021-11-26 08:27:00,0.0525922030364639,5847.98615871535,"moving",29,-14.69295,145.44156,"run_day_11652_liz21_del_07_29.json","07",11652
145.441648,-14.69348,1426,3.55,2021-11-26 07:41:00,0.053901635793074,5993.58843803259,"moving",29,-14.69295,145.44156,"run_day_11652_liz21_del_07_29.json","07",11652
145.441766,-14.69398,1426,3.55,2021-11-26 07:53:00,0.0570277291524988,6341.19415981787,"moving",29,-14.69295,145.44156,"run_day_11652_liz21_del_07_29.json","07",11652
145.441909,-14.694449,1426,3.55,2021-11-26 08:05:00,0.0543712764279482,6045.81009397672,"moving",29,-14.69295,145.44156,"run_day_11652_liz21_del_07_29.json","07",11652
145.441606,-14.693181,1427,3.55,2021-11-26 07:46:00,0.0512447158699877,5698.15242208454,"moving",29,-14.69295,145.44156,"run_day_11652_liz21_del_07_29.json","07",11652
145.441699,-14.693668,1427,3.55,2021-11-26 07:58:00,0.0550680512735094,6123.28792181668,"moving",29,-14.69295,145.44156,"run_day_11652_liz21_del_07_29.json","07",11652
145.441819,-14.694144,1427,3.55,2021-11-26 08:10:00,0.0544797828089816,6057.8754530562,"moving",29,-14.69295,145.44156,"run_day_11652_liz21_del_07_29.json","07",11652
145.441961,-14.694587,1427,3.55,2021-11-26 08:22:00,0.0515728196372973,5734.63589642234,"moving",29,-14.69295,145.44156,"run_day_11652_liz21_del_07_29.json","07",11652
145.441736,-14.69338,1428,3.55,2021-11-26 07:46:00,0.0503156107468227,5594.84064606912,"moving",29,-14.69295,145.44156,"run_day_11652_liz21_del_07_29.json","07",11652
145.441823,-14.693812,1428,3.55,2021-11-26 07:58:00,0.0489391628427702,5441.78662234794,"moving",29,-14.69295,145.44156,"run_day_11652_liz21_del_07_29.json","07",11652
145.441934,-14.694221,1428,3.55,2021-11-26 08:10:00,0.0470197111048202,5228.35332714883,"moving",29,-14.69295,145.44156,"run_day_11652_liz21_del_07_29.json","07",11652
145.442062,-14.694628,1428,3.55,2021-11-26 08:22:00,0.0473041000004321,5259.97592953492,"moving",29,-14.69295,145.44156,"run_day_11652_liz21_del_07_29.json","07",11652
145.441624,-14.693535,1429,3.55,2021-11-26 08:00:00,0.0551218175130918,6129.266454883,"moving",29,-14.69295,145.44156,"run_day_11652_liz21_del_07_29.json","07",11652
145.44174,-14.694034,1429,3.55,2021-11-26 08:12:00,0.0568717475471112,6323.8497966489,"moving",29,-14.69295,145.44156,"run_day_11652_liz21_del_07_29.json","07",11652
145.441885,-14.6945,1429,3.55,2021-11-26 08:24:00,0.0541130047963976,6017.09159885209,"moving",29,-14.69295,145.44156,"run_day_11652_liz21_del_07_29.json","07",11652
145.441774,-14.693417,1430,3.55,2021-11-26 07:26:00,0.0479967573661165,5336.99591450201,"moving",29,-14.69295,145.44156,"run_day_11652_liz21_del_07_29.json","07",11652
145.441865,-14.693821,1430,3.55,2021-11-26 07:38:00,0.0459766769826795,5112.37322444962,"moving",29,-14.69295,145.44156,"run_day_11652_liz21_del_07_29.json","07",11652
145.441979,-14.694224,1430,3.55,2021-11-26 07:50:00,0.046458833569374,5165.9865907383,"moving",29,-14.69295,145.44156,"run_day_11652_liz21_del_07_29.json","07",11652
145.442106,-14.694638,1430,3.55,2021-11-26 08:02:00,0.0480185957733257,5339.42423458967,"moving",29,-14.69295,145.44156,"run_day_11652_liz21_del_07_29.json","07",11652
145.441502,-14.693338,1431,3.55,2021-11-26 07:31:00,0.0554984822424935,6171.14966183841,"moving",29,-14.69295,145.44156,"run_day_11652_liz21_del_07_29.json","07",11652
145.44163,-14.693854,1431,3.55,2021-11-26 07:43:00,0.0590052169105813,6561.08076601836,"moving",29,-14.69295,145.44156,"run_day_11652_liz21_del_07_29.json","07",11652
145.44179,-14.694379,1431,3.55,2021-11-26 07:55:00,0.060861101165831,6767.44567964165,"moving",29,-14.69295,145.44156,"run_day_11652_liz21_del_07_29.json","07",11652
145.441668,-14.69315,1432,3.55,2021-11-26 07:32:00,0.0491988762690314,5470.66543772967,"moving",29,-14.69295,145.44156,"run_day_11652_liz21_del_07_29.json","07",11652
145.441752,-14.693615,1432,3.55,2021-11-26 07:44:00,0.0524890751379258,5836.51885960239,"moving",29,-14.69295,145.44156,"run_day_11652_liz21_del_07_29.json","07",11652
145.441864,-14.694057,1432,3.55,2021-11-26 07:56:00,0.0506029670421116,5626.79320824462,"moving",29,-14.69295,145.44156,"run_day_11652_liz21_del_07_29.json","07",11652
145.441993,-14.694486,1432,3.55,2021-11-26 08:08:00,0.0496795302920058,5524.11172655572,"moving",29,-14.69295,145.44156,"run_day_11652_liz21_del_07_29.json","07",11652
145.441538,-14.693407,1433,3.55,2021-11-26 07:41:00,0.055619387303239,6184.59369119897,"moving",29,-14.69295,145.44156,"run_day_11652_liz21_del_07_29.json","07",11652
145.441664,-14.693924,1433,3.55,2021-11-26 07:53:00,0.0590636172486073,6567.57458732118,"moving",29,-14.69295,145.44156,"run_day_11652_liz21_del_07_29.json","07",11652
145.441821,-14.694435,1433,3.55,2021-11-26 08:05:00,0.059276804942766,6591.27997733469,"moving",29,-14.69295,145.44156,"run_day_11652_liz21_del_07_29.json","07",11652
145.441605,-14.693266,1434,3.55,2021-11-26 07:16:00,0.0532966513032799,5926.31723206884,"moving",29,-14.69295,145.44156,"run_day_11652_liz21_del_07_29.json","07",11652
145.441715,-14.69376,1434,3.55,2021-11-26 07:28:00,0.0561900340352099,6248.04671270042,"moving",29,-14.69295,145.44156,"run_day_11652_liz21_del_07_29.json","07",11652
145.441858,-14.694245,1434,3.55,2021-11-26 07:40:00,0.05607998763783,6235.81011161626,"moving",29,-14.69295,145.44156,"run_day_11652_liz21_del_07_29.json","07",11652
145.441614,-14.693561,1435,3.55,2021-11-26 08:00:00,0.0557093752555737,6194.59989495771,"moving",29,-14.69295,145.44156,"run_day_11652_liz21_del_07_29.json","07",11652
145.441735,-14.694065,1435,3.55,2021-11-26 08:12:00,0.0575335699279389,6397.44108773675,"moving",29,-14.69295,145.44156,"run_day_11652_liz21_del_07_29.json","07",11652
145.441884,-14.694535,1435,3.55,2021-11-26 08:24:00,0.0546636445444152,6078.31994524048,"moving",29,-14.69295,145.44156,"run_day_11652_liz21_del_07_29.json","07",11652
145.441544,-14.693365,1436,3.55,2021-11-26 07:59:00,0.0550416000996409,6120.34668547871,"moving",29,-14.69295,145.44156,"run_day_11652_liz21_del_07_29.json","07",11652
145.441656,-14.693869,1436,3.55,2021-11-26 08:11:00,0.0573223531866223,6373.95485767995,"moving",29,-14.69295,145.44156,"run_day_11652_liz21_del_07_29.json","07",11652
145.441799,-14.694364,1436,3.55,2021-11-26 08:23:00,0.0571501095481159,6354.80223893125,"moving",29,-14.69295,145.44156,"run_day_11652_liz21_del_07_29.json","07",11652
145.441686,-14.693283,1437,3.55,2021-11-26 07:47:00,0.0506668548899204,5633.8972127952,"moving",29,-14.69295,145.44156,"run_day_11652_liz21_del_07_29.json","07",11652
145.441773,-14.693749,1437,3.55,2021-11-26 07:59:00,0.0526549987091526,5854.96871893355,"moving",29,-14.69295,145.44156,"run_day_11652_liz21_del_07_29.json","07",11652
145.441886,-14.694181,1437,3.55,2021-11-26 08:11:00,0.0495499646015704,5509.70467911211,"moving",29,-14.69295,145.44156,"run_day_11652_liz21_del_07_29.json","07",11652
145.442019,-14.6946,1437,3.55,2021-11-26 08:23:00,0.0487373592387542,5419.34708540278,"moving",29,-14.69295,145.44156,"run_day_11652_liz21_del_07_29.json","07",11652
145.441624,-14.693691,1438,3.55,2021-11-26 07:12:00,0.05858144664649,6513.95966258859,"moving",29,-14.69295,145.44156,"run_day_11652_liz21_del_07_29.json","07",11652
145.441782,-14.694212,1438,3.55,2021-11-26 07:24:00,0.0603737033872313,6713.24951940354,"moving",29,-14.69295,145.44156,"run_day_11652_liz21_del_07_29.json","07",11652
145.441951,-14.694707,1438,3.55,2021-11-26 07:36:00,0.057965332341756,6445.45087766902,"moving",29,-14.69295,145.44156,"run_day_11652_liz21_del_07_29.json","07",11652
145.441587,-14.693259,1439,3.55,2021-11-26 07:23:00,0.0530181392722746,5895.34810721157,"moving",29,-14.69295,145.44156,"run_day_11652_liz21_del_07_29.json","07",11652
145.441697,-14.693754,1439,3.55,2021-11-26 07:35:00,0.0562987409945741,6260.13437507267,"moving",29,-14.69295,145.44156,"run_day_11652_liz21_del_07_29.json","07",11652
145.44184,-14.694248,1439,3.55,2021-11-26 07:47:00,0.0570430273318337,6342.89523974681,"moving",29,-14.69295,145.44156,"run_day_11652_liz21_del_07_29.json","07",11652
145.441592,-14.693433,1440,3.55,2021-11-26 07:53:00,0.0547952007525184,6092.94832815015,"moving",29,-14.69295,145.44156,"run_day_11652_liz21_del_07_29.json","07",11652
145.441706,-14.69394,1440,3.55,2021-11-26 08:05:00,0.0576938656998687,6415.26516433792,"moving",29,-14.69295,145.44156,"run_day_11652_liz21_del_07_29.json","07",11652
145.44185,-14.694422,1440,3.55,2021-11-26 08:17:00,0.0557890310928361,6203.45721993892,"moving",29,-14.69295,145.44156,"run_day_11652_liz21_del_07_29.json","07",11652
145.441539,-14.693578,1441,3.55,2021-11-26 07:44:00,0.0577156054642049,6417.68251583856,"moving",29,-14.69295,145.44156,"run_day_11652_liz21_del_07_29.json","07",11652
145.441681,-14.694107,1441,3.55,2021-11-26 07:56:00,0.0607726450526254,6757.60980862249,"moving",29,-14.69295,145.44156,"run_day_11652_liz21_del_07_29.json","07",11652
145.441853,-14.694617,1441,3.55,2021-11-26 08:08:00,0.0596507071286324,6632.85600346434,"moving",29,-14.69295,145.44156,"run_day_11652_liz21_del_07_29.json","07",11652
145.441615,-14.693541,1442,3.55,2021-11-26 07:30:00,0.0553438407721709,6153.95431488968,"moving",29,-14.69295,145.44156,"run_day_11652_liz21_del_07_29.json","07",11652
145.441752,-14.694054,1442,3.55,2021-11-26 07:42:00,0.0589155175876242,6551.10665638208,"moving",29,-14.69295,145.44156,"run_day_11652_liz21_del_07_29.json","07",11652
145.441909,-14.694545,1442,3.55,2021-11-26 07:54:00,0.0571485650239785,6354.63049568309,"moving",29,-14.69295,145.44156,"run_day_11652_liz21_del_07_29.json","07",11652
145.441559,-14.69322,1443,3.55,2021-11-26 07:32:00,0.0526328417827794,5852.50498113082,"moving",29,-14.69295,145.44156,"run_day_11652_liz21_del_07_29.json","07",11652
145.441667,-14.693718,1443,3.55,2021-11-26 07:44:00,0.0565803637449498,6291.44939614214,"moving",29,-14.69295,145.44156,"run_day_11652_liz21_del_07_29.json","07",11652
145.441807,-14.694222,1443,3.55,2021-11-26 07:56:00,0.0580300006548649,6452.6416660014,"moving",29,-14.69295,145.44156,"run_day_11652_liz21_del_07_29.json","07",11652
145.441967,-14.694692,1443,3.55,2021-11-26 08:08:00,0.0550221387589988,6118.1826831336,"moving",29,-14.69295,145.44156,"run_day_11652_liz21_del_07_29.json","07",11652
145.441565,-14.693507,1444,3.55,2021-11-26 08:08:00,0.0557325823709583,6197.18040845053,"moving",29,-14.69295,145.44156,"run_day_11652_liz21_del_07_29.json","07",11652
145.441683,-14.69401,1444,3.55,2021-11-26 08:20:00,0.0573529952504846,6377.36209972336,"moving",29,-14.69295,145.44156,"run_day_11652_liz21_del_07_29.json","07",11652
145.441834,-14.694495,1444,3.55,2021-11-26 08:32:00,0.0563220574757569,6262.72704948741,"moving",29,-14.69295,145.44156,"run_day_11652_liz21_del_07_29.json","07",11652
145.441733,-14.693501,1445,3.55,2021-11-26 07:14:00,0.0533498610240846,5932.23388307048,"moving",29,-14.69295,145.44156,"run_day_11652_liz21_del_07_29.json","07",11652
145.44185,-14.69395,1445,3.55,2021-11-26 07:26:00,0.0514880851102831,5725.21384690672,"moving",29,-14.69295,145.44156,"run_day_11652_liz21_del_07_29.json","07",11652
145.441979,-14.694396,1445,3.55,2021-11-26 07:38:00,0.051497330420372,5726.24187848387,"moving",29,-14.69295,145.44156,"run_day_11652_liz21_del_07_29.json","07",11652
145.44147,-14.693527,1446,3.55,2021-11-26 07:36:00,0.0584849890986614,6503.23407263347,"moving",29,-14.69295,145.44156,"run_day_11652_liz21_del_07_29.json","07",11652
145.441621,-14.694063,1446,3.55,2021-11-26 07:48:00,0.0617737593003719,6868.92863396348,"moving",29,-14.69295,145.44156,"run_day_11652_liz21_del_07_29.json","07",11652
145.441802,-14.694597,1446,3.55,2021-11-26 08:00:00,0.0624880871010799,6948.35826136337,"moving",29,-14.69295,145.44156,"run_day_11652_liz21_del_07_29.json","07",11652
145.441507,-14.693263,1447,3.55,2021-11-26 07:52:00,0.0548124820811534,6094.86992422005,"moving",29,-14.69295,145.44156,"run_day_11652_liz21_del_07_29.json","07",11652
145.44162,-14.69377,1447,3.55,2021-11-26 08:04:00,0.0576711041229181,6412.73419245859,"moving",29,-14.69295,145.44156,"run_day_11652_liz21_del_07_29.json","07",11652
145.44176,-14.694277,1447,3.55,2021-11-26 08:16:00,0.0583522220852245,6488.47105431354,"moving",29,-14.69295,145.44156,"run_day_11652_liz21_del_07_29.json","07",11652
145.441464,-14.693424,1448,3.55,2021-11-26 07:41:00,0.0575160511582439,6395.49308942561,"moving",29,-14.69295,145.44156,"run_day_11652_liz21_del_07_29.json","07",11652
145.441602,-14.693954,1448,3.55,2021-11-26 07:53:00,0.0607737727993691,6757.73520833893,"moving",29,-14.69295,145.44156,"run_day_11652_liz21_del_07_29.json","07",11652
145.441772,-14.694484,1448,3.55,2021-11-26 08:05:00,0.0617047159382875,6861.25136238121,"moving",29,-14.69295,145.44156,"run_day_11652_liz21_del_07_29.json","07",11652
145.441502,-14.69356,1449,3.55,2021-11-26 07:14:00,0.0593730712959271,6601.98430741277,"moving",29,-14.69295,145.44156,"run_day_11652_liz21_del_07_29.json","07",11652
145.441662,-14.694094,1449,3.55,2021-11-26 07:26:00,0.0618216683280569,6874.25587478253,"moving",29,-14.69295,145.44156,"run_day_11652_liz21_del_07_29.json","07",11652
145.441841,-14.694621,1449,3.55,2021-11-26 07:38:00,0.0616814534789914,6858.66469492621,"moving",29,-14.69295,145.44156,"run_day_11652_liz21_del_07_29.json","07",11652
145.441719,-14.69321,1450,3.55,2021-11-26 07:49:00,0.048891449180391,5436.48110515975,"moving",29,-14.69295,145.44156,"run_day_11652_liz21_del_07_29.json","07",11652
145.441793,-14.693641,1450,3.55,2021-11-26 08:01:00,0.0485814556233665,5402.01139432613,"moving",29,-14.69295,145.44156,"run_day_11652_liz21_del_07_29.json","07",11652
145.44189,-14.694044,1450,3.55,2021-11-26 08:13:00,0.0460100665428066,5116.08597413864,"moving",29,-14.69295,145.44156,"run_day_11652_liz21_del_07_29.json","07",11652
145.442006,-14.69444,1450,3.55,2021-11-26 08:25:00,0.0457667012352634,5089.02498661855,"moving",29,-14.69295,145.44156,"run_day_11652_liz21_del_07_29.json","07",11652
145.441698,-14.693245,1451,3.55,2021-11-26 08:07:00,0.0494576567371896,5499.44051290357,"moving",29,-14.69295,145.44156,"run_day_11652_liz21_del_07_29.json","07",11652
145.441774,-14.693687,1451,3.55,2021-11-26 08:19:00,0.0498233172387392,5540.10010555018,"moving",29,-14.69295,145.44156,"run_day_11652_liz21_del_07_29.json","07",11652
145.441872,-14.694098,1451,3.55,2021-11-26 08:31:00,0.046900943314525,5215.14695141921,"moving",29,-14.69295,145.44156,"run_day_11652_liz21_del_07_29.json","07",11652
145.441995,-14.6945,1451,3.55,2021-11-26 08:43:00,0.0466170106935398,5183.57508445676,"moving",29,-14.69295,145.44156,"run_day_11652_liz21_del_07_29.json","07",11652
145.441709,-14.693509,1452,3.55,2021-11-26 07:15:00,0.0541244515198601,6018.36441642781,"moving",29,-14.69295,145.44156,"run_day_11652_liz21_del_07_29.json","07",11652
145.441831,-14.693977,1452,3.55,2021-11-26 07:27:00,0.0536681562913886,5967.62670196967,"moving",29,-14.69295,145.44156,"run_day_11652_liz21_del_07_29.json","07",11652
145.441966,-14.694435,1452,3.55,2021-11-26 07:39:00,0.0529568497387227,5888.53302202419,"moving",29,-14.69295,145.44156,"run_day_11652_liz21_del_07_29.json","07",11652
145.441465,-14.693373,1453,3.55,2021-11-26 07:41:00,0.0569240878518529,6329.6697729952,"moving",29,-14.69295,145.44156,"run_day_11652_liz21_del_07_29.json","07",11652
145.441597,-14.693899,1453,3.55,2021-11-26 07:53:00,0.0601870687375186,6692.49669321939,"moving",29,-14.69295,145.44156,"run_day_11652_liz21_del_07_29.json","07",11652
145.441762,-14.694428,1453,3.55,2021-11-26 08:05:00,0.0614410340940785,6831.93127905689,"moving",29,-14.69295,145.44156,"run_day_11652_liz21_del_07_29.json","07",11652
145.44163,-14.693613,1454,3.55,2021-11-26 07:23:00,0.0563907270491779,6270.36275766667,"moving",29,-14.69295,145.44156,"run_day_11652_liz21_del_07_29.json","07",11652
145.441776,-14.694125,1454,3.55,2021-11-26 07:35:00,0.0590578559202023,6566.93395683181,"moving",29,-14.69295,145.44156,"run_day_11652_liz21_del_07_29.json","07",11652
145.441936,-14.694616,1454,3.55,2021-11-26 07:47:00,0.05724473917113,6365.3245729207,"moving",29,-14.69295,145.44156,"run_day_11652_liz21_del_07_29.json","07",11652
145.441587,-14.693486,1455,3.55,2021-11-26 07:30:00,0.0554382451428883,6164.45160196653,"moving",29,-14.69295,145.44156,"run_day_11652_liz21_del_07_29.json","07",11652
145.441721,-14.694001,1455,3.55,2021-11-26 07:42:00,0.0590512820522324,6566.20297606513,"moving",29,-14.69295,145.44156,"run_day_11652_liz21_del_07_29.json","07",11652
145.441879,-14.694501,1455,3.55,2021-11-26 07:54:00,0.0581367359035182,6464.51008414579,"moving",29,-14.69295,145.44156,"run_day_11652_liz21_del_07_29.json","07",11652
145.441763,-14.693222,1456,3.55,2021-11-26 07:22:00,0.0468643298055002,5211.075714969,"moving",29,-14.69295,145.44156,"run_day_11652_liz21_del_07_29.json","07",11652
145.441836,-14.693609,1456,3.55,2021-11-26 07:34:00,0.0437428955460811,4863.98806146708,"moving",29,-14.69295,145.44156,"run_day_11652_liz21_del_07_29.json","07",11652
145.441936,-14.693992,1456,3.55,2021-11-26 07:46:00,0.0439248954590432,4884.22552843822,"moving",29,-14.69295,145.44156,"run_day_11652_liz21_del_07_29.json","07",11652
145.442047,-14.694386,1456,3.55,2021-11-26 07:58:00,0.0454084229271668,5049.18625643142,"moving",29,-14.69295,145.44156,"run_day_11652_liz21_del_07_29.json","07",11652
145.441624,-14.69349,1457,3.55,2021-11-26 07:43:00,0.0546200828970447,6073.4761110566,"moving",29,-14.69295,145.44156,"run_day_11652_liz21_del_07_29.json","07",11652
145.441746,-14.693998,1457,3.55,2021-11-26 07:55:00,0.0579911521472032,6448.32190904171,"moving",29,-14.69295,145.44156,"run_day_11652_liz21_del_07_29.json","07",11652
145.441893,-14.694476,1457,3.55,2021-11-26 08:07:00,0.0554530109687336,6166.09348688824,"moving",29,-14.69295,145.44156,"run_day_11652_liz21_del_07_29.json","07",11652
145.44173,-14.693163,1458,3.55,2021-11-26 07:40:00,0.0477405047350545,5308.50192198859,"moving",29,-14.69295,145.44156,"run_day_11652_liz21_del_07_29.json","07",11652
145.441802,-14.693578,1458,3.55,2021-11-26 07:52:00,0.0467912004387728,5202.94410040019,"moving",29,-14.69295,145.44156,"run_day_11652_liz21_del_07_29.json","07",11652
145.441895,-14.693974,1458,3.55,2021-11-26 08:04:00,0.0451550707026705,5021.01477441331,"moving",29,-14.69295,145.44156,"run_day_11652_liz21_del_07_29.json","07",11652
145.442005,-14.694362,1458,3.55,2021-11-26 08:16:00,0.0447365047264479,4974.47236139133,"moving",29,-14.69295,145.44156,"run_day_11652_liz21_del_07_29.json","07",11652
145.441547,-14.693358,1459,3.55,2021-11-26 07:26:00,0.0548039386250137,6093.9199352413,"moving",29,-14.69295,145.44156,"run_day_11652_liz21_del_07_29.json","07",11652
145.441673,-14.693869,1459,3.55,2021-11-26 07:38:00,0.0584144493705465,6495.39041274021,"moving",29,-14.69295,145.44156,"run_day_11652_liz21_del_07_29.json","07",11652
145.441829,-14.694382,1459,3.55,2021-11-26 07:50:00,0.0594595731101194,6611.60287029651,"moving",29,-14.69295,145.44156,"run_day_11652_liz21_del_07_29.json","07",11652
145.441707,-14.693473,1460,3.55,2021-11-26 07:21:00,0.0532102946306373,5916.71480818908,"moving",29,-14.69295,145.44156,"run_day_11652_liz21_del_07_29.json","07",11652
145.441823,-14.693938,1460,3.55,2021-11-26 07:33:00,0.0531896897989295,5914.4236554388,"moving",29,-14.69295,145.44156,"run_day_11652_liz21_del_07_29.json","07",11652
145.441956,-14.694391,1460,3.55,2021-11-26 07:45:00,0.0523632287262856,5822.52537709158,"moving",29,-14.69295,145.44156,"run_day_11652_liz21_del_07_29.json","07",11652
145.441735,-14.693379,1461,3.55,2021-11-26 07:38:00,0.0502616339060981,5588.83869522425,"moving",29,-14.69295,145.44156,"run_day_11652_liz21_del_07_29.json","07",11652
145.441824,-14.693813,1461,3.55,2021-11-26 07:50:00,0.0491988706176333,5470.66480932288,"moving",29,-14.69295,145.44156,"run_day_11652_liz21_del_07_29.json","07",11652
145.44194,-14.694229,1461,3.55,2021-11-26 08:02:00,0.0479102043312297,5327.37165613691,"moving",29,-14.69295,145.44156,"run_day_11652_liz21_del_07_29.json","07",11652
145.442071,-14.694643,1461,3.55,2021-11-26 08:14:00,0.0481427508093858,5353.22964471692,"moving",29,-14.69295,145.44156,"run_day_11652_liz21_del_07_29.json","07",11652
145.441761,-14.693263,1462,3.55,2021-11-26 07:23:00,0.0474494425497837,5276.1372836484,"moving",29,-14.69295,145.44156,"run_day_11652_liz21_del_07_29.json","07",11652
145.441838,-14.693657,1462,3.55,2021-11-26 07:35:00,0.0445867455037113,4957.81989560479,"moving",29,-14.69295,145.44156,"run_day_11652_liz21_del_07_29.json","07",11652
145.441943,-14.694047,1462,3.55,2021-11-26 07:47:00,0.0448124724102249,4982.91958241627,"moving",29,-14.69295,145.44156,"run_day_11652_liz21_del_07_29.json","07",11652
145.442057,-14.69445,1462,3.55,2021-11-26 07:59:00,0.0464588302219886,5165.98621852604,"moving",29,-14.69295,145.44156,"run_day_11652_liz21_del_07_29.json","07",11652
145.441651,-14.69367,1463,3.55,2021-11-26 07:27:00,0.0563907263536528,6270.36268032781,"moving",29,-14.69295,145.44156,"run_day_11652_liz21_del_07_29.json","07",11652
145.441797,-14.694179,1463,3.55,2021-11-26 07:39:00,0.0587363459354258,6531.1836776591,"moving",29,-14.69295,145.44156,"run_day_11652_liz21_del_07_29.json","07",11652
145.441958,-14.694664,1463,3.55,2021-11-26 07:51:00,0.0566415763926376,6298.25593201151,"moving",29,-14.69295,145.44156,"run_day_11652_liz21_del_07_29.json","07",11652
145.44159,-14.693648,1464,3.55,2021-11-26 07:31:00,0.0572580082116621,6366.8000229093,"moving",29,-14.69295,145.44156,"run_day_11652_liz21_del_07_29.json","07",11652
145.441741,-14.694174,1464,3.55,2021-11-26 07:43:00,0.0607016315080849,6749.71346274653,"moving",29,-14.69295,145.44156,"run_day_11652_liz21_del_07_29.json","07",11652
145.441912,-14.694676,1464,3.55,2021-11-26 07:55:00,0.0587719075994107,6535.13795427726,"moving",29,-14.69295,145.44156,"run_day_11652_liz21_del_07_29.json","07",11652
145.441511,-14.693521,1465,3.55,2021-11-26 07:47:00,0.0576324236763579,6408.43312304074,"moving",29,-14.69295,145.44156,"run_day_11652_liz21_del_07_29.json","07",11652
145.441649,-14.694049,1465,3.55,2021-11-26 07:59:00,0.0605581405194656,6733.75799279285,"moving",29,-14.69295,145.44156,"run_day_11652_liz21_del_07_29.json","07",11652
145.441818,-14.694564,1465,3.55,2021-11-26 08:11:00,0.0600811061219434,6680.71418795345,"moving",29,-14.69295,145.44156,"run_day_11652_liz21_del_07_29.json","07",11652
145.441627,-14.693461,1466,3.55,2021-11-26 07:54:00,0.0542073217224266,6027.57916252323,"moving",29,-14.69295,145.44156,"run_day_11652_liz21_del_07_29.json","07",11652
145.441739,-14.693963,1466,3.55,2021-11-26 08:06:00,0.0571049477148406,6349.78047219306,"moving",29,-14.69295,145.44156,"run_day_11652_liz21_del_07_29.json","07",11652
145.441879,-14.694429,1466,3.55,2021-11-26 08:18:00,0.0539604667988048,6000.13014739925,"moving",29,-14.69295,145.44156,"run_day_11652_liz21_del_07_29.json","07",11652
145.441743,-14.69332,1467,3.55,2021-11-26 07:20:00,0.0498429696718993,5542.28535641381,"moving",29,-14.69295,145.44156,"run_day_11652_liz21_del_07_29.json","07",11652
145.44183,-14.693738,1467,3.55,2021-11-26 07:32:00,0.047412091327886,5271.9840172694,"moving",29,-14.69295,145.44156,"run_day_11652_liz21_del_07_29.json","07",11652
145.441947,-14.694151,1467,3.55,2021-11-26 07:44:00,0.0476165230758497,5294.71579048805,"moving",29,-14.69295,145.44156,"run_day_11652_liz21_del_07_29.json","07",11652
145.442072,-14.694574,1467,3.55,2021-11-26 07:56:00,0.0489192740746395,5439.57509223461,"moving",29,-14.69295,145.44156,"run_day_11652_liz21_del_07_29.json","07",11652
145.44172,-14.69341,1468,3.55,2021-11-26 07:30:00,0.0513424498309748,5709.01994270718,"moving",29,-14.69295,145.44156,"run_day_11652_liz21_del_07_29.json","07",11652
145.44182,-14.69386,1468,3.55,2021-11-26 07:42:00,0.0511806723020288,5691.03110224329,"moving",29,-14.69295,145.44156,"run_day_11652_liz21_del_07_29.json","07",11652
145.441945,-14.694293,1468,3.55,2021-11-26 07:54:00,0.0499893424388431,5558.56126549688,"moving",29,-14.69295,145.44156,"run_day_11652_liz21_del_07_29.json","07",11652
145.44167,-14.693251,1469,3.55,2021-11-26 07:11:00,0.0520724908503174,5790.1968003005,"moving",29,-14.69295,145.44156,"run_day_11652_liz21_del_07_29.json","07",11652
145.441768,-14.693726,1469,3.55,2021-11-26 07:23:00,0.0538591201749332,5988.86091699217,"moving",29,-14.69295,145.44156,"run_day_11652_liz21_del_07_29.json","07",11652
145.4419,-14.694177,1469,3.55,2021-11-26 07:35:00,0.0521199359210219,5795.47245145713,"moving",29,-14.69295,145.44156,"run_day_11652_liz21_del_07_29.json","07",11652
145.442039,-14.694629,1469,3.55,2021-11-26 07:47:00,0.0524366068526975,5830.68465247527,"moving",29,-14.69295,145.44156,"run_day_11652_liz21_del_07_29.json","07",11652
145.441682,-14.69324,1470,3.55,2021-11-26 07:48:00,0.0502296162867722,5585.27849839197,"moving",29,-14.69295,145.44156,"run_day_11652_liz21_del_07_29.json","07",11652
145.441766,-14.693705,1470,3.55,2021-11-26 08:00:00,0.0524890744973523,5836.51878837387,"moving",29,-14.69295,145.44156,"run_day_11652_liz21_del_07_29.json","07",11652
145.441875,-14.694135,1470,3.55,2021-11-26 08:12:00,0.0492301726931727,5474.14544131629,"moving",29,-14.69295,145.44156,"run_day_11652_liz21_del_07_29.json","07",11652
145.442004,-14.694552,1470,3.55,2021-11-26 08:24:00,0.0483997222169341,5381.803561529,"moving",29,-14.69295,145.44156,"run_day_11652_liz21_del_07_29.json","07",11652
145.441636,-14.693655,1471,3.55,2021-11-26 07:35:00,0.0563443424536492,6265.20502596942,"moving",29,-14.69295,145.44156,"run_day_11652_liz21_del_07_29.json","07",11652
145.44178,-14.694168,1471,3.55,2021-11-26 07:47:00,0.059108322399648,6572.54557331179,"moving",29,-14.69295,145.44156,"run_day_11652_liz21_del_07_29.json","07",11652
145.441942,-14.694653,1471,3.55,2021-11-26 07:59:00,0.0566745525392271,6301.92271221255,"moving",29,-14.69295,145.44156,"run_day_11652_liz21_del_07_29.json","07",11652
145.441765,-14.693488,1472,3.55,2021-11-26 07:30:00,0.0494390553954255,5497.37213807061,"moving",29,-14.69295,145.44156,"run_day_11652_liz21_del_07_29.json","07",11652
145.441867,-14.693908,1472,3.55,2021-11-26 07:42:00,0.0479731842934811,5334.37470841953,"moving",29,-14.69295,145.44156,"run_day_11652_liz21_del_07_29.json","07",11652
145.441986,-14.694324,1472,3.55,2021-11-26 07:54:00,0.0479952447496972,5336.82771923022,"moving",29,-14.69295,145.44156,"run_day_11652_liz21_del_07_29.json","07",11652
145.441648,-14.693524,1473,3.55,2021-11-26 07:34:00,0.0544023339377219,6049.26353149778,"moving",29,-14.69295,145.44156,"run_day_11652_liz21_del_07_29.json","07",11652
145.441776,-14.694025,1473,3.55,2021-11-26 07:46:00,0.0573846472316785,6380.88163945037,"moving",29,-14.69295,145.44156,"run_day_11652_liz21_del_07_29.json","07",11652
145.441923,-14.694501,1473,3.55,2021-11-26 07:58:00,0.0552398882988857,6142.39532724822,"moving",29,-14.69295,145.44156,"run_day_11652_liz21_del_07_29.json","07",11652
145.441667,-14.693431,1474,3.55,2021-11-26 08:09:00,0.0523656570967266,5822.79539956463,"moving",29,-14.69295,145.44156,"run_day_11652_liz21_del_07_29.json","07",11652
145.441762,-14.693904,1474,3.55,2021-11-26 08:21:00,0.0535785737980565,5957.66558319497,"moving",29,-14.69295,145.44156,"run_day_11652_liz21_del_07_29.json","07",11652
145.441886,-14.694343,1474,3.55,2021-11-26 08:33:00,0.0506037917342995,5626.88490983196,"moving",29,-14.69295,145.44156,"run_day_11652_liz21_del_07_29.json","07",11652
145.441663,-14.693466,1475,3.55,2021-11-26 07:48:00,0.0534489775456751,5943.25513741801,"moving",29,-14.69295,145.44156,"run_day_11652_liz21_del_07_29.json","07",11652
145.441773,-14.693957,1475,3.55,2021-11-26 08:00:00,0.0558639698686492,6211.79003161828,"moving",29,-14.69295,145.44156,"run_day_11652_liz21_del_07_29.json","07",11652
145.441908,-14.694411,1475,3.55,2021-11-26 08:12:00,0.052529258205305,5840.98701283198,"moving",29,-14.69295,145.44156,"run_day_11652_liz21_del_07_29.json","07",11652
145.44172,-14.69323,1476,3.55,2021-11-26 07:32:00,0.0489485603109777,5442.83157313592,"moving",29,-14.69295,145.44156,"run_day_11652_liz21_del_07_29.json","07",11652
145.4418,-14.693661,1476,3.55,2021-11-26 07:44:00,0.0486913484873134,5414.23092327146,"moving",29,-14.69295,145.44156,"run_day_11652_liz21_del_07_29.json","07",11652
145.441908,-14.694074,1476,3.55,2021-11-26 07:56:00,0.047369891196734,5267.29157678157,"moving",29,-14.69295,145.44156,"run_day_11652_liz21_del_07_29.json","07",11652
145.442029,-14.694486,1476,3.55,2021-11-26 08:08:00,0.0476250529444973,5295.6642686066,"moving",29,-14.69295,145.44156,"run_day_11652_liz21_del_07_29.json","07",11652
145.4415,-14.693347,1477,3.55,2021-11-26 07:32:00,0.0557404270294935,6198.05269468091,"moving",29,-14.69295,145.44156,"run_day_11652_liz21_del_07_29.json","07",11652
145.441629,-14.693864,1477,3.55,2021-11-26 07:44:00,0.0591384910623605,6575.90017554907,"moving",29,-14.69295,145.44156,"run_day_11652_liz21_del_07_29.json","07",11652
145.44179,-14.694389,1477,3.55,2021-11-26 07:56:00,0.0608916018771283,6770.83720399695,"moving",29,-14.69295,145.44156,"run_day_11652_liz21_del_07_29.json","07",11652
145.441643,-14.693605,1478,3.55,2021-11-26 08:00:00,0.0554279258780503,6163.30415206984,"moving",29,-14.69295,145.44156,"run_day_11652_liz21_del_07_29.json","07",11652
145.441764,-14.694103,1478,3.55,2021-11-26 08:12:00,0.0568838937054079,6325.20038782971,"moving",29,-14.69295,145.44156,"run_day_11652_liz21_del_07_29.json","07",11652
145.441912,-14.694563,1478,3.55,2021-11-26 08:24:00,0.0535694870602701,5956.65518405338,"moving",29,-14.69295,145.44156,"run_day_11652_liz21_del_07_29.json","07",11652
145.441464,-14.693526,1479,3.55,2021-11-26 07:47:00,0.0587543393131263,6533.18444997259,"moving",29,-14.69295,145.44156,"run_day_11652_liz21_del_07_29.json","07",11652
145.441609,-14.694062,1479,3.55,2021-11-26 07:59:00,0.0616072330548516,6850.41176030845,"moving",29,-14.69295,145.44156,"run_day_11652_liz21_del_07_29.json","07",11652
145.441786,-14.694589,1479,3.55,2021-11-26 08:11:00,0.0616146481896146,6851.23628567448,"moving",29,-14.69295,145.44156,"run_day_11652_liz21_del_07_29.json","07",11652
145.44158,-14.69343,1480,3.55,2021-11-26 07:52:00,0.0550577274428374,6122.13996422241,"moving",29,-14.69295,145.44156,"run_day_11652_liz21_del_07_29.json","07",11652
145.441696,-14.693939,1480,3.55,2021-11-26 08:04:00,0.0579571227169171,6444.53800903728,"moving",29,-14.69295,145.44156,"run_day_11652_liz21_del_07_29.json","07",11652
145.441843,-14.694426,1480,3.55,2021-11-26 08:16:00,0.0564129470727429,6272.83351155702,"moving",29,-14.69295,145.44156,"run_day_11652_liz21_del_07_29.json","07",11652
145.441613,-14.693658,1481,3.55,2021-11-26 07:56:00,0.0568424209059651,6320.58882293792,"moving",29,-14.69295,145.44156,"run_day_11652_liz21_del_07_29.json","07",11652
145.441747,-14.694171,1481,3.55,2021-11-26 08:08:00,0.0588356402361937,6542.22470014921,"moving",29,-14.69295,145.44156,"run_day_11652_liz21_del_07_29.json","07",11652
145.441907,-14.694647,1481,3.55,2021-11-26 08:20:00,0.0556562280163427,6188.69019159006,"moving",29,-14.69295,145.44156,"run_day_11652_liz21_del_07_29.json","07",11652
145.441661,-14.693214,1482,3.55,2021-11-26 07:40:00,0.0503314298370042,5596.59964864143,"moving",29,-14.69295,145.44156,"run_day_11652_liz21_del_07_29.json","07",11652
145.441749,-14.693689,1482,3.55,2021-11-26 07:52:00,0.0536589865878835,5966.60707746107,"moving",29,-14.69295,145.44156,"run_day_11652_liz21_del_07_29.json","07",11652
145.441865,-14.694137,1482,3.55,2021-11-26 08:04:00,0.0513540292794944,5710.3075186359,"moving",29,-14.69295,145.44156,"run_day_11652_liz21_del_07_29.json","07",11652
145.441999,-14.694567,1482,3.55,2021-11-26 08:16:00,0.0499388567823666,5552.94751662838,"moving",29,-14.69295,145.44156,"run_day_11652_liz21_del_07_29.json","07",11652
145.441529,-14.693304,1483,3.55,2021-11-26 07:47:00,0.0547042115183338,6082.83078692955,"moving",29,-14.69295,145.44156,"run_day_11652_liz21_del_07_29.json","07",11652
145.441643,-14.693814,1483,3.55,2021-11-26 07:59:00,0.0580198744389214,6451.51568216238,"moving",29,-14.69295,145.44156,"run_day_11652_liz21_del_07_29.json","07",11652
145.441788,-14.694321,1483,3.55,2021-11-26 08:11:00,0.0584933091849266,6504.1592240154,"moving",29,-14.69295,145.44156,"run_day_11652_liz21_del_07_29.json","07",11652
145.441683,-14.693288,1484,3.55,2021-11-26 07:41:00,0.0507267566210684,5640.55798139609,"moving",29,-14.69295,145.44156,"run_day_11652_liz21_del_07_29.json","07",11652
145.441773,-14.693758,1484,3.55,2021-11-26 07:53:00,0.0531505777075657,5910.07458930869,"moving",29,-14.69295,145.44156,"run_day_11652_liz21_del_07_29.json","07",11652
145.441891,-14.694197,1484,3.55,2021-11-26 08:05:00,0.0504375466963623,5608.39930503351,"moving",29,-14.69295,145.44156,"run_day_11652_liz21_del_07_29.json","07",11652
145.442027,-14.694623,1484,3.55,2021-11-26 08:17:00,0.0495762142157838,5512.62350303901,"moving",29,-14.69295,145.44156,"run_day_11652_liz21_del_07_29.json","07",11652
145.441598,-14.693177,1485,3.55,2021-11-26 07:58:00,0.0514404476386365,5719.91680174145,"moving",29,-14.69295,145.44156,"run_day_11652_liz21_del_07_29.json","07",11652
145.441689,-14.693658,1485,3.55,2021-11-26 08:10:00,0.0543729806488017,6045.99959468952,"moving",29,-14.69295,145.44156,"run_day_11652_liz21_del_07_29.json","07",11652
145.441803,-14.69413,1485,3.55,2021-11-26 08:22:00,0.0538972978269995,5993.10607821314,"moving",29,-14.69295,145.44156,"run_day_11652_liz21_del_07_29.json","07",11652
145.441944,-14.69457,1485,3.55,2021-11-26 08:34:00,0.051222346150301,5695.66502274491,"moving",29,-14.69295,145.44156,"run_day_11652_liz21_del_07_29.json","07",11652
145.441475,-14.693399,1486,3.55,2021-11-26 08:08:00,0.0568253602514855,6318.69176471456,"moving",29,-14.69295,145.44156,"run_day_11652_liz21_del_07_29.json","07",11652
145.441596,-14.69391,1486,3.55,2021-11-26 08:20:00,0.0582920264626831,6481.77760648072,"moving",29,-14.69295,145.44156,"run_day_11652_liz21_del_07_29.json","07",11652
145.44175,-14.694418,1486,3.55,2021-11-26 08:32:00,0.0588655102479384,6545.54609391403,"moving",29,-14.69295,145.44156,"run_day_11652_liz21_del_07_29.json","07",11652
145.44175,-14.693418,1487,3.55,2021-11-26 08:05:00,0.0493494687916198,5487.41056223211,"moving",29,-14.69295,145.44156,"run_day_11652_liz21_del_07_29.json","07",11652
145.44183,-14.69383,1487,3.55,2021-11-26 08:17:00,0.0466133898773413,5183.17246806518,"moving",29,-14.69295,145.44156,"run_day_11652_liz21_del_07_29.json","07",11652
145.441934,-14.694221,1487,3.55,2021-11-26 08:29:00,0.044893163575218,4991.89203058854,"moving",29,-14.69295,145.44156,"run_day_11652_liz21_del_07_29.json","07",11652
145.442058,-14.694614,1487,3.55,2021-11-26 08:41:00,0.0456895646875434,5080.44779385321,"moving",29,-14.69295,145.44156,"run_day_11652_liz21_del_07_29.json","07",11652
145.441758,-14.693374,1488,3.55,2021-11-26 07:43:00,0.0486171640820037,5405.98199376488,"moving",29,-14.69295,145.44156,"run_day_11652_liz21_del_07_29.json","07",11652
145.441841,-14.693787,1488,3.55,2021-11-26 07:55:00,0.0467831791698014,5202.05217598531,"moving",29,-14.69295,145.44156,"run_day_11652_liz21_del_07_29.json","07",11652
145.441948,-14.694183,1488,3.55,2021-11-26 08:07:00,0.045512336588437,5060.74092837372,"moving",29,-14.69295,145.44156,"run_day_11652_liz21_del_07_29.json","07",11652
145.442069,-14.694583,1488,3.55,2021-11-26 08:19:00,0.0463429353303443,5153.09929455116,"moving",29,-14.69295,145.44156,"run_day_11652_liz21_del_07_29.json","07",11652
145.441619,-14.693214,1489,3.55,2021-11-26 07:26:00,0.0513120599002023,5705.6407365842,"moving",29,-14.69295,145.44156,"run_day_11652_liz21_del_07_29.json","07",11652
145.441719,-14.693701,1489,3.55,2021-11-26 07:38:00,0.0552097792785288,6139.04735693829,"moving",29,-14.69295,145.44156,"run_day_11652_liz21_del_07_29.json","07",11652
145.441851,-14.694176,1489,3.55,2021-11-26 07:50:00,0.0546925242411782,6081.53122100356,"moving",29,-14.69295,145.44156,"run_day_11652_liz21_del_07_29.json","07",11652
145.441998,-14.694633,1489,3.55,2021-11-26 08:02:00,0.0532190077109629,5917.68365851672,"moving",29,-14.69295,145.44156,"run_day_11652_liz21_del_07_29.json","07",11652
145.441581,-14.693328,1490,3.55,2021-11-26 07:46:00,0.0537310225049174,5974.61710597143,"moving",29,-14.69295,145.44156,"run_day_11652_liz21_del_07_29.json","07",11652
145.44169,-14.693832,1490,3.55,2021-11-26 07:58:00,0.0572554110924346,6366.51123642732,"moving",29,-14.69295,145.44156,"run_day_11652_liz21_del_07_29.json","07",11652
145.44183,-14.694323,1490,3.55,2021-11-26 08:10:00,0.0566352220875096,6297.54936551892,"moving",29,-14.69295,145.44156,"run_day_11652_liz21_del_07_29.json","07",11652
145.441706,-14.693526,1491,3.55,2021-11-26 07:42:00,0.0532404743025951,5920.07063459857,"moving",29,-14.69295,145.44156,"run_day_11652_liz21_del_07_29.json","07",11652
145.441818,-14.693995,1491,3.55,2021-11-26 07:54:00,0.0535236896046554,5951.56273933579,"moving",29,-14.69295,145.44156,"run_day_11652_liz21_del_07_29.json","07",11652
145.441951,-14.694439,1491,3.55,2021-11-26 08:06:00,0.0514012697874134,5715.56042344861,"moving",29,-14.69295,145.44156,"run_day_11652_liz21_del_07_29.json","07",11652
145.441781,-14.693391,1492,3.55,2021-11-26 07:27:00,0.0468643287021601,5211.07559228318,"moving",29,-14.69295,145.44156,"run_day_11652_liz21_del_07_29.json","07",11652
145.441867,-14.693784,1492,3.55,2021-11-26 07:39:00,0.0446678691268516,4966.84043092901,"moving",29,-14.69295,145.44156,"run_day_11652_liz21_del_07_29.json","07",11652
145.441977,-14.694177,1492,3.55,2021-11-26 07:51:00,0.0452729249400237,5034.11956769054,"moving",29,-14.69295,145.44156,"run_day_11652_liz21_del_07_29.json","07",11652
145.442098,-14.694584,1492,3.55,2021-11-26 08:03:00,0.0470904837064334,5236.22288139365,"moving",29,-14.69295,145.44156,"run_day_11652_liz21_del_07_29.json","07",11652
145.441636,-14.693247,1493,3.55,2021-11-26 07:47:00,0.0513972483271938,5715.11325747448,"moving",29,-14.69295,145.44156,"run_day_11652_liz21_del_07_29.json","07",11652
145.441728,-14.693734,1493,3.55,2021-11-26 07:59:00,0.055048614678827,6121.12667109675,"moving",29,-14.69295,145.44156,"run_day_11652_liz21_del_07_29.json","07",11652
145.441849,-14.694194,1493,3.55,2021-11-26 08:11:00,0.0527794163374034,5868.8033279802,"moving",29,-14.69295,145.44156,"run_day_11652_liz21_del_07_29.json","07",11652
145.441991,-14.694629,1493,3.55,2021-11-26 08:23:00,0.0507238474659989,5640.23449811154,"moving",29,-14.69295,145.44156,"run_day_11652_liz21_del_07_29.json","07",11652
145.441584,-14.693495,1494,3.55,2021-11-26 08:06:00,0.0553391276128898,6153.43023548915,"moving",29,-14.69295,145.44156,"run_day_11652_liz21_del_07_29.json","07",11652
145.441699,-14.693995,1494,3.55,2021-11-26 08:18:00,0.0569567843223986,6333.30545463907,"moving",29,-14.69295,145.44156,"run_day_11652_liz21_del_07_29.json","07",11652
145.441846,-14.694474,1494,3.55,2021-11-26 08:30:00,0.0555595993284636,6177.94557172959,"moving",29,-14.69295,145.44156,"run_day_11652_liz21_del_07_29.json","07",11652
145.441667,-14.693639,1495,3.55,2021-11-26 07:25:00,0.0558188097755782,6206.768458382,"moving",29,-14.69295,145.44156,"run_day_11652_liz21_del_07_29.json","07",11652
145.441809,-14.694139,1495,3.55,2021-11-26 07:37:00,0.057657183955839,6411.18634050134,"moving",29,-14.69295,145.44156,"run_day_11652_liz21_del_07_29.json","07",11652
145.441963,-14.694618,1495,3.55,2021-11-26 07:49:00,0.0557785269061654,6202.2892076726,"moving",29,-14.69295,145.44156,"run_day_11652_liz21_del_07_29.json","07",11652
145.441635,-14.693469,1496,3.55,2021-11-26 08:08:00,0.0536877359326576,5969.80385874431,"moving",29,-14.69295,145.44156,"run_day_11652_liz21_del_07_29.json","07",11652
145.441739,-14.693956,1496,3.55,2021-11-26 08:20:00,0.0552952041310034,6148.54616714283,"moving",29,-14.69295,145.44156,"run_day_11652_liz21_del_07_29.json","07",11652
145.441874,-14.694412,1496,3.55,2021-11-26 08:32:00,0.0527430186365711,5864.75608830612,"moving",29,-14.69295,145.44156,"run_day_11652_liz21_del_07_29.json","07",11652
145.441736,-14.693183,1497,3.55,2021-11-26 07:11:00,0.0493861255431885,5491.48660703381,"moving",29,-14.69295,145.44156,"run_day_11652_liz21_del_07_29.json","07",11652
145.441814,-14.693595,1497,3.55,2021-11-26 07:23:00,0.0465741615391436,5178.81047587691,"moving",29,-14.69295,145.44156,"run_day_11652_liz21_del_07_29.json","07",11652
145.441922,-14.693996,1497,3.55,2021-11-26 07:35:00,0.0460774574398973,5123.57949999715,"moving",29,-14.69295,145.44156,"run_day_11652_liz21_del_07_29.json","07",11652
145.442038,-14.694411,1497,3.55,2021-11-26 07:47:00,0.0478028521741257,5315.43464090259,"moving",29,-14.69295,145.44156,"run_day_11652_liz21_del_07_29.json","07",11652
145.44161,-14.693322,1498,3.55,2021-11-26 07:32:00,0.0527305692120174,5863.3717754561,"moving",29,-14.69295,145.44156,"run_day_11652_liz21_del_07_29.json","07",11652
145.441719,-14.693822,1498,3.55,2021-11-26 07:44:00,0.0568201287719415,6318.11005073041,"moving",29,-14.69295,145.44156,"run_day_11652_liz21_del_07_29.json","07",11652
145.44186,-14.694306,1498,3.55,2021-11-26 07:56:00,0.055914334513535,6217.39032461184,"moving",29,-14.69295,145.44156,"run_day_11652_liz21_del_07_29.json","07",11652
145.441478,-14.693561,1499,3.55,2021-11-26 07:46:00,0.0588093941500713,6539.30626852812,"moving",29,-14.69295,145.44156,"run_day_11652_liz21_del_07_29.json","07",11652
145.441625,-14.694097,1499,3.55,2021-11-26 07:58:00,0.061662040669277,6856.50608897406,"moving",29,-14.69295,145.44156,"run_day_11652_liz21_del_07_29.json","07",11652
145.441804,-14.694622,1499,3.55,2021-11-26 08:10:00,0.0614702138004517,6835.17591436657,"moving",29,-14.69295,145.44156,"run_day_11652_liz21_del_07_29.json","07",11652
145.441603,-14.693494,1500,3.55,2021-11-26 07:11:00,0.0566548032215785,6299.72668828533,"moving",29,-14.69295,145.44156,"run_day_11652_liz21_del_07_29.json","07",11652
145.441744,-14.69401,1500,3.55,2021-11-26 07:23:00,0.0593470423512776,6599.09002082184,"moving",29,-14.69295,145.44156,"run_day_11652_liz21_del_07_29.json","07",11652
145.4419,-14.694505,1500,3.55,2021-11-26 07:35:00,0.057542179508203,6398.39842938267,"moving",29,-14.69295,145.44156,"run_day_11652_liz21_del_07_29.json","07",11652
145.441677,-14.69322,1501,3.55,2021-11-26 07:39:00,0.0500512814626611,5565.44857070677,"moving",29,-14.69295,145.44156,"run_day_11652_liz21_del_07_29.json","07",11652
145.441763,-14.693687,1501,3.55,2021-11-26 07:51:00,0.0527454589002456,5865.0274332464,"moving",29,-14.69295,145.44156,"run_day_11652_liz21_del_07_29.json","07",11652
145.441877,-14.694126,1501,3.55,2021-11-26 08:03:00,0.0503310082639426,5596.55277185578,"moving",29,-14.69295,145.44156,"run_day_11652_liz21_del_07_29.json","07",11652
145.442008,-14.694551,1501,3.55,2021-11-26 08:15:00,0.0493136377221415,5483.42632908987,"moving",29,-14.69295,145.44156,"run_day_11652_liz21_del_07_29.json","07",11652
145.441673,-14.693441,1502,3.55,2021-11-26 07:59:00,0.0529123606343166,5883.58605932327,"moving",29,-14.69295,145.44156,"run_day_11652_liz21_del_07_29.json","07",11652
145.441772,-14.693919,1502,3.55,2021-11-26 08:11:00,0.0542073173373737,6027.57867492759,"moving",29,-14.69295,145.44156,"run_day_11652_liz21_del_07_29.json","07",11652
145.441899,-14.694359,1502,3.55,2021-11-26 08:23:00,0.0507968819528711,5648.35556252181,"moving",29,-14.69295,145.44156,"run_day_11652_liz21_del_07_29.json","07",11652
145.441704,-14.69367,1503,3.55,2021-11-26 07:22:00,0.0556436664191929,6187.29340571645,"moving",29,-14.69295,145.44156,"run_day_11652_liz21_del_07_29.json","07",11652
145.441844,-14.694154,1503,3.55,2021-11-26 07:34:00,0.0558852601047626,6214.15739786116,"moving",29,-14.69295,145.44156,"run_day_11652_liz21_del_07_29.json","07",11652
145.441992,-14.694624,1503,3.55,2021-11-26 07:46:00,0.0546322058214259,6074.82411874389,"moving",29,-14.69295,145.44156,"run_day_11652_liz21_del_07_29.json","07",11652
145.441771,-14.693264,1504,3.55,2021-11-26 07:27:00,0.0463169795542143,5150.21314392838,"moving",29,-14.69295,145.44156,"run_day_11652_liz21_del_07_29.json","07",11652
145.441844,-14.69365,1504,3.55,2021-11-26 07:39:00,0.043633510911213,4851.82504501688,"moving",29,-14.69295,145.44156,"run_day_11652_liz21_del_07_29.json","07",11652
145.441945,-14.694031,1504,3.55,2021-11-26 07:51:00,0.0437359012344812,4863.2103295018,"moving",29,-14.69295,145.44156,"run_day_11652_liz21_del_07_29.json","07",11652
145.442056,-14.694424,1504,3.55,2021-11-26 08:03:00,0.0453011490932835,5037.25795034188,"moving",29,-14.69295,145.44156,"run_day_11652_liz21_del_07_29.json","07",11652
145.441694,-14.693541,1505,3.55,2021-11-26 07:40:00,0.0536472090165153,5965.29747127673,"moving",29,-14.69295,145.44156,"run_day_11652_liz21_del_07_29.json","07",11652
145.441812,-14.69402,1505,3.55,2021-11-26 07:52:00,0.0547536659345462,6088.32986711253,"moving",29,-14.69295,145.44156,"run_day_11652_liz21_del_07_29.json","07",11652
145.441949,-14.694473,1505,3.55,2021-11-26 08:04:00,0.0524823952712149,5835.77609231348,"moving",29,-14.69295,145.44156,"run_day_11652_liz21_del_07_29.json","07",11652
145.441727,-14.693145,1506,3.55,2021-11-26 07:53:00,0.0477041417297359,5304.45854027961,"moving",29,-14.69295,145.44156,"run_day_11652_liz21_del_07_29.json","07",11652
145.441796,-14.693559,1506,3.55,2021-11-26 08:05:00,0.046629098374188,5184.91917321975,"moving",29,-14.69295,145.44156,"run_day_11652_liz21_del_07_29.json","07",11652
145.441881,-14.693946,1506,3.55,2021-11-26 08:17:00,0.0439928989716352,4891.78717403246,"moving",29,-14.69295,145.44156,"run_day_11652_liz21_del_07_29.json","07",11652
145.441988,-14.694325,1506,3.55,2021-11-26 08:29:00,0.043686070921155,4857.66945146682,"moving",29,-14.69295,145.44156,"run_day_11652_liz21_del_07_29.json","07",11652
145.441683,-14.693445,1507,3.55,2021-11-26 08:05:00,0.0524361660700777,5830.63563968419,"moving",29,-14.69295,145.44156,"run_day_11652_liz21_del_07_29.json","07",11652
145.441778,-14.693913,1507,3.55,2021-11-26 08:17:00,0.0530329093354353,5896.99046330126,"moving",29,-14.69295,145.44156,"run_day_11652_liz21_del_07_29.json","07",11652
145.441901,-14.694345,1507,3.55,2021-11-26 08:29:00,0.0498247030838283,5540.2542044932,"moving",29,-14.69295,145.44156,"run_day_11652_liz21_del_07_29.json","07",11652
145.441685,-14.693561,1508,3.55,2021-11-26 07:31:00,0.0540772285194132,6013.11345835719,"moving",29,-14.69295,145.44156,"run_day_11652_liz21_del_07_29.json","07",11652
145.441812,-14.694048,1508,3.55,2021-11-26 07:43:00,0.0558482272262915,6210.03952965613,"moving",29,-14.69295,145.44156,"run_day_11652_liz21_del_07_29.json","07",11652
145.441955,-14.694512,1508,3.55,2021-11-26 07:55:00,0.0538382396109944,5986.5391042167,"moving",29,-14.69295,145.44156,"run_day_11652_liz21_del_07_29.json","07",11652
145.441593,-14.693374,1509,3.55,2021-11-26 07:59:00,0.0539891345106353,6003.31785151331,"moving",29,-14.69295,145.44156,"run_day_11652_liz21_del_07_29.json","07",11652
145.441698,-14.693872,1509,3.55,2021-11-26 08:11:00,0.0565149971351972,6284.1809607657,"moving",29,-14.69295,145.44156,"run_day_11652_liz21_del_07_29.json","07",11652
145.441834,-14.694349,1509,3.55,2021-11-26 08:23:00,0.0550201349494645,6117.95986967942,"moving",29,-14.69295,145.44156,"run_day_11652_liz21_del_07_29.json","07",11652
145.44169,-14.693255,1510,3.55,2021-11-26 07:56:00,0.0502806204745001,5590.94990530493,"moving",29,-14.69295,145.44156,"run_day_11652_liz21_del_07_29.json","07",11652
145.441771,-14.693712,1510,3.55,2021-11-26 08:08:00,0.0515575135305681,5732.93393500736,"moving",29,-14.69295,145.44156,"run_day_11652_liz21_del_07_29.json","07",11652
145.441876,-14.694133,1510,3.55,2021-11-26 08:20:00,0.0481560874860452,5354.71261549975,"moving",29,-14.69295,145.44156,"run_day_11652_liz21_del_07_29.json","07",11652
145.442003,-14.694543,1510,3.55,2021-11-26 08:32:00,0.0475923620708602,5292.02920931057,"moving",29,-14.69295,145.44156,"run_day_11652_liz21_del_07_29.json","07",11652
145.441738,-14.693476,1511,3.55,2021-11-26 07:52:00,0.0514119316532665,5716.74596884004,"moving",29,-14.69295,145.44156,"run_day_11652_liz21_del_07_29.json","07",11652
145.441832,-14.693913,1511,3.55,2021-11-26 08:04:00,0.0496328740750788,5518.92379193701,"moving",29,-14.69295,145.44156,"run_day_11652_liz21_del_07_29.json","07",11652
145.441949,-14.694325,1511,3.55,2021-11-26 08:16:00,0.0475092881413881,5282.79180981686,"moving",29,-14.69295,145.44156,"run_day_11652_liz21_del_07_29.json","07",11652
145.441674,-14.693484,1512,3.55,2021-11-26 07:35:00,0.0534018968645464,5938.02000453353,"moving",29,-14.69295,145.44156,"run_day_11652_liz21_del_07_29.json","07",11652
145.441791,-14.693972,1512,3.55,2021-11-26 07:47:00,0.0557032489858933,6193.91868485,"moving",29,-14.69295,145.44156,"run_day_11652_liz21_del_07_29.json","07",11652
145.44193,-14.694433,1512,3.55,2021-11-26 07:59:00,0.0533965888224121,5937.42977717777,"moving",29,-14.69295,145.44156,"run_day_11652_liz21_del_07_29.json","07",11652
145.441608,-14.693428,1513,3.55,2021-11-26 08:08:00,0.0537926822529204,5981.47335712754,"moving",29,-14.69295,145.44156,"run_day_11652_liz21_del_07_29.json","07",11652
145.441712,-14.69392,1513,3.55,2021-11-26 08:20:00,0.0558397971857218,6209.10215191337,"moving",29,-14.69295,145.44156,"run_day_11652_liz21_del_07_29.json","07",11652
145.441848,-14.694387,1513,3.55,2021-11-26 08:32:00,0.0539490135505923,5998.85660430441,"moving",29,-14.69295,145.44156,"run_day_11652_liz21_del_07_29.json","07",11652
145.441741,-14.693226,1514,3.55,2021-11-26 07:32:00,0.0479062402319124,5326.93086840411,"moving",29,-14.69295,145.44156,"run_day_11652_liz21_del_07_29.json","07",11652
145.441816,-14.693637,1514,3.55,2021-11-26 07:44:00,0.0464076133155186,5160.29115836814,"moving",29,-14.69295,145.44156,"run_day_11652_liz21_del_07_29.json","07",11652
145.441918,-14.694034,1514,3.55,2021-11-26 07:56:00,0.0454872342354652,5057.94967407641,"moving",29,-14.69295,145.44156,"run_day_11652_liz21_del_07_29.json","07",11652
145.442033,-14.694434,1514,3.55,2021-11-26 08:08:00,0.0461658590471322,5133.4093102289,"moving",29,-14.69295,145.44156,"run_day_11652_liz21_del_07_29.json","07",11652
145.441514,-14.693297,1515,3.55,2021-11-26 08:00:00,0.055004769534301,6116.25131346746,"moving",29,-14.69295,145.44156,"run_day_11652_liz21_del_07_29.json","07",11652
145.441625,-14.6938,1515,3.55,2021-11-26 08:12:00,0.0571910968360929,6359.35981741121,"moving",29,-14.69295,145.44156,"run_day_11652_liz21_del_07_29.json","07",11652
145.441764,-14.694301,1515,3.55,2021-11-26 08:24:00,0.0576799334563527,6413.71596954217,"moving",29,-14.69295,145.44156,"run_day_11652_liz21_del_07_29.json","07",11652
145.441546,-14.693345,1516,3.55,2021-11-26 08:02:00,0.0547777582359294,6091.00880879755,"moving",29,-14.69295,145.44156,"run_day_11652_liz21_del_07_29.json","07",11652
145.441655,-14.693844,1516,3.55,2021-11-26 08:14:00,0.0567113309484067,6306.01228472338,"moving",29,-14.69295,145.44156,"run_day_11652_liz21_del_07_29.json","07",11652
145.441794,-14.694337,1516,3.55,2021-11-26 08:26:00,0.0568212428135349,6318.23392650367,"moving",29,-14.69295,145.44156,"run_day_11652_liz21_del_07_29.json","07",11652
145.441579,-14.693387,1517,3.55,2021-11-26 07:50:00,0.0545143947990193,6061.72413074946,"moving",29,-14.69295,145.44156,"run_day_11652_liz21_del_07_29.json","07",11652
145.441692,-14.693895,1517,3.55,2021-11-26 08:02:00,0.0577798049390135,6424.82117173052,"moving",29,-14.69295,145.44156,"run_day_11652_liz21_del_07_29.json","07",11652
145.441835,-14.694383,1517,3.55,2021-11-26 08:14:00,0.0564008523317691,6271.48863772165,"moving",29,-14.69295,145.44156,"run_day_11652_liz21_del_07_29.json","07",11652
145.441602,-14.693369,1518,3.55,2021-11-26 07:38:00,0.0536224130669892,5962.54028748809,"moving",29,-14.69295,145.44156,"run_day_11652_liz21_del_07_29.json","07",11652
145.441715,-14.693874,1518,3.55,2021-11-26 07:50:00,0.0574537269622268,6388.56295502132,"moving",29,-14.69295,145.44156,"run_day_11652_liz21_del_07_29.json","07",11652
145.441859,-14.694362,1518,3.55,2021-11-26 08:02:00,0.0564302793089342,6274.7607682889,"moving",29,-14.69295,145.44156,"run_day_11652_liz21_del_07_29.json","07",11652
145.441691,-14.69366,1519,3.55,2021-11-26 07:27:00,0.055425923802555,6163.08153143201,"moving",29,-14.69295,145.44156,"run_day_11652_liz21_del_07_29.json","07",11652
145.44183,-14.694151,1519,3.55,2021-11-26 07:39:00,0.0566067226398934,6294.38037153182,"moving",29,-14.69295,145.44156,"run_day_11652_liz21_del_07_29.json","07",11652
145.441981,-14.694622,1519,3.55,2021-11-26 07:51:00,0.0548332917744209,6097.18385653642,"moving",29,-14.69295,145.44156,"run_day_11652_liz21_del_07_29.json","07",11652
145.441591,-14.693653,1520,3.55,2021-11-26 07:29:00,0.057366199994377,6378.83040025183,"moving",29,-14.69295,145.44156,"run_day_11652_liz21_del_07_29.json","07",11652
145.441744,-14.694178,1520,3.55,2021-11-26 07:41:00,0.0606525101164017,6744.25141320165,"moving",29,-14.69295,145.44156,"run_day_11652_liz21_del_07_29.json","07",11652
145.441915,-14.694681,1520,3.55,2021-11-26 07:53:00,0.0588775274803524,6546.88234919078,"moving",29,-14.69295,145.44156,"run_day_11652_liz21_del_07_29.json","07",11652
145.441712,-14.693526,1521,3.55,2021-11-26 08:03:00,0.0527994203340853,5871.02767092384,"moving",29,-14.69295,145.44156,"run_day_11652_liz21_del_07_29.json","07",11652
145.441811,-14.693978,1521,3.55,2021-11-26 08:15:00,0.0513757152852267,5712.71889245252,"moving",29,-14.69295,145.44156,"run_day_11652_liz21_del_07_29.json","07",11652
145.441935,-14.694402,1521,3.55,2021-11-26 08:27:00,0.0489968122892534,5448.19694832075,"moving",29,-14.69295,145.44156,"run_day_11652_liz21_del_07_29.json","07",11652
145.44161,-14.693629,1522,3.55,2021-11-26 07:37:00,0.0565463418222931,6287.66633094803,"moving",29,-14.69295,145.44156,"run_day_11652_liz21_del_07_29.json","07",11652
145.441753,-14.694149,1522,3.55,2021-11-26 07:49:00,0.0598320977709767,6653.02572263382,"moving",29,-14.69295,145.44156,"run_day_11652_liz21_del_07_29.json","07",11652
145.441918,-14.694642,1522,3.55,2021-11-26 08:01:00,0.0576202416263584,6407.07854088467,"moving",29,-14.69295,145.44156,"run_day_11652_liz21_del_07_29.json","07",11652
145.44159,-14.693246,1523,3.55,2021-11-26 08:07:00,0.0522244754375902,5807.0967153334,"moving",29,-14.69295,145.44156,"run_day_11652_liz21_del_07_29.json","07",11652
145.441684,-14.693727,1523,3.55,2021-11-26 08:19:00,0.0544319911654327,6052.56126475755,"moving",29,-14.69295,145.44156,"run_day_11652_liz21_del_07_29.json","07",11652
145.441804,-14.694201,1523,3.55,2021-11-26 08:31:00,0.054263748987103,6033.85358807966,"moving",29,-14.69295,145.44156,"run_day_11652_liz21_del_07_29.json","07",11652
145.44195,-14.694643,1523,3.55,2021-11-26 08:43:00,0.0515959335751731,5737.2060490489,"moving",29,-14.69295,145.44156,"run_day_11652_liz21_del_07_29.json","07",11652
145.441761,-14.693427,1524,3.55,2021-11-26 07:11:00,0.0508090750305014,5649.71137089448,"moving",29,-14.69295,145.44156,"run_day_11652_liz21_del_07_29.json","07",11652
145.441861,-14.693845,1524,3.55,2021-11-26 07:23:00,0.0477077571685638,5304.86055873487,"moving",29,-14.69295,145.44156,"run_day_11652_liz21_del_07_29.json","07",11652
145.441983,-14.694265,1524,3.55,2021-11-26 07:35:00,0.0485103502932159,5394.10484235599,"moving",29,-14.69295,145.44156,"run_day_11652_liz21_del_07_29.json","07",11652
145.441746,-14.693382,1525,3.55,2021-11-26 08:09:00,0.049002931904921,5448.877418536,"moving",29,-14.69295,145.44156,"run_day_11652_liz21_del_07_29.json","07",11652
145.441823,-14.693791,1525,3.55,2021-11-26 08:21:00,0.0462266798483341,5140.17227475701,"moving",29,-14.69295,145.44156,"run_day_11652_liz21_del_07_29.json","07",11652
145.441923,-14.69418,1525,3.55,2021-11-26 08:33:00,0.0445720510750398,4956.18594968657,"moving",29,-14.69295,145.44156,"run_day_11652_liz21_del_07_29.json","07",11652
145.442044,-14.694571,1525,3.55,2021-11-26 08:45:00,0.0453833243780218,5046.39542510035,"moving",29,-14.69295,145.44156,"run_day_11652_liz21_del_07_29.json","07",11652
145.441735,-14.693349,1526,3.55,2021-11-26 08:06:00,0.0494942852319194,5503.51341568814,"moving",29,-14.69295,145.44156,"run_day_11652_liz21_del_07_29.json","07",11652
145.441812,-14.693768,1526,3.55,2021-11-26 08:18:00,0.0473210571349107,5261.86147685936,"moving",29,-14.69295,145.44156,"run_day_11652_liz21_del_07_29.json","07",11652
145.441912,-14.694162,1526,3.55,2021-11-26 08:30:00,0.0451117948999303,5016.20272470213,"moving",29,-14.69295,145.44156,"run_day_11652_liz21_del_07_29.json","07",11652
145.442034,-14.694556,1526,3.55,2021-11-26 08:42:00,0.0457337437057947,5085.36027654689,"moving",29,-14.69295,145.44156,"run_day_11652_liz21_del_07_29.json","07",11652
145.441742,-14.693655,1527,3.55,2021-11-26 07:28:00,0.0537969008788104,5981.94244692392,"moving",29,-14.69295,145.44156,"run_day_11652_liz21_del_07_29.json","07",11652
145.441869,-14.694113,1527,3.55,2021-11-26 07:40:00,0.0527274158866681,5863.0211416752,"moving",29,-14.69295,145.44156,"run_day_11652_liz21_del_07_29.json","07",11652
145.442008,-14.694565,1527,3.55,2021-11-26 07:52:00,0.0524366081013374,5830.68479131768,"moving",29,-14.69295,145.44156,"run_day_11652_liz21_del_07_29.json","07",11652
145.441543,-14.693401,1528,3.55,2021-11-26 07:56:00,0.0556312462127053,6185.91234176715,"moving",29,-14.69295,145.44156,"run_day_11652_liz21_del_07_29.json","07",11652
145.441659,-14.693911,1528,3.55,2021-11-26 08:08:00,0.0580657157691369,6456.61300551298,"moving",29,-14.69295,145.44156,"run_day_11652_liz21_del_07_29.json","07",11652
145.441808,-14.694408,1528,3.55,2021-11-26 08:20:00,0.0575407175812468,6398.23587052201,"moving",29,-14.69295,145.44156,"run_day_11652_liz21_del_07_29.json","07",11652
145.441595,-14.69351,1529,3.55,2021-11-26 07:56:00,0.0555567652474717,6177.63043630159,"moving",29,-14.69295,145.44156,"run_day_11652_liz21_del_07_29.json","07",11652
145.441715,-14.69402,1529,3.55,2021-11-26 08:08:00,0.0581596779192882,6467.06111990642,"moving",29,-14.69295,145.44156,"run_day_11652_liz21_del_07_29.json","07",11652
145.441865,-14.694499,1529,3.55,2021-11-26 08:20:00,0.0556522845066165,6188.25169331534,"moving",29,-14.69295,145.44156,"run_day_11652_liz21_del_07_29.json","07",11652
145.441587,-14.693687,1530,3.55,2021-11-26 07:12:00,0.0593799344892388,6602.74745968961,"moving",29,-14.69295,145.44156,"run_day_11652_liz21_del_07_29.json","07",11652
145.44175,-14.694216,1530,3.55,2021-11-26 07:24:00,0.0613792486487327,6825.06105099397,"moving",29,-14.69295,145.44156,"run_day_11652_liz21_del_07_29.json","07",11652
145.441926,-14.69472,1530,3.55,2021-11-26 07:36:00,0.0591530702194683,6577.52130385421,"moving",29,-14.69295,145.44156,"run_day_11652_liz21_del_07_29.json","07",11652
145.441503,-14.693494,1531,3.55,2021-11-26 07:16:00,0.0584045249887557,6494.28687183499,"moving",29,-14.69295,145.44156,"run_day_11652_liz21_del_07_29.json","07",11652
145.441656,-14.694022,1531,3.55,2021-11-26 07:28:00,0.0609736519690136,6779.96075794532,"moving",29,-14.69295,145.44156,"run_day_11652_liz21_del_07_29.json","07",11652
145.44183,-14.694549,1531,3.55,2021-11-26 07:40:00,0.0615157144177625,6840.23535217072,"moving",29,-14.69295,145.44156,"run_day_11652_liz21_del_07_29.json","07",11652
145.441695,-14.693501,1532,3.55,2021-11-26 07:13:00,0.0545135464802828,6061.62980200979,"moving",29,-14.69295,145.44156,"run_day_11652_liz21_del_07_29.json","07",11652
145.44182,-14.69398,1532,3.55,2021-11-26 07:25:00,0.0549330730831115,6108.27903183677,"moving",29,-14.69295,145.44156,"run_day_11652_liz21_del_07_29.json","07",11652
145.441958,-14.694443,1532,3.55,2021-11-26 07:37:00,0.0535802238151164,5957.84905672091,"moving",29,-14.69295,145.44156,"run_day_11652_liz21_del_07_29.json","07",11652
145.44168,-14.693186,1533,3.55,2021-11-26 07:39:00,0.0494647721268338,5500.2317081331,"moving",29,-14.69295,145.44156,"run_day_11652_liz21_del_07_29.json","07",11652
145.441763,-14.693648,1533,3.55,2021-11-26 07:51:00,0.0521419776871167,5797.92338402116,"moving",29,-14.69295,145.44156,"run_day_11652_liz21_del_07_29.json","07",11652
145.441872,-14.694082,1533,3.55,2021-11-26 08:03:00,0.0496622697206543,5522.19243859044,"moving",29,-14.69295,145.44156,"run_day_11652_liz21_del_07_29.json","07",11652
145.441999,-14.694502,1533,3.55,2021-11-26 08:15:00,0.0486585736880637,5410.5865318731,"moving",29,-14.69295,145.44156,"run_day_11652_liz21_del_07_29.json","07",11652
145.44162,-14.693203,1534,3.55,2021-11-26 07:25:00,0.0512893961591661,5703.12064356218,"moving",29,-14.69295,145.44156,"run_day_11652_liz21_del_07_29.json","07",11652
145.441719,-14.693688,1534,3.55,2021-11-26 07:37:00,0.0549707314996557,6112.46645670195,"moving",29,-14.69295,145.44156,"run_day_11652_liz21_del_07_29.json","07",11652
145.441851,-14.694162,1534,3.55,2021-11-26 07:49:00,0.0545851490881519,6069.59164873935,"moving",29,-14.69295,145.44156,"run_day_11652_liz21_del_07_29.json","07",11652
145.441997,-14.694619,1534,3.55,2021-11-26 08:01:00,0.0531871523577541,5914.14150485344,"moving",29,-14.69295,145.44156,"run_day_11652_liz21_del_07_29.json","07",11652
145.441733,-14.693652,1535,3.55,2021-11-26 07:44:00,0.054044878608363,6009.51631237101,"moving",29,-14.69295,145.44156,"run_day_11652_liz21_del_07_29.json","07",11652
145.441853,-14.694112,1535,3.55,2021-11-26 07:56:00,0.0527529983918983,5865.86578646765,"moving",29,-14.69295,145.44156,"run_day_11652_liz21_del_07_29.json","07",11652
145.44199,-14.694553,1535,3.55,2021-11-26 08:08:00,0.0512030986018407,5693.52479300579,"moving",29,-14.69295,145.44156,"run_day_11652_liz21_del_07_29.json","07",11652
145.441757,-14.693153,1536,3.55,2021-11-26 08:06:00,0.0456413811790376,5075.09003215943,"moving",29,-14.69295,145.44156,"run_day_11652_liz21_del_07_29.json","07",11652
145.441818,-14.693531,1536,3.55,2021-11-26 08:18:00,0.0425406860600795,4730.30846585974,"moving",29,-14.69295,145.44156,"run_day_11652_liz21_del_07_29.json","07",11652
145.441893,-14.693891,1536,3.55,2021-11-26 08:30:00,0.0408349030406632,4540.63404814422,"moving",29,-14.69295,145.44156,"run_day_11652_liz21_del_07_29.json","07",11652
145.441989,-14.694247,1536,3.55,2021-11-26 08:42:00,0.0409099148683396,4548.97498282016,"moving",29,-14.69295,145.44156,"run_day_11652_liz21_del_07_29.json","07",11652
145.442105,-14.694619,1536,3.55,2021-11-26 08:54:00,0.0432052274187611,4804.20209349061,"moving",29,-14.69295,145.44156,"run_day_11652_liz21_del_07_29.json","07",11652
145.441562,-14.693209,1537,3.55,2021-11-26 07:55:00,0.0528160368439087,5872.87534251474,"moving",29,-14.69295,145.44156,"run_day_11652_liz21_del_07_29.json","07",11652
145.441661,-14.693701,1537,3.55,2021-11-26 08:07:00,0.055734556960337,6197.39997277165,"moving",29,-14.69295,145.44156,"run_day_11652_liz21_del_07_29.json","07",11652
145.441786,-14.694189,1537,3.55,2021-11-26 08:19:00,0.0559039245920448,6216.23279415537,"moving",29,-14.69295,145.44156,"run_day_11652_liz21_del_07_29.json","07",11652
145.441937,-14.694643,1537,3.55,2021-11-26 08:31:00,0.0530307553586372,5896.75095200921,"moving",29,-14.69295,145.44156,"run_day_11652_liz21_del_07_29.json","07",11652
145.441694,-14.693564,1538,3.55,2021-11-26 07:19:00,0.0547735916431591,6090.54550482009,"moving",29,-14.69295,145.44156,"run_day_11652_liz21_del_07_29.json","07",11652
145.441825,-14.694045,1538,3.55,2021-11-26 07:31:00,0.0553095973119505,6150.14661584242,"moving",29,-14.69295,145.44156,"run_day_11652_liz21_del_07_29.json","07",11652
145.441966,-14.694513,1538,3.55,2021-11-26 07:43:00,0.0542040510993444,6027.21548582951,"moving",29,-14.69295,145.44156,"run_day_11652_liz21_del_07_29.json","07",11652
145.441674,-14.693229,1539,3.55,2021-11-26 07:50:00,0.0503389137199258,5597.43181845392,"moving",29,-14.69295,145.44156,"run_day_11652_liz21_del_07_29.json","07",11652
145.441758,-14.693697,1539,3.55,2021-11-26 08:02:00,0.0528177115852876,5873.06156525952,"moving",29,-14.69295,145.44156,"run_day_11652_liz21_del_07_29.json","07",11652
145.441867,-14.69413,1539,3.55,2021-11-26 08:14:00,0.0495542239833657,5510.17830075839,"moving",29,-14.69295,145.44156,"run_day_11652_liz21_del_07_29.json","07",11652
145.441996,-14.694548,1539,3.55,2021-11-26 08:26:00,0.0485062606152848,5393.65009091845,"moving",29,-14.69295,145.44156,"run_day_11652_liz21_del_07_29.json","07",11652
145.44167,-14.693482,1540,3.55,2021-11-26 07:57:00,0.0534981938806028,5948.72774417001,"moving",29,-14.69295,145.44156,"run_day_11652_liz21_del_07_29.json","07",11652
145.441775,-14.693966,1540,3.55,2021-11-26 08:09:00,0.0549905466960682,6114.66980601348,"moving",29,-14.69295,145.44156,"run_day_11652_liz21_del_07_29.json","07",11652
145.441907,-14.694411,1540,3.55,2021-11-26 08:21:00,0.0514783133297236,5724.12727448422,"moving",29,-14.69295,145.44156,"run_day_11652_liz21_del_07_29.json","07",11652
145.441655,-14.693147,1541,3.55,2021-11-26 07:46:00,0.0495941922232197,5514.62256625706,"moving",29,-14.69295,145.44156,"run_day_11652_liz21_del_07_29.json","07",11652
145.441738,-14.693619,1541,3.55,2021-11-26 07:58:00,0.0532378486912585,5919.7786799386,"moving",29,-14.69295,145.44156,"run_day_11652_liz21_del_07_29.json","07",11652
145.441845,-14.694063,1541,3.55,2021-11-26 08:10:00,0.0506942008971322,5636.93795006114,"moving",29,-14.69295,145.44156,"run_day_11652_liz21_del_07_29.json","07",11652
145.441973,-14.694485,1541,3.55,2021-11-26 08:22:00,0.0489022326087493,5437.68016768503,"moving",29,-14.69295,145.44156,"run_day_11652_liz21_del_07_29.json","07",11652
145.441777,-14.693431,1542,3.55,2021-11-26 07:15:00,0.0488914476867658,5436.48093907621,"moving",29,-14.69295,145.44156,"run_day_11652_liz21_del_07_29.json","07",11652
145.441873,-14.693834,1542,3.55,2021-11-26 07:27:00,0.0459857983746549,5113.38747696122,"moving",29,-14.69295,145.44156,"run_day_11652_liz21_del_07_29.json","07",11652
145.441991,-14.694244,1542,3.55,2021-11-26 07:39:00,0.0473236125785072,5262.14562922262,"moving",29,-14.69295,145.44156,"run_day_11652_liz21_del_07_29.json","07",11652
145.442121,-14.694667,1542,3.55,2021-11-26 07:51:00,0.0490698007281812,5456.31289243323,"moving",29,-14.69295,145.44156,"run_day_11652_liz21_del_07_29.json","07",11652
145.441748,-14.693614,1543,3.55,2021-11-26 08:02:00,0.052416732565655,5828.47473258546,"moving",29,-14.69295,145.44156,"run_day_11652_liz21_del_07_29.json","07",11652
145.44185,-14.694046,1543,3.55,2021-11-26 08:14:00,0.0492731061408228,5478.91942287835,"moving",29,-14.69295,145.44156,"run_day_11652_liz21_del_07_29.json","07",11652
145.441974,-14.694461,1543,3.55,2021-11-26 08:26:00,0.0480346186970878,5341.20590242203,"moving",29,-14.69295,145.44156,"run_day_11652_liz21_del_07_29.json","07",11652
145.441504,-14.693542,1544,3.55,2021-11-26 07:29:00,0.0579736043023549,6446.37067772103,"moving",29,-14.69295,145.44156,"run_day_11652_liz21_del_07_29.json","07",11652
145.441656,-14.694073,1544,3.55,2021-11-26 07:41:00,0.0612661329665314,6812.48316100925,"moving",29,-14.69295,145.44156,"run_day_11652_liz21_del_07_29.json","07",11652
145.441833,-14.694601,1544,3.55,2021-11-26 07:53:00,0.0617204113907661,6862.99661706822,"moving",29,-14.69295,145.44156,"run_day_11652_liz21_del_07_29.json","07",11652
145.441482,-14.693529,1545,3.55,2021-11-26 07:31:00,0.0582426936794816,6476.29205127146,"moving",29,-14.69295,145.44156,"run_day_11652_liz21_del_07_29.json","07",11652
145.441634,-14.694063,1545,3.55,2021-11-26 07:43:00,0.0615876858856057,6848.23821425805,"moving",29,-14.69295,145.44156,"run_day_11652_liz21_del_07_29.json","07",11652
145.441814,-14.694596,1545,3.55,2021-11-26 07:55:00,0.0623489534555818,6932.88730585843,"moving",29,-14.69295,145.44156,"run_day_11652_liz21_del_07_29.json","07",11652
145.441684,-14.69356,1546,3.55,2021-11-26 07:44:00,0.0541042483754961,6016.11792927228,"moving",29,-14.69295,145.44156,"run_day_11652_liz21_del_07_29.json","07",11652
145.441804,-14.694046,1546,3.55,2021-11-26 07:56:00,0.0555607016746586,6178.06814703387,"moving",29,-14.69295,145.44156,"run_day_11652_liz21_del_07_29.json","07",11652
145.441944,-14.694502,1546,3.55,2021-11-26 08:08:00,0.0528935994366463,5881.49990932455,"moving",29,-14.69295,145.44156,"run_day_11652_liz21_del_07_29.json","07",11652
145.441632,-14.693186,1547,3.55,2021-11-26 08:08:00,0.0503992056536425,5604.13597560081,"moving",29,-14.69295,145.44156,"run_day_11652_liz21_del_07_29.json","07",11652
145.441716,-14.693654,1547,3.55,2021-11-26 08:20:00,0.0528177118899583,5873.06159913735,"moving",29,-14.69295,145.44156,"run_day_11652_liz21_del_07_29.json","07",11652
145.441822,-14.694104,1547,3.55,2021-11-26 08:32:00,0.0513201712345056,5706.54267580704,"moving",29,-14.69295,145.44156,"run_day_11652_liz21_del_07_29.json","07",11652
145.441954,-14.69453,1547,3.55,2021-11-26 08:44:00,0.0494509808976701,5498.6981934179,"moving",29,-14.69295,145.44156,"run_day_11652_liz21_del_07_29.json","07",11652
145.44152,-14.693627,1548,3.55,2021-11-26 07:35:00,0.0584858841197443,6503.33359443713,"moving",29,-14.69295,145.44156,"run_day_11652_liz21_del_07_29.json","07",11652
145.441675,-14.694163,1548,3.55,2021-11-26 07:47:00,0.0618882645250722,6881.66103402445,"moving",29,-14.69295,145.44156,"run_day_11652_liz21_del_07_29.json","07",11652
145.441857,-14.694686,1548,3.55,2021-11-26 07:59:00,0.0613612279616125,6823.05724201155,"moving",29,-14.69295,145.44156,"run_day_11652_liz21_del_07_29.json","07",11652
145.441771,-14.693515,1549,3.55,2021-11-26 08:00:00,0.0489858120036987,5446.97377237542,"moving",29,-14.69295,145.44156,"run_day_11652_liz21_del_07_29.json","07",11652
145.441859,-14.693921,1549,3.55,2021-11-26 08:12:00,0.046126700277901,5129.05505375675,"moving",29,-14.69295,145.44156,"run_day_11652_liz21_del_07_29.json","07",11652
145.441968,-14.694312,1549,3.55,2021-11-26 08:24:00,0.0450301760987999,5007.12712809762,"moving",29,-14.69295,145.44156,"run_day_11652_liz21_del_07_29.json","07",11652
145.441652,-14.693318,1550,3.55,2021-11-26 08:04:00,0.05175012972939,5754.35187910592,"moving",29,-14.69295,145.44156,"run_day_11652_liz21_del_07_29.json","07",11652
145.441741,-14.693793,1550,3.55,2021-11-26 08:16:00,0.0536780629046108,5968.72826710021,"moving",29,-14.69295,145.44156,"run_day_11652_liz21_del_07_29.json","07",11652
145.441858,-14.694237,1550,3.55,2021-11-26 08:28:00,0.0509491495206026,5665.28694354606,"moving",29,-14.69295,145.44156,"run_day_11652_liz21_del_07_29.json","07",11652
145.441998,-14.694662,1550,3.55,2021-11-26 08:40:00,0.0495988989791301,5515.14593363525,"moving",29,-14.69295,145.44156,"run_day_11652_liz21_del_07_29.json","07",11652
145.441714,-14.693358,1551,3.55,2021-11-26 08:05:00,0.0506625929701281,5633.42330893653,"moving",29,-14.69295,145.44156,"run_day_11652_liz21_del_07_29.json","07",11652
145.441795,-14.693798,1551,3.55,2021-11-26 08:17:00,0.0496954097132473,5525.87743763582,"moving",29,-14.69295,145.44156,"run_day_11652_liz21_del_07_29.json","07",11652
145.441902,-14.694207,1551,3.55,2021-11-26 08:29:00,0.0469123148287545,5216.4114061098,"moving",29,-14.69295,145.44156,"run_day_11652_liz21_del_07_29.json","07",11652
145.442031,-14.694611,1551,3.55,2021-11-26 08:41:00,0.0470166852972619,5228.01687269934,"moving",29,-14.69295,145.44156,"run_day_11652_liz21_del_07_29.json","07",11652
145.441583,-14.693285,1552,3.55,2021-11-26 07:32:00,0.0529097024463692,5883.29048230946,"moving",29,-14.69295,145.44156,"run_day_11652_liz21_del_07_29.json","07",11652
145.441694,-14.693785,1552,3.55,2021-11-26 07:44:00,0.0568649044760293,6323.08888186192,"moving",29,-14.69295,145.44156,"run_day_11652_liz21_del_07_29.json","07",11652
145.441836,-14.694281,1552,3.55,2021-11-26 07:56:00,0.0572284119671004,6363.50907066632,"moving",29,-14.69295,145.44156,"run_day_11652_liz21_del_07_29.json","07",11652
145.441756,-14.693455,1553,3.55,2021-11-26 07:55:00,0.0498057846630198,5538.15057207918,"moving",29,-14.69295,145.44156,"run_day_11652_liz21_del_07_29.json","07",11652
145.441843,-14.693872,1553,3.55,2021-11-26 08:07:00,0.0473030875948824,5259.86335517408,"moving",29,-14.69295,145.44156,"run_day_11652_liz21_del_07_29.json","07",11652
145.441951,-14.694268,1553,3.55,2021-11-26 08:19:00,0.0455396526426545,5063.77833501865,"moving",29,-14.69295,145.44156,"run_day_11652_liz21_del_07_29.json","07",11652
145.442079,-14.694666,1553,3.55,2021-11-26 08:31:00,0.0463475820821259,5153.61598977466,"moving",29,-14.69295,145.44156,"run_day_11652_liz21_del_07_29.json","07",11652
145.441559,-14.693379,1554,3.55,2021-11-26 07:50:00,0.0549096194233043,6105.67110385496,"moving",29,-14.69295,145.44156,"run_day_11652_liz21_del_07_29.json","07",11652
145.441674,-14.693889,1554,3.55,2021-11-26 08:02:00,0.0580426996624227,6454.05373121524,"moving",29,-14.69295,145.44156,"run_day_11652_liz21_del_07_29.json","07",11652
145.44182,-14.694385,1554,3.55,2021-11-26 08:14:00,0.0573447305482217,6376.4431067615,"moving",29,-14.69295,145.44156,"run_day_11652_liz21_del_07_29.json","07",11652
145.441657,-14.693369,1555,3.55,2021-11-26 07:37:00,0.0523994922011576,5826.55769151985,"moving",29,-14.69295,145.44156,"run_day_11652_liz21_del_07_29.json","07",11652
145.441762,-14.693858,1555,3.55,2021-11-26 07:49:00,0.055534788479059,6175.18673115005,"moving",29,-14.69295,145.44156,"run_day_11652_liz21_del_07_29.json","07",11652
145.441895,-14.694318,1555,3.55,2021-11-26 08:01:00,0.0531124108095684,5905.83062388562,"moving",29,-14.69295,145.44156,"run_day_11652_liz21_del_07_29.json","07",11652
145.441709,-14.693353,1556,3.55,2021-11-26 07:42:00,0.050975468647854,5668.21349697013,"moving",29,-14.69295,145.44156,"run_day_11652_liz21_del_07_29.json","07",11652
145.4418,-14.693808,1556,3.55,2021-11-26 07:54:00,0.0515317668230858,5730.07103175753,"moving",29,-14.69295,145.44156,"run_day_11652_liz21_del_07_29.json","07",11652
145.441918,-14.694235,1556,3.55,2021-11-26 08:06:00,0.0491472901039803,5464.92931789093,"moving",29,-14.69295,145.44156,"run_day_11652_liz21_del_07_29.json","07",11652
145.442052,-14.694653,1556,3.55,2021-11-26 08:18:00,0.0486628195423806,5411.05864933241,"moving",29,-14.69295,145.44156,"run_day_11652_liz21_del_07_29.json","07",11652
145.441748,-14.693163,1557,3.55,2021-11-26 07:58:00,0.0466638221922501,5188.78028562198,"moving",29,-14.69295,145.44156,"run_day_11652_liz21_del_07_29.json","07",11652
145.441813,-14.693556,1557,3.55,2021-11-26 08:10:00,0.0442553264954329,4920.96778329065,"moving",29,-14.69295,145.44156,"run_day_11652_liz21_del_07_29.json","07",11652
145.441893,-14.693926,1557,3.55,2021-11-26 08:22:00,0.042032304037554,4673.77896415761,"moving",29,-14.69295,145.44156,"run_day_11652_liz21_del_07_29.json","07",11652
145.441994,-14.694292,1557,3.55,2021-11-26 08:34:00,0.0421222821559184,4683.78407442875,"moving",29,-14.69295,145.44156,"run_day_11652_liz21_del_07_29.json","07",11652
145.441715,-14.693369,1558,3.55,2021-11-26 07:16:00,0.0521668829108047,5800.69271854222,"moving",29,-14.69295,145.44156,"run_day_11652_liz21_del_07_29.json","07",11652
145.441816,-14.693819,1558,3.55,2021-11-26 07:28:00,0.0512033845783148,5693.55659213884,"moving",29,-14.69295,145.44156,"run_day_11652_liz21_del_07_29.json","07",11652
145.441943,-14.694257,1558,3.55,2021-11-26 07:40:00,0.0505827209358604,5624.54194394518,"moving",29,-14.69295,145.44156,"run_day_11652_liz21_del_07_29.json","07",11652
145.441779,-14.693374,1559,3.55,2021-11-26 07:45:00,0.0466995077102442,5192.7483341776,"moving",29,-14.69295,145.44156,"run_day_11652_liz21_del_07_29.json","07",11652
145.441856,-14.693767,1559,3.55,2021-11-26 07:57:00,0.044477489721879,4945.67120695845,"moving",29,-14.69295,145.44156,"run_day_11652_liz21_del_07_29.json","07",11652
145.441957,-14.694147,1559,3.55,2021-11-26 08:09:00,0.0436281983322901,4851.23431319325,"moving",29,-14.69295,145.44156,"run_day_11652_liz21_del_07_29.json","07",11652
145.442072,-14.694535,1559,3.55,2021-11-26 08:21:00,0.0448817274634584,4990.62039298034,"moving",29,-14.69295,145.44156,"run_day_11652_liz21_del_07_29.json","07",11652
145.441721,-14.69317,1560,3.55,2021-11-26 07:41:00,0.0482157408383644,5361.34576563498,"moving",29,-14.69295,145.44156,"run_day_11652_liz21_del_07_29.json","07",11652
145.441795,-14.693594,1560,3.55,2021-11-26 07:53:00,0.0478137788735011,5316.64963443811,"moving",29,-14.69295,145.44156,"run_day_11652_liz21_del_07_29.json","07",11652
145.441891,-14.693997,1560,3.55,2021-11-26 08:05:00,0.0459857966450343,5113.38728463618,"moving",29,-14.69295,145.44156,"run_day_11652_liz21_del_07_29.json","07",11652
145.442004,-14.694391,1560,3.55,2021-11-26 08:17:00,0.045465455747886,5055.52801674762,"moving",29,-14.69295,145.44156,"run_day_11652_liz21_del_07_29.json","07",11652
145.441644,-14.693265,1561,3.55,2021-11-26 07:59:00,0.0514431862541625,5720.22132189397,"moving",29,-14.69295,145.44156,"run_day_11652_liz21_del_07_29.json","07",11652
145.441732,-14.693743,1561,3.55,2021-11-26 08:11:00,0.0539873722811378,6003.1219005336,"moving",29,-14.69295,145.44156,"run_day_11652_liz21_del_07_29.json","07",11652
145.441847,-14.694192,1561,3.55,2021-11-26 08:23:00,0.0514359275820945,5719.41419438583,"moving",29,-14.69295,145.44156,"run_day_11652_liz21_del_07_29.json","07",11652
145.441985,-14.694619,1561,3.55,2021-11-26 08:35:00,0.0497462304662261,5531.52844753532,"moving",29,-14.69295,145.44156,"run_day_11652_liz21_del_07_29.json","07",11652
145.441744,-14.693533,1562,3.55,2021-11-26 08:01:00,0.0516136835783139,5739.17975934608,"moving",29,-14.69295,145.44156,"run_day_11652_liz21_del_07_29.json","07",11652
145.441838,-14.693962,1562,3.55,2021-11-26 08:13:00,0.0487623029375077,5422.12069815592,"moving",29,-14.69295,145.44156,"run_day_11652_liz21_del_07_29.json","07",11652
145.441955,-14.694371,1562,3.55,2021-11-26 08:25:00,0.0471877006345965,5247.03291058935,"moving",29,-14.69295,145.44156,"run_day_11652_liz21_del_07_29.json","07",11652
145.441508,-14.693256,1563,3.55,2021-11-26 07:44:00,0.0545373678708601,6064.27861978761,"moving",29,-14.69295,145.44156,"run_day_11652_liz21_del_07_29.json","07",11652
145.441623,-14.693765,1563,3.55,2021-11-26 07:56:00,0.0579340653107711,6441.97414245227,"moving",29,-14.69295,145.44156,"run_day_11652_liz21_del_07_29.json","07",11652
145.441768,-14.694279,1563,3.55,2021-11-26 08:08:00,0.0592438609181495,6587.61676893408,"moving",29,-14.69295,145.44156,"run_day_11652_liz21_del_07_29.json","07",11652
145.441571,-14.693571,1564,3.55,2021-11-26 07:17:00,0.0577156055629424,6417.68252681767,"moving",29,-14.69295,145.44156,"run_day_11652_liz21_del_07_29.json","07",11652
145.441724,-14.694095,1564,3.55,2021-11-26 07:29:00,0.0605454954957956,6732.35193031346,"moving",29,-14.69295,145.44156,"run_day_11652_liz21_del_07_29.json","07",11652
145.441891,-14.694603,1564,3.55,2021-11-26 07:41:00,0.0592741441011473,6590.98410524607,"moving",29,-14.69295,145.44156,"run_day_11652_liz21_del_07_29.json","07",11652
145.441713,-14.693289,1565,3.55,2021-11-26 08:09:00,0.0495302687161944,5507.51459658251,"moving",29,-14.69295,145.44156,"run_day_11652_liz21_del_07_29.json","07",11652
145.441788,-14.69372,1565,3.55,2021-11-26 08:21:00,0.0485991927857217,5403.9836767931,"moving",29,-14.69295,145.44156,"run_day_11652_liz21_del_07_29.json","07",11652
145.441887,-14.694123,1565,3.55,2021-11-26 08:33:00,0.0460593215971484,5121.56288629306,"moving",29,-14.69295,145.44156,"run_day_11652_liz21_del_07_29.json","07",11652
145.442009,-14.694522,1565,3.55,2021-11-26 08:45:00,0.046266617196557,5144.61310526303,"moving",29,-14.69295,145.44156,"run_day_11652_liz21_del_07_29.json","07",11652
145.441611,-14.693571,1566,3.55,2021-11-26 07:41:00,0.0558639742955424,6211.79052386635,"moving",29,-14.69295,145.44156,"run_day_11652_liz21_del_07_29.json","07",11652
145.441746,-14.694087,1566,3.55,2021-11-26 07:53:00,0.0591854150871905,6581.11788904791,"moving",29,-14.69295,145.44156,"run_day_11652_liz21_del_07_29.json","07",11652
145.441904,-14.694575,1566,3.55,2021-11-26 08:05:00,0.05686201342173,6322.76741129118,"moving",29,-14.69295,145.44156,"run_day_11652_liz21_del_07_29.json","07",11652
145.441668,-14.693495,1567,3.55,2021-11-26 07:37:00,0.0536200186426655,5962.27403965107,"moving",29,-14.69295,145.44156,"run_day_11652_liz21_del_07_29.json","07",11652
145.441787,-14.693987,1567,3.55,2021-11-26 07:49:00,0.0561852338565615,6247.51295718773,"moving",29,-14.69295,145.44156,"run_day_11652_liz21_del_07_29.json","07",11652
145.441927,-14.69445,1567,3.55,2021-11-26 08:01:00,0.0536402143331792,5964.51969797627,"moving",29,-14.69295,145.44156,"run_day_11652_liz21_del_07_29.json","07",11652
145.441612,-14.693306,1568,3.55,2021-11-26 07:40:00,0.0526392215894344,5853.21438326384,"moving",29,-14.69295,145.44156,"run_day_11652_liz21_del_07_29.json","07",11652
145.441716,-14.693804,1568,3.55,2021-11-26 07:52:00,0.0564936022721524,6281.80196053886,"moving",29,-14.69295,145.44156,"run_day_11652_liz21_del_07_29.json","07",11652
145.441851,-14.694283,1568,3.55,2021-11-26 08:04:00,0.0552061664075826,6138.64562401845,"moving",29,-14.69295,145.44156,"run_day_11652_liz21_del_07_29.json","07",11652
145.441528,-14.693326,1569,3.55,2021-11-26 08:08:00,0.0547161520470148,6084.15851314034,"moving",29,-14.69295,145.44156,"run_day_11652_liz21_del_07_29.json","07",11652
145.441636,-14.693823,1569,3.55,2021-11-26 08:20:00,0.056471540983382,6279.34885715236,"moving",29,-14.69295,145.44156,"run_day_11652_liz21_del_07_29.json","07",11652
145.441774,-14.694318,1569,3.55,2021-11-26 08:32:00,0.0570077276197154,6338.97009084724,"moving",29,-14.69295,145.44156,"run_day_11652_liz21_del_07_29.json","07",11652
145.441495,-14.693414,1570,3.55,2021-11-26 07:58:00,0.0568253600402368,6318.69174122477,"moving",29,-14.69295,145.44156,"run_day_11652_liz21_del_07_29.json","07",11652
145.441618,-14.693931,1570,3.55,2021-11-26 08:10:00,0.0589904142462051,6559.43478483891,"moving",29,-14.69295,145.44156,"run_day_11652_liz21_del_07_29.json","07",11652
145.441775,-14.69444,1570,3.55,2021-11-26 08:22:00,0.0590636638948899,6567.57977415115,"moving",29,-14.69295,145.44156,"run_day_11652_liz21_del_07_29.json","07",11652
145.441601,-14.69358,1571,3.55,2021-11-26 07:29:00,0.0562449950518725,6254.15809891654,"moving",29,-14.69295,145.44156,"run_day_11652_liz21_del_07_29.json","07",11652
145.441745,-14.694098,1571,3.55,2021-11-26 07:41:00,0.0596450497775844,6632.22693472955,"moving",29,-14.69295,145.44156,"run_day_11652_liz21_del_07_29.json","07",11652
145.441907,-14.694596,1571,3.55,2021-11-26 07:53:00,0.0580517753496505,6455.06290159079,"moving",29,-14.69295,145.44156,"run_day_11652_liz21_del_07_29.json","07",11652
145.441772,-14.693225,1572,3.55,2021-11-26 07:32:00,0.0454942417454903,5058.72887363961,"moving",29,-14.69295,145.44156,"run_day_11652_liz21_del_07_29.json","07",11652
145.441841,-14.693605,1572,3.55,2021-11-26 07:44:00,0.0429008837257756,4770.36061887436,"moving",29,-14.69295,145.44156,"run_day_11652_liz21_del_07_29.json","07",11652
145.441934,-14.693978,1572,3.55,2021-11-26 07:56:00,0.0426648897188382,4744.1192825844,"moving",29,-14.69295,145.44156,"run_day_11652_liz21_del_07_29.json","07",11652
145.44204,-14.694356,1572,3.55,2021-11-26 08:08:00,0.0435505318669299,4842.59819627479,"moving",29,-14.69295,145.44156,"run_day_11652_liz21_del_07_29.json","07",11652
145.441611,-14.693387,1573,3.55,2021-11-26 08:08:00,0.0533353809488167,5930.62377216327,"moving",29,-14.69295,145.44156,"run_day_11652_liz21_del_07_29.json","07",11652
145.441711,-14.693875,1573,3.55,2021-11-26 08:20:00,0.0553188462295453,6151.17504855592,"moving",29,-14.69295,145.44156,"run_day_11652_liz21_del_07_29.json","07",11652
145.441842,-14.69434,1573,3.55,2021-11-26 08:32:00,0.0535910886454902,5959.05717073733,"moving",29,-14.69295,145.44156,"run_day_11652_liz21_del_07_29.json","07",11652
145.441745,-14.693452,1574,3.55,2021-11-26 07:31:00,0.0504994909322712,5615.28718980145,"moving",29,-14.69295,145.44156,"run_day_11652_liz21_del_07_29.json","07",11652
145.441845,-14.693885,1574,3.55,2021-11-26 07:43:00,0.0493341717138912,5485.7096047962,"moving",29,-14.69295,145.44156,"run_day_11652_liz21_del_07_29.json","07",11652
145.441966,-14.694307,1574,3.55,2021-11-26 07:55:00,0.0486956293009629,5414.7069280312,"moving",29,-14.69295,145.44156,"run_day_11652_liz21_del_07_29.json","07",11652
145.441666,-14.693667,1575,3.55,2021-11-26 07:15:00,0.0571277378691233,6352.31462172675,"moving",29,-14.69295,145.44156,"run_day_11652_liz21_del_07_29.json","07",11652
145.441814,-14.69417,1575,3.55,2021-11-26 07:27:00,0.0581522543761128,6466.23565956758,"moving",29,-14.69295,145.44156,"run_day_11652_liz21_del_07_29.json","07",11652
145.441971,-14.694653,1575,3.55,2021-11-26 07:39:00,0.0562993381408505,6260.20077470908,"moving",29,-14.69295,145.44156,"run_day_11652_liz21_del_07_29.json","07",11652
145.441682,-14.693404,1576,3.55,2021-11-26 07:55:00,0.0522563400650661,5810.63990024814,"moving",29,-14.69295,145.44156,"run_day_11652_liz21_del_07_29.json","07",11652
145.441777,-14.693879,1576,3.55,2021-11-26 08:07:00,0.0537968988893505,5981.94222570607,"moving",29,-14.69295,145.44156,"run_day_11652_liz21_del_07_29.json","07",11652
145.4419,-14.694314,1576,3.55,2021-11-26 08:19:00,0.0501463923350137,5576.02441718111,"moving",29,-14.69295,145.44156,"run_day_11652_liz21_del_07_29.json","07",11652
145.441703,-14.693519,1577,3.55,2021-11-26 07:48:00,0.0532022168308717,5915.81659783669,"moving",29,-14.69295,145.44156,"run_day_11652_liz21_del_07_29.json","07",11652
145.441812,-14.693989,1577,3.55,2021-11-26 08:00:00,0.0535604829502865,5955.65397270425,"moving",29,-14.69295,145.44156,"run_day_11652_liz21_del_07_29.json","07",11652
145.441942,-14.694428,1577,3.55,2021-11-26 08:12:00,0.050777695622718,5646.22213994786,"moving",29,-14.69295,145.44156,"run_day_11652_liz21_del_07_29.json","07",11652
145.441462,-14.693386,1578,3.55,2021-11-26 08:05:00,0.0572253893607018,6363.17297216955,"moving",29,-14.69295,145.44156,"run_day_11652_liz21_del_07_29.json","07",11652
145.441584,-14.693899,1578,3.55,2021-11-26 08:17:00,0.0585328429056933,6508.55517319604,"moving",29,-14.69295,145.44156,"run_day_11652_liz21_del_07_29.json","07",11652
145.441739,-14.694411,1578,3.55,2021-11-26 08:29:00,0.0593225880780336,6596.37082970232,"moving",29,-14.69295,145.44156,"run_day_11652_liz21_del_07_29.json","07",11652
145.44157,-14.693568,1579,3.55,2021-11-26 07:59:00,0.0567789181664086,6313.52764047121,"moving",29,-14.69295,145.44156,"run_day_11652_liz21_del_07_29.json","07",11652
145.441698,-14.694082,1579,3.55,2021-11-26 08:11:00,0.0587889848800374,6537.03686124383,"moving",29,-14.69295,145.44156,"run_day_11652_liz21_del_07_29.json","07",11652
145.441857,-14.69457,1579,3.55,2021-11-26 08:23:00,0.056894251669384,6326.35214087422,"moving",29,-14.69295,145.44156,"run_day_11652_liz21_del_07_29.json","07",11652
145.441527,-14.693397,1580,3.55,2021-11-26 07:57:00,0.0557874284215835,6203.27901102655,"moving",29,-14.69295,145.44156,"run_day_11652_liz21_del_07_29.json","07",11652
145.441645,-14.693908,1580,3.55,2021-11-26 08:09:00,0.0582208340462149,6473.86137095389,"moving",29,-14.69295,145.44156,"run_day_11652_liz21_del_07_29.json","07",11652
145.441795,-14.694409,1580,3.55,2021-11-26 08:21:00,0.0579978583393596,6449.06760358661,"moving",29,-14.69295,145.44156,"run_day_11652_liz21_del_07_29.json","07",11652
145.441645,-14.693312,1581,3.55,2021-11-26 07:36:00,0.0517671420712274,5756.24356520858,"moving",29,-14.69295,145.44156,"run_day_11652_liz21_del_07_29.json","07",11652
145.441746,-14.693802,1581,3.55,2021-11-26 07:48:00,0.0555579404999596,6177.76111841576,"moving",29,-14.69295,145.44156,"run_day_11652_liz21_del_07_29.json","07",11652
145.441877,-14.694266,1581,3.55,2021-11-26 08:00:00,0.0534838150304274,5947.12888897953,"moving",29,-14.69295,145.44156,"run_day_11652_liz21_del_07_29.json","07",11652
145.441752,-14.693566,1582,3.55,2021-11-26 07:24:00,0.0521273919947209,5796.30152902515,"moving",29,-14.69295,145.44156,"run_day_11652_liz21_del_07_29.json","07",11652
145.441869,-14.694008,1582,3.55,2021-11-26 07:36:00,0.0507336831604809,5641.32817743795,"moving",29,-14.69295,145.44156,"run_day_11652_liz21_del_07_29.json","07",11652
145.441997,-14.694448,1582,3.55,2021-11-26 07:48:00,0.0508259096764259,5651.58329811315,"moving",29,-14.69295,145.44156,"run_day_11652_liz21_del_07_29.json","07",11652
145.441597,-14.693651,1583,3.55,2021-11-26 07:13:00,0.0585226191610536,6507.4183446608,"moving",29,-14.69295,145.44156,"run_day_11652_liz21_del_07_29.json","07",11652
145.441755,-14.694176,1583,3.55,2021-11-26 07:25:00,0.0608006286263069,6760.72144004526,"moving",29,-14.69295,145.44156,"run_day_11652_liz21_del_07_29.json","07",11652
145.441925,-14.694678,1583,3.55,2021-11-26 07:37:00,0.0587383365548182,6531.40502443641,"moving",29,-14.69295,145.44156,"run_day_11652_liz21_del_07_29.json","07",11652
145.441778,-14.693514,1584,3.55,2021-11-26 08:02:00,0.0482173928085933,5361.52945634341,"moving",29,-14.69295,145.44156,"run_day_11652_liz21_del_07_29.json","07",11652
145.441863,-14.693914,1584,3.55,2021-11-26 08:14:00,0.045407867848559,5049.12453450633,"moving",29,-14.69295,145.44156,"run_day_11652_liz21_del_07_29.json","07",11652
145.441971,-14.6943,1584,3.55,2021-11-26 08:26:00,0.0444653910311031,4944.32589392512,"moving",29,-14.69295,145.44156,"run_day_11652_liz21_del_07_29.json","07",11652
145.441746,-14.693568,1585,3.55,2021-11-26 08:03:00,0.0518331282764541,5763.58089645832,"moving",29,-14.69295,145.44156,"run_day_11652_liz21_del_07_29.json","07",11652
145.441843,-14.693997,1585,3.55,2021-11-26 08:15:00,0.0488302270523167,5429.6735151195,"moving",29,-14.69295,145.44156,"run_day_11652_liz21_del_07_29.json","07",11652
145.441962,-14.694407,1585,3.55,2021-11-26 08:27:00,0.0473525697370847,5265.36551834648,"moving",29,-14.69295,145.44156,"run_day_11652_liz21_del_07_29.json","07",11652
145.441685,-14.693486,1586,3.55,2021-11-26 07:31:00,0.0530329131834251,5896.99089117821,"moving",29,-14.69295,145.44156,"run_day_11652_liz21_del_07_29.json","07",11652
145.441803,-14.693968,1586,3.55,2021-11-26 07:43:00,0.0550782200403692,6124.41863710172,"moving",29,-14.69295,145.44156,"run_day_11652_liz21_del_07_29.json","07",11652
145.44194,-14.694427,1586,3.55,2021-11-26 07:55:00,0.0531230592536908,5907.01467684869,"moving",29,-14.69295,145.44156,"run_day_11652_liz21_del_07_29.json","07",11652
145.44158,-14.693609,1587,3.55,2021-11-26 08:05:00,0.0567561947505178,6311.00091190812,"moving",29,-14.69295,145.44156,"run_day_11652_liz21_del_07_29.json","07",11652
145.441707,-14.694118,1587,3.55,2021-11-26 08:17:00,0.0582232872813573,6474.13415825559,"moving",29,-14.69295,145.44156,"run_day_11652_liz21_del_07_29.json","07",11652
145.441866,-14.6946,1587,3.55,2021-11-26 08:29:00,0.0562582926376166,6255.63672298789,"moving",29,-14.69295,145.44156,"run_day_11652_liz21_del_07_29.json","07",11652
145.441589,-14.693171,1588,3.55,2021-11-26 07:44:00,0.0515068623475845,5727.30178043104,"moving",29,-14.69295,145.44156,"run_day_11652_liz21_del_07_29.json","07",11652
145.441685,-14.69366,1588,3.55,2021-11-26 07:56:00,0.0553460472301167,6154.19966181911,"moving",29,-14.69295,145.44156,"run_day_11652_liz21_del_07_29.json","07",11652
145.441808,-14.694145,1588,3.55,2021-11-26 08:08:00,0.0555285450356307,6174.49249191603,"moving",29,-14.69295,145.44156,"run_day_11652_liz21_del_07_29.json","07",11652
145.441953,-14.694595,1588,3.55,2021-11-26 08:20:00,0.0524118851627657,5827.93572597677,"moving",29,-14.69295,145.44156,"run_day_11652_liz21_del_07_29.json","07",11652
145.441637,-14.693447,1589,3.55,2021-11-26 07:29:00,0.0537715893888026,5979.12793764924,"moving",29,-14.69295,145.44156,"run_day_11652_liz21_del_07_29.json","07",11652
145.44176,-14.693948,1589,3.55,2021-11-26 07:41:00,0.0572580040146977,6366.79955622816,"moving",29,-14.69295,145.44156,"run_day_11652_liz21_del_07_29.json","07",11652
145.441904,-14.694426,1589,3.55,2021-11-26 07:53:00,0.0553618733445506,6155.95944545265,"moving",29,-14.69295,145.44156,"run_day_11652_liz21_del_07_29.json","07",11652
145.441665,-14.693369,1590,3.55,2021-11-26 07:36:00,0.0521814813054136,5802.31598595988,"moving",29,-14.69295,145.44156,"run_day_11652_liz21_del_07_29.json","07",11652
145.441769,-14.693855,1590,3.55,2021-11-26 07:48:00,0.0551863138796334,6136.43812362943,"moving",29,-14.69295,145.44156,"run_day_11652_liz21_del_07_29.json","07",11652
145.441901,-14.694312,1590,3.55,2021-11-26 08:00:00,0.052762185768464,5866.88737613094,"moving",29,-14.69295,145.44156,"run_day_11652_liz21_del_07_29.json","07",11652
145.441702,-14.693547,1591,3.55,2021-11-26 07:33:00,0.053558168376775,5955.39660387243,"moving",29,-14.69295,145.44156,"run_day_11652_liz21_del_07_29.json","07",11652
145.441823,-14.694022,1591,3.55,2021-11-26 07:45:00,0.0543973945979407,6048.71430197313,"moving",29,-14.69295,145.44156,"run_day_11652_liz21_del_07_29.json","07",11652
145.44196,-14.694476,1591,3.55,2021-11-26 07:57:00,0.0525891266247021,5847.64407733516,"moving",29,-14.69295,145.44156,"run_day_11652_liz21_del_07_29.json","07",11652
145.441714,-14.693597,1592,3.55,2021-11-26 07:58:00,0.0538591126979526,5988.86008558986,"moving",29,-14.69295,145.44156,"run_day_11652_liz21_del_07_29.json","07",11652
145.441822,-14.694058,1592,3.55,2021-11-26 08:10:00,0.0525605769214226,5844.46949517327,"moving",29,-14.69295,145.44156,"run_day_11652_liz21_del_07_29.json","07",11652
145.441954,-14.69449,1592,3.55,2021-11-26 08:22:00,0.0500904289037853,5569.80156755089,"moving",29,-14.69295,145.44156,"run_day_11652_liz21_del_07_29.json","07",11652
145.441509,-14.693324,1593,3.55,2021-11-26 08:00:00,0.0554866398895811,6169.83285227502,"moving",29,-14.69295,145.44156,"run_day_11652_liz21_del_07_29.json","07",11652
145.441622,-14.693829,1593,3.55,2021-11-26 08:12:00,0.0574537274917593,6388.56301390264,"moving",29,-14.69295,145.44156,"run_day_11652_liz21_del_07_29.json","07",11652
145.441766,-14.694333,1593,3.55,2021-11-26 08:24:00,0.0581431239238379,6465.22039959664,"moving",29,-14.69295,145.44156,"run_day_11652_liz21_del_07_29.json","07",11652
145.441549,-14.693498,1594,3.55,2021-11-26 08:05:00,0.0562588643809774,6255.70029794896,"moving",29,-14.69295,145.44156,"run_day_11652_liz21_del_07_29.json","07",11652
145.441669,-14.694005,1594,3.55,2021-11-26 08:17:00,0.0578344589430511,6430.89841970031,"moving",29,-14.69295,145.44156,"run_day_11652_liz21_del_07_29.json","07",11652
145.441823,-14.694497,1594,3.55,2021-11-26 08:29:00,0.0571604679027592,6355.95403541596,"moving",29,-14.69295,145.44156,"run_day_11652_liz21_del_07_29.json","07",11652
145.441654,-14.693561,1595,3.55,2021-11-26 07:39:00,0.0547948143723586,6092.90536463663,"moving",29,-14.69295,145.44156,"run_day_11652_liz21_del_07_29.json","07",11652
145.441782,-14.694062,1595,3.55,2021-11-26 07:51:00,0.0573846466716093,6380.88157717352,"moving",29,-14.69295,145.44156,"run_day_11652_liz21_del_07_29.json","07",11652
145.441931,-14.694534,1595,3.55,2021-11-26 08:03:00,0.0548763009225837,6101.96625561142,"moving",29,-14.69295,145.44156,"run_day_11652_liz21_del_07_29.json","07",11652
145.441627,-14.693182,1596,3.55,2021-11-26 07:56:00,0.0508977073826922,5659.56683879468,"moving",29,-14.69295,145.44156,"run_day_11652_liz21_del_07_29.json","07",11652
145.441714,-14.69366,1596,3.55,2021-11-26 08:08:00,0.0539686194764379,6001.03668379061,"moving",29,-14.69295,145.44156,"run_day_11652_liz21_del_07_29.json","07",11652
145.441825,-14.694117,1596,3.55,2021-11-26 08:20:00,0.0521997424189865,5804.34652914407,"moving",29,-14.69295,145.44156,"run_day_11652_liz21_del_07_29.json","07",11652
145.44196,-14.694547,1596,3.55,2021-11-26 08:32:00,0.0499700054499863,5556.41109043943,"moving",29,-14.69295,145.44156,"run_day_11652_liz21_del_07_29.json","07",11652
145.441737,-14.693196,1597,3.55,2021-11-26 07:30:00,0.0477968126619474,5314.76307778896,"moving",29,-14.69295,145.44156,"run_day_11652_liz21_del_07_29.json","07",11652
145.441812,-14.693607,1597,3.55,2021-11-26 07:42:00,0.0464076135083822,5160.29117981359,"moving",29,-14.69295,145.44156,"run_day_11652_liz21_del_07_29.json","07",11652
145.441912,-14.694005,1597,3.55,2021-11-26 07:54:00,0.0455438727709374,5064.24759187351,"moving",29,-14.69295,145.44156,"run_day_11652_liz21_del_07_29.json","07",11652
145.442027,-14.694404,1597,3.55,2021-11-26 08:06:00,0.0460587396456828,5121.49817624253,"moving",29,-14.69295,145.44156,"run_day_11652_liz21_del_07_29.json","07",11652
145.441697,-14.693299,1598,3.55,2021-11-26 08:03:00,0.0503711078094789,5601.01163788016,"moving",29,-14.69295,145.44156,"run_day_11652_liz21_del_07_29.json","07",11652
145.441777,-14.693749,1598,3.55,2021-11-26 08:15:00,0.0507721732649986,5645.60808178635,"moving",29,-14.69295,145.44156,"run_day_11652_liz21_del_07_29.json","07",11652
145.441883,-14.694166,1598,3.55,2021-11-26 08:27:00,0.0477493932920372,5309.49028443026,"moving",29,-14.69295,145.44156,"run_day_11652_liz21_del_07_29.json","07",11652
145.442011,-14.694573,1598,3.55,2021-11-26 08:39:00,0.0473041010101753,5259.97604181323,"moving",29,-14.69295,145.44156,"run_day_11652_liz21_del_07_29.json","07",11652
145.441638,-14.693195,1599,3.55,2021-11-26 07:18:00,0.0513535379923705,5710.25289000019,"moving",29,-14.69295,145.44156,"run_day_11652_liz21_del_07_29.json","07",11652
145.441735,-14.693674,1599,3.55,2021-11-26 07:30:00,0.054274590485501,6035.05910769875,"moving",29,-14.69295,145.44156,"run_day_11652_liz21_del_07_29.json","07",11652
145.441865,-14.694138,1599,3.55,2021-11-26 07:42:00,0.0534555820380036,5943.98952345801,"moving",29,-14.69295,145.44156,"run_day_11652_liz21_del_07_29.json","07",11652
145.442007,-14.694593,1599,3.55,2021-11-26 07:54:00,0.0528487800078982,5876.51621623266,"moving",29,-14.69295,145.44156,"run_day_11652_liz21_del_07_29.json","07",11652
145.44151,-14.6936,1600,3.55,2021-11-26 07:21:00,0.0590501371311995,6566.07566665486,"moving",29,-14.69295,145.44156,"run_day_11652_liz21_del_07_29.json","07",11652
145.44167,-14.694134,1600,3.55,2021-11-26 07:33:00,0.0618216674510413,6874.25577726284,"moving",29,-14.69295,145.44156,"run_day_11652_liz21_del_07_29.json","07",11652
145.441852,-14.694661,1600,3.55,2021-11-26 07:45:00,0.0617829304983179,6869.94842464633,"moving",29,-14.69295,145.44156,"run_day_11652_liz21_del_07_29.json","07",11652
145.441561,-14.693474,1601,3.55,2021-11-26 07:37:00,0.0558115812605795,6205.96468418697,"moving",29,-14.69295,145.44156,"run_day_11652_liz21_del_07_29.json","07",11652
145.441693,-14.693993,1601,3.55,2021-11-26 07:49:00,0.0594309525673219,6608.42041113961,"moving",29,-14.69295,145.44156,"run_day_11652_liz21_del_07_29.json","07",11652
145.441854,-14.6945,1601,3.55,2021-11-26 08:01:00,0.0589754813079941,6557.77431786994,"moving",29,-14.69295,145.44156,"run_day_11652_liz21_del_07_29.json","07",11652
145.441729,-14.693236,1602,3.55,2021-11-26 07:45:00,0.0488728705157146,5434.4152519039,"moving",29,-14.69295,145.44156,"run_day_11652_liz21_del_07_29.json","07",11652
145.441804,-14.69366,1602,3.55,2021-11-26 07:57:00,0.0478318007962868,5318.65358082026,"moving",29,-14.69295,145.44156,"run_day_11652_liz21_del_07_29.json","07",11652
145.441903,-14.69406,1602,3.55,2021-11-26 08:09:00,0.0457348394872976,5085.48212189073,"moving",29,-14.69295,145.44156,"run_day_11652_liz21_del_07_29.json","07",11652
145.442019,-14.694455,1602,3.55,2021-11-26 08:21:00,0.0456597278714737,5077.13009127904,"moving",29,-14.69295,145.44156,"run_day_11652_liz21_del_07_29.json","07",11652
145.441577,-14.69332,1603,3.55,2021-11-26 08:01:00,0.0536853573061546,5969.53936754479,"moving",29,-14.69295,145.44156,"run_day_11652_liz21_del_07_29.json","07",11652
145.441679,-14.693814,1603,3.55,2021-11-26 08:13:00,0.0560151688607329,6228.60259245176,"moving",29,-14.69295,145.44156,"run_day_11652_liz21_del_07_29.json","07",11652
145.441812,-14.694296,1603,3.55,2021-11-26 08:25:00,0.0554722114198735,6168.22847964429,"moving",29,-14.69295,145.44156,"run_day_11652_liz21_del_07_29.json","07",11652
145.441523,-14.693497,1604,3.55,2021-11-26 07:51:00,0.0571004156751476,6349.27653237185,"moving",29,-14.69295,145.44156,"run_day_11652_liz21_del_07_29.json","07",11652
145.441655,-14.69402,1604,3.55,2021-11-26 08:03:00,0.0598629478744239,6656.45609762361,"moving",29,-14.69295,145.44156,"run_day_11652_liz21_del_07_29.json","07",11652
145.441818,-14.694527,1604,3.55,2021-11-26 08:15:00,0.0590390029233691,6564.83759923192,"moving",29,-14.69295,145.44156,"run_day_11652_liz21_del_07_29.json","07",11652
145.441555,-14.693361,1605,3.55,2021-11-26 08:01:00,0.0547777580492729,6091.00878804229,"moving",29,-14.69295,145.44156,"run_day_11652_liz21_del_07_29.json","07",11652
145.441664,-14.693861,1605,3.55,2021-11-26 08:13:00,0.0568201283401673,6318.11000271932,"moving",29,-14.69295,145.44156,"run_day_11652_liz21_del_07_29.json","07",11652
145.441804,-14.694352,1605,3.55,2021-11-26 08:25:00,0.056635221555296,6297.54930633947,"moving",29,-14.69295,145.44156,"run_day_11652_liz21_del_07_29.json","07",11652
145.441756,-14.6934,1606,3.55,2021-11-26 07:27:00,0.0493670286515124,5489.36312956475,"moving",29,-14.69295,145.44156,"run_day_11652_liz21_del_07_29.json","07",11652
145.441848,-14.693818,1606,3.55,2021-11-26 07:39:00,0.0475211576770379,5284.11164196274,"moving",29,-14.69295,145.44156,"run_day_11652_liz21_del_07_29.json","07",11652
145.441964,-14.694228,1606,3.55,2021-11-26 07:51:00,0.0472663743844822,5255.78103243674,"moving",29,-14.69295,145.44156,"run_day_11652_liz21_del_07_29.json","07",11652
145.442095,-14.694647,1606,3.55,2021-11-26 08:03:00,0.0486746526537039,5412.37443127798,"moving",29,-14.69295,145.44156,"run_day_11652_liz21_del_07_29.json","07",11652
145.441667,-14.693525,1607,3.55,2021-11-26 07:36:00,0.0539892818447325,6003.33423431744,"moving",29,-14.69295,145.44156,"run_day_11652_liz21_del_07_29.json","07",11652
145.44179,-14.694019,1607,3.55,2021-11-26 07:48:00,0.0565009864811405,6282.62304711562,"moving",29,-14.69295,145.44156,"run_day_11652_liz21_del_07_29.json","07",11652
145.441933,-14.694485,1607,3.55,2021-11-26 08:00:00,0.0540513989165112,6010.24133755725,"moving",29,-14.69295,145.44156,"run_day_11652_liz21_del_07_29.json","07",11652
145.441678,-14.693414,1608,3.55,2021-11-26 08:07:00,0.0521079703191238,5794.14193723181,"moving",29,-14.69295,145.44156,"run_day_11652_liz21_del_07_29.json","07",11652
145.44177,-14.693881,1608,3.55,2021-11-26 08:19:00,0.0528624514169928,5878.03640756406,"moving",29,-14.69295,145.44156,"run_day_11652_liz21_del_07_29.json","07",11652
145.441891,-14.694314,1608,3.55,2021-11-26 08:31:00,0.049875351250339,5545.88602365305,"moving",29,-14.69295,145.44156,"run_day_11652_liz21_del_07_29.json","07",11652
145.441696,-14.693188,1609,3.55,2021-11-26 07:16:00,0.0500310528396756,5563.19925045778,"moving",29,-14.69295,145.44156,"run_day_11652_liz21_del_07_29.json","07",11652
145.441782,-14.693635,1609,3.55,2021-11-26 07:28:00,0.0505575300954948,5621.74085029861,"moving",29,-14.69295,145.44156,"run_day_11652_liz21_del_07_29.json","07",11652
145.441899,-14.694064,1609,3.55,2021-11-26 07:40:00,0.0493346269367263,5485.76022326595,"moving",29,-14.69295,145.44156,"run_day_11652_liz21_del_07_29.json","07",11652
145.442026,-14.694496,1609,3.55,2021-11-26 07:52:00,0.0499406601548961,5553.14804250451,"moving",29,-14.69295,145.44156,"run_day_11652_liz21_del_07_29.json","07",11652
145.441573,-14.693605,1610,3.55,2021-11-26 07:13:00,0.0584395008153992,6498.17600631294,"moving",29,-14.69295,145.44156,"run_day_11652_liz21_del_07_29.json","07",11652
145.44173,-14.694132,1610,3.55,2021-11-26 07:25:00,0.0609843168767235,6781.14664157579,"moving",29,-14.69295,145.44156,"run_day_11652_liz21_del_07_29.json","07",11652
145.4419,-14.69464,1610,3.55,2021-11-26 07:37:00,0.059372721309446,6601.94539069168,"moving",29,-14.69295,145.44156,"run_day_11652_liz21_del_07_29.json","07",11652
145.441568,-14.693447,1611,3.55,2021-11-26 07:36:00,0.0553298593146241,6152.39964774338,"moving",29,-14.69295,145.44156,"run_day_11652_liz21_del_07_29.json","07",11652
145.441697,-14.693964,1611,3.55,2021-11-26 07:48:00,0.0591384895722857,6575.90000986031,"moving",29,-14.69295,145.44156,"run_day_11652_liz21_del_07_29.json","07",11652
145.441854,-14.694468,1611,3.55,2021-11-26 08:00:00,0.0585311120196653,6508.36270745113,"moving",29,-14.69295,145.44156,"run_day_11652_liz21_del_07_29.json","07",11652
145.441679,-14.693297,1612,3.55,2021-11-26 07:34:00,0.0508977063695841,5659.56672614219,"moving",29,-14.69295,145.44156,"run_day_11652_liz21_del_07_29.json","07",11652
145.441773,-14.69377,1612,3.55,2021-11-26 07:46:00,0.0535581664294304,5955.39638733758,"moving",29,-14.69295,145.44156,"run_day_11652_liz21_del_07_29.json","07",11652
145.441897,-14.694215,1612,3.55,2021-11-26 07:58:00,0.0512476756594821,5698.48153566025,"moving",29,-14.69295,145.44156,"run_day_11652_liz21_del_07_29.json","07",11652
145.442037,-14.694649,1612,3.55,2021-11-26 08:10:00,0.0505533313444212,5621.27397048099,"moving",29,-14.69295,145.44156,"run_day_11652_liz21_del_07_29.json","07",11652
145.441735,-14.693365,1613,3.55,2021-11-26 07:42:00,0.0501333646881285,5574.57580894136,"moving",29,-14.69295,145.44156,"run_day_11652_liz21_del_07_29.json","07",11652
145.441821,-14.693798,1613,3.55,2021-11-26 07:54:00,0.0490279042583377,5451.65421754231,"moving",29,-14.69295,145.44156,"run_day_11652_liz21_del_07_29.json","07",11652
145.441934,-14.69421,1613,3.55,2021-11-26 08:06:00,0.0473971450363756,5270.32206548129,"moving",29,-14.69295,145.44156,"run_day_11652_liz21_del_07_29.json","07",11652
145.442062,-14.694619,1613,3.55,2021-11-26 08:18:00,0.0475169070007441,5283.63898832406,"moving",29,-14.69295,145.44156,"run_day_11652_liz21_del_07_29.json","07",11652
145.441544,-14.693325,1614,3.55,2021-11-26 08:01:00,0.0545840641858886,6069.47101311177,"moving",29,-14.69295,145.44156,"run_day_11652_liz21_del_07_29.json","07",11652
145.441651,-14.693824,1614,3.55,2021-11-26 08:13:00,0.0566672511651362,6301.1108364561,"moving",29,-14.69295,145.44156,"run_day_11652_liz21_del_07_29.json","07",11652
145.441789,-14.694318,1614,3.55,2021-11-26 08:25:00,0.0569003752447295,6327.03305138556,"moving",29,-14.69295,145.44156,"run_day_11652_liz21_del_07_29.json","07",11652
145.441681,-14.693575,1615,3.55,2021-11-26 07:55:00,0.054412116582964,6050.35131201786,"moving",29,-14.69295,145.44156,"run_day_11652_liz21_del_07_29.json","07",11652
145.441796,-14.694059,1615,3.55,2021-11-26 08:07:00,0.0552214764020399,6140.34801772906,"moving",29,-14.69295,145.44156,"run_day_11652_liz21_del_07_29.json","07",11652
145.441934,-14.694506,1615,3.55,2021-11-26 08:19:00,0.0518730745414787,5768.02271846745,"moving",29,-14.69295,145.44156,"run_day_11652_liz21_del_07_29.json","07",11652
145.441585,-14.693673,1616,3.55,2021-11-26 08:00:00,0.0574996208784297,6393.66612566692,"moving",29,-14.69295,145.44156,"run_day_11652_liz21_del_07_29.json","07",11652
145.441721,-14.694189,1616,3.55,2021-11-26 08:12:00,0.0592118932401156,6584.06212532009,"moving",29,-14.69295,145.44156,"run_day_11652_liz21_del_07_29.json","07",11652
145.441886,-14.694673,1616,3.55,2021-11-26 08:24:00,0.0566689751976727,6301.30254012753,"moving",29,-14.69295,145.44156,"run_day_11652_liz21_del_07_29.json","07",11652
145.441462,-14.693493,1617,3.55,2021-11-26 07:54:00,0.0585675431428621,6512.41366352258,"moving",29,-14.69295,145.44156,"run_day_11652_liz21_del_07_29.json","07",11652
145.441599,-14.694023,1617,3.55,2021-11-26 08:06:00,0.0607475917389172,6754.8240072425,"moving",29,-14.69295,145.44156,"run_day_11652_liz21_del_07_29.json","07",11652
145.44177,-14.694544,1617,3.55,2021-11-26 08:18:00,0.0607820918346825,6758.66024286035,"moving",29,-14.69295,145.44156,"run_day_11652_liz21_del_07_29.json","07",11652
145.441769,-14.693413,1618,3.55,2021-11-26 07:54:00,0.0482347852567024,5363.46340833507,"moving",29,-14.69295,145.44156,"run_day_11652_liz21_del_07_29.json","07",11652
145.441849,-14.693816,1618,3.55,2021-11-26 08:06:00,0.0456302081508268,5073.84764810713,"moving",29,-14.69295,145.44156,"run_day_11652_liz21_del_07_29.json","07",11652
145.441951,-14.6942,1618,3.55,2021-11-26 08:18:00,0.0440857508900873,4902.11183629355,"moving",29,-14.69295,145.44156,"run_day_11652_liz21_del_07_29.json","07",11652
145.442071,-14.69459,1618,3.55,2021-11-26 08:30:00,0.0452460109866784,5031.1268726226,"moving",29,-14.69295,145.44156,"run_day_11652_liz21_del_07_29.json","07",11652
145.441578,-14.693441,1619,3.55,2021-11-26 07:25:00,0.0552456760940289,6143.03890070459,"moving",29,-14.69295,145.44156,"run_day_11652_liz21_del_07_29.json","07",11652
145.441711,-14.693954,1619,3.55,2021-11-26 07:37:00,0.0588093878918687,6539.30557264774,"moving",29,-14.69295,145.44156,"run_day_11652_liz21_del_07_29.json","07",11652
145.441867,-14.694457,1619,3.55,2021-11-26 07:49:00,0.0583936573720433,6493.07844799186,"moving",29,-14.69295,145.44156,"run_day_11652_liz21_del_07_29.json","07",11652
145.441545,-14.693281,1620,3.55,2021-11-26 07:25:00,0.0539968128195201,6004.1716405065,"moving",29,-14.69295,145.44156,"run_day_11652_liz21_del_07_29.json","07",11652
145.441663,-14.693785,1620,3.55,2021-11-26 07:37:00,0.0574614414940993,6389.42077182698,"moving",29,-14.69295,145.44156,"run_day_11652_liz21_del_07_29.json","07",11652
145.441814,-14.694296,1620,3.55,2021-11-26 07:49:00,0.0590962002693298,6571.19765392028,"moving",29,-14.69295,145.44156,"run_day_11652_liz21_del_07_29.json","07",11652
145.441714,-14.693449,1621,3.55,2021-11-26 07:26:00,0.0521668822529373,5800.6926453907,"moving",29,-14.69295,145.44156,"run_day_11652_liz21_del_07_29.json","07",11652
145.441824,-14.693907,1621,3.55,2021-11-26 07:38:00,0.0522835540352853,5813.66595567037,"moving",29,-14.69295,145.44156,"run_day_11652_liz21_del_07_29.json","07",11652
145.441953,-14.69435,1621,3.55,2021-11-26 07:50:00,0.0511761614378743,5690.52951703452,"moving",29,-14.69295,145.44156,"run_day_11652_liz21_del_07_29.json","07",11652
145.44173,-14.69351,1622,3.55,2021-11-26 08:02:00,0.0519603412681027,5777.72633573292,"moving",29,-14.69295,145.44156,"run_day_11652_liz21_del_07_29.json","07",11652
145.441825,-14.693949,1622,3.55,2021-11-26 08:14:00,0.0498725468907984,5545.57419309964,"moving",29,-14.69295,145.44156,"run_day_11652_liz21_del_07_29.json","07",11652
145.441943,-14.694362,1622,3.55,2021-11-26 08:26:00,0.0476450587294076,5297.88881039217,"moving",29,-14.69295,145.44156,"run_day_11652_liz21_del_07_29.json","07",11652
145.441677,-14.693402,1623,3.55,2021-11-26 07:53:00,0.0523854263436731,5824.99363952866,"moving",29,-14.69295,145.44156,"run_day_11652_liz21_del_07_29.json","07",11652
145.441774,-14.693881,1623,3.55,2021-11-26 08:05:00,0.0542745885858798,6035.05889647051,"moving",29,-14.69295,145.44156,"run_day_11652_liz21_del_07_29.json","07",11652
145.441898,-14.694321,1623,3.55,2021-11-26 08:17:00,0.0507110639262301,5638.81303334468,"moving",29,-14.69295,145.44156,"run_day_11652_liz21_del_07_29.json","07",11652
145.441683,-14.693273,1624,3.55,2021-11-26 08:00:00,0.0505379645006524,5619.56525541535,"moving",29,-14.69295,145.44156,"run_day_11652_liz21_del_07_29.json","07",11652
145.441765,-14.693734,1624,3.55,2021-11-26 08:12:00,0.0520140813472173,5783.70195988794,"moving",29,-14.69295,145.44156,"run_day_11652_liz21_del_07_29.json","07",11652
145.441872,-14.694159,1624,3.55,2021-11-26 08:24:00,0.0486390247226488,5408.41278609781,"moving",29,-14.69295,145.44156,"run_day_11652_liz21_del_07_29.json","07",11652
145.442002,-14.694572,1624,3.55,2021-11-26 08:36:00,0.0480049982682968,5337.91226101544,"moving",29,-14.69295,145.44156,"run_day_11652_liz21_del_07_29.json","07",11652
145.441639,-14.693599,1625,3.55,2021-11-26 07:20:00,0.0562357243752036,6253.12724670439,"moving",29,-14.69295,145.44156,"run_day_11652_liz21_del_07_29.json","07",11652
145.441784,-14.694107,1625,3.55,2021-11-26 07:32:00,0.058600490384973,6516.07722969224,"moving",29,-14.69295,145.44156,"run_day_11652_liz21_del_07_29.json","07",11652
145.44194,-14.694595,1625,3.55,2021-11-26 07:44:00,0.0567980928605934,6315.65976918452,"moving",29,-14.69295,145.44156,"run_day_11652_liz21_del_07_29.json","07",11652
145.441529,-14.693285,1626,3.55,2021-11-26 07:25:00,0.0544797948304731,6057.87678978507,"moving",29,-14.69295,145.44156,"run_day_11652_liz21_del_07_29.json","07",11652
145.441651,-14.693792,1626,3.55,2021-11-26 07:37:00,0.0578828495746119,6436.27921242699,"moving",29,-14.69295,145.44156,"run_day_11652_liz21_del_07_29.json","07",11652
145.441804,-14.694308,1626,3.55,2021-11-26 07:49:00,0.0596899104828504,6637.21521756083,"moving",29,-14.69295,145.44156,"run_day_11652_liz21_del_07_29.json","07",11652
145.441593,-14.69346,1627,3.55,2021-11-26 08:09:00,0.0544894464120252,6058.94999668775,"moving",29,-14.69295,145.44156,"run_day_11652_liz21_del_07_29.json","07",11652
145.441702,-14.693955,1627,3.55,2021-11-26 08:21:00,0.0562762331037653,6257.63161180527,"moving",29,-14.69295,145.44156,"run_day_11652_liz21_del_07_29.json","07",11652
145.441843,-14.694429,1627,3.55,2021-11-26 08:33:00,0.0548448942793085,6098.47399621629,"moving",29,-14.69295,145.44156,"run_day_11652_liz21_del_07_29.json","07",11652
145.441645,-14.693527,1628,3.55,2021-11-26 07:36:00,0.0545112035272138,6061.36927751515,"moving",29,-14.69295,145.44156,"run_day_11652_liz21_del_07_29.json","07",11652
145.441772,-14.694031,1628,3.55,2021-11-26 07:48:00,0.0576829791818598,6414.05463876651,"moving",29,-14.69295,145.44156,"run_day_11652_liz21_del_07_29.json","07",11652
145.441921,-14.694507,1628,3.55,2021-11-26 08:00:00,0.0553018439215377,6149.28447816422,"moving",29,-14.69295,145.44156,"run_day_11652_liz21_del_07_29.json","07",11652
145.441621,-14.693365,1629,3.55,2021-11-26 08:08:00,0.0528356235304704,5875.05328269018,"moving",29,-14.69295,145.44156,"run_day_11652_liz21_del_07_29.json","07",11652
145.441718,-14.69385,1629,3.55,2021-11-26 08:20:00,0.0549294654897695,6107.87788575974,"moving",29,-14.69295,145.44156,"run_day_11652_liz21_del_07_29.json","07",11652
145.441845,-14.69431,1629,3.55,2021-11-26 08:32:00,0.052942241429903,5886.90865219658,"moving",29,-14.69295,145.44156,"run_day_11652_liz21_del_07_29.json","07",11652
145.441671,-14.693214,1630,3.55,2021-11-26 07:17:00,0.0510277605546545,5674.02809171092,"moving",29,-14.69295,145.44156,"run_day_11652_liz21_del_07_29.json","07",11652
145.441764,-14.693681,1630,3.55,2021-11-26 07:29:00,0.0528826926558137,5880.28713062995,"moving",29,-14.69295,145.44156,"run_day_11652_liz21_del_07_29.json","07",11652
145.441889,-14.694128,1630,3.55,2021-11-26 07:41:00,0.0514904162184788,5725.47305431155,"moving",29,-14.69295,145.44156,"run_day_11652_liz21_del_07_29.json","07",11652
145.442025,-14.694573,1630,3.55,2021-11-26 07:53:00,0.0515986252437497,5737.50534893883,"moving",29,-14.69295,145.44156,"run_day_11652_liz21_del_07_29.json","07",11652
145.441559,-14.693432,1631,3.55,2021-11-26 07:39:00,0.0553540039991544,6155.08441416858,"moving",29,-14.69295,145.44156,"run_day_11652_liz21_del_07_29.json","07",11652
145.441686,-14.693949,1631,3.55,2021-11-26 07:51:00,0.0590883892806959,6570.32911161211,"moving",29,-14.69295,145.44156,"run_day_11652_liz21_del_07_29.json","07",11652
145.441843,-14.694455,1631,3.55,2021-11-26 08:03:00,0.0587440807268362,6532.04374722259,"moving",29,-14.69295,145.44156,"run_day_11652_liz21_del_07_29.json","07",11652
145.441739,-14.693516,1632,3.55,2021-11-26 07:20:00,0.0525455792735679,5842.80183282022,"moving",29,-14.69295,145.44156,"run_day_11652_liz21_del_07_29.json","07",11652
145.441855,-14.69396,1632,3.55,2021-11-26 07:32:00,0.0509226934512782,5662.34516285823,"moving",29,-14.69295,145.44156,"run_day_11652_liz21_del_07_29.json","07",11652
145.441983,-14.694403,1632,3.55,2021-11-26 07:44:00,0.0511471038948811,5687.29846567292,"moving",29,-14.69295,145.44156,"run_day_11652_liz21_del_07_29.json","07",11652
145.441613,-14.693466,1633,3.55,2021-11-26 08:06:00,0.054337542930052,6042.0591001527,"moving",29,-14.69295,145.44156,"run_day_11652_liz21_del_07_29.json","07",11652
145.441721,-14.69396,1633,3.55,2021-11-26 08:18:00,0.056145130432905,6243.05365993605,"moving",29,-14.69295,145.44156,"run_day_11652_liz21_del_07_29.json","07",11652
145.44186,-14.694427,1633,3.55,2021-11-26 08:30:00,0.0540373963454149,6008.68432269136,"moving",29,-14.69295,145.44156,"run_day_11652_liz21_del_07_29.json","07",11652
145.441754,-14.693293,1634,3.55,2021-11-26 07:14:00,0.0492575836572817,5477.19340145966,"moving",29,-14.69295,145.44156,"run_day_11652_liz21_del_07_29.json","07",11652
145.441837,-14.6937,1634,3.55,2021-11-26 07:26:00,0.0461284456797354,5129.24913358569,"moving",29,-14.69295,145.44156,"run_day_11652_liz21_del_07_29.json","07",11652
145.441951,-14.694103,1634,3.55,2021-11-26 07:38:00,0.0464588353615388,5165.98679001794,"moving",29,-14.69295,145.44156,"run_day_11652_liz21_del_07_29.json","07",11652
145.442071,-14.694523,1634,3.55,2021-11-26 07:50:00,0.0484525996190856,5387.6832603824,"moving",29,-14.69295,145.44156,"run_day_11652_liz21_del_07_29.json","07",11652
145.441491,-14.693462,1635,3.55,2021-11-26 07:35:00,0.0572473500635595,6365.61489091287,"moving",29,-14.69295,145.44156,"run_day_11652_liz21_del_07_29.json","07",11652
145.441633,-14.69399,1635,3.55,2021-11-26 07:47:00,0.0606650274701912,6745.64327943805,"moving",29,-14.69295,145.44156,"run_day_11652_liz21_del_07_29.json","07",11652
145.441804,-14.694518,1635,3.55,2021-11-26 07:59:00,0.0615244172670288,6841.20306485649,"moving",29,-14.69295,145.44156,"run_day_11652_liz21_del_07_29.json","07",11652
145.441705,-14.693406,1636,3.55,2021-11-26 08:02:00,0.0517038233123727,5749.20284046251,"moving",29,-14.69295,145.44156,"run_day_11652_liz21_del_07_29.json","07",11652
145.441793,-14.693858,1636,3.55,2021-11-26 08:14:00,0.0511435939647833,5686.90817925318,"moving",29,-14.69295,145.44156,"run_day_11652_liz21_del_07_29.json","07",11652
145.441908,-14.694278,1636,3.55,2021-11-26 08:26:00,0.0483121256634451,5372.06326918948,"moving",29,-14.69295,145.44156,"run_day_11652_liz21_del_07_29.json","07",11652
145.442044,-14.694689,1636,3.55,2021-11-26 08:38:00,0.0479850699538085,5335.69633354775,"moving",29,-14.69295,145.44156,"run_day_11652_liz21_del_07_29.json","07",11652
145.441744,-14.693194,1637,3.55,2021-11-26 08:08:00,0.0468832277366003,5213.17706903141,"moving",29,-14.69295,145.44156,"run_day_11652_liz21_del_07_29.json","07",11652
145.441809,-14.693588,1637,3.55,2021-11-26 08:20:00,0.0443651284507474,4933.17720365729,"moving",29,-14.69295,145.44156,"run_day_11652_liz21_del_07_29.json","07",11652
145.441891,-14.693962,1637,3.55,2021-11-26 08:32:00,0.0425118694108907,4727.10420066705,"moving",29,-14.69295,145.44156,"run_day_11652_liz21_del_07_29.json","07",11652
145.441995,-14.694332,1637,3.55,2021-11-26 08:44:00,0.0426356884680765,4740.87225164803,"moving",29,-14.69295,145.44156,"run_day_11652_liz21_del_07_29.json","07",11652
145.441726,-14.693535,1638,3.55,2021-11-26 07:43:00,0.0527454600281817,5865.02755866717,"moving",29,-14.69295,145.44156,"run_day_11652_liz21_del_07_29.json","07",11652
145.441835,-14.69399,1638,3.55,2021-11-26 07:55:00,0.0519342901960093,5774.82958868248,"moving",29,-14.69295,145.44156,"run_day_11652_liz21_del_07_29.json","07",11652
145.441963,-14.694425,1638,3.55,2021-11-26 08:07:00,0.0502909461661629,5592.09806983194,"moving",29,-14.69295,145.44156,"run_day_11652_liz21_del_07_29.json","07",11652
145.441631,-14.693314,1639,3.55,2021-11-26 07:16:00,0.0532279051650674,5918.6730102732,"moving",29,-14.69295,145.44156,"run_day_11652_liz21_del_07_29.json","07",11652
145.441742,-14.693806,1639,3.55,2021-11-26 07:28:00,0.0559954833061915,6226.41365865858,"moving",29,-14.69295,145.44156,"run_day_11652_liz21_del_07_29.json","07",11652
145.441883,-14.694282,1639,3.55,2021-11-26 07:40:00,0.0550586499313427,6122.24254026409,"moving",29,-14.69295,145.44156,"run_day_11652_liz21_del_07_29.json","07",11652
145.441649,-14.693258,1640,3.55,2021-11-26 07:34:00,0.0509614235141136,5666.65174935415,"moving",29,-14.69295,145.44156,"run_day_11652_liz21_del_07_29.json","07",11652
145.441745,-14.693742,1640,3.55,2021-11-26 07:46:00,0.054799931432408,6093.47435575345,"moving",29,-14.69295,145.44156,"run_day_11652_liz21_del_07_29.json","07",11652
145.441871,-14.694201,1640,3.55,2021-11-26 07:58:00,0.052807115151923,5871.88329562885,"moving",29,-14.69295,145.44156,"run_day_11652_liz21_del_07_29.json","07",11652
145.442015,-14.694643,1640,3.55,2021-11-26 08:10:00,0.0515308693920236,5729.9712419764,"moving",29,-14.69295,145.44156,"run_day_11652_liz21_del_07_29.json","07",11652
145.441619,-14.693664,1641,3.55,2021-11-26 07:48:00,0.0569962634333362,6337.69533148377,"moving",29,-14.69295,145.44156,"run_day_11652_liz21_del_07_29.json","07",11652
145.441758,-14.69418,1641,3.55,2021-11-26 08:00:00,0.0592924325821073,6593.01769154487,"moving",29,-14.69295,145.44156,"run_day_11652_liz21_del_07_29.json","07",11652
145.44192,-14.694661,1641,3.55,2021-11-26 08:12:00,0.0562514815562174,6254.87936529134,"moving",29,-14.69295,145.44156,"run_day_11652_liz21_del_07_29.json","07",11652
145.441674,-14.693685,1642,3.55,2021-11-26 07:46:00,0.0559487449950399,6221.21659557858,"moving",29,-14.69295,145.44156,"run_day_11652_liz21_del_07_29.json","07",11652
145.441808,-14.694183,1642,3.55,2021-11-26 07:58:00,0.0572199942135968,6362.57305918297,"moving",29,-14.69295,145.44156,"run_day_11652_liz21_del_07_29.json","07",11652
145.441962,-14.694648,1642,3.55,2021-11-26 08:10:00,0.0542939888690723,6037.21610953699,"moving",29,-14.69295,145.44156,"run_day_11652_liz21_del_07_29.json","07",11652
145.441559,-14.693622,1643,3.55,2021-11-26 07:57:00,0.0576547893343589,6410.92007074152,"moving",29,-14.69295,145.44156,"run_day_11652_liz21_del_07_29.json","07",11652
145.441696,-14.694143,1643,3.55,2021-11-26 08:09:00,0.0597772166478774,6646.92322017662,"moving",29,-14.69295,145.44156,"run_day_11652_liz21_del_07_29.json","07",11652
145.441862,-14.694637,1643,3.55,2021-11-26 08:21:00,0.0577591991468058,6422.52991217753,"moving",29,-14.69295,145.44156,"run_day_11652_liz21_del_07_29.json","07",11652
145.441654,-14.693305,1644,3.55,2021-11-26 08:04:00,0.0516206679166773,5739.95638233806,"moving",29,-14.69295,145.44156,"run_day_11652_liz21_del_07_29.json","07",11652
145.441742,-14.693779,1644,3.55,2021-11-26 08:16:00,0.0535495381460648,5954.43696600167,"moving",29,-14.69295,145.44156,"run_day_11652_liz21_del_07_29.json","07",11652
145.441858,-14.694221,1644,3.55,2021-11-26 08:28:00,0.0507071077331752,5638.37312474816,"moving",29,-14.69295,145.44156,"run_day_11652_liz21_del_07_29.json","07",11652
145.441996,-14.694645,1644,3.55,2021-11-26 08:40:00,0.0494279405025657,5496.1362183744,"moving",29,-14.69295,145.44156,"run_day_11652_liz21_del_07_29.json","07",11652
145.441694,-14.693484,1645,3.55,2021-11-26 07:49:00,0.053021724154476,5895.74672792499,"moving",29,-14.69295,145.44156,"run_day_11652_liz21_del_07_29.json","07",11652
145.4418,-14.693959,1645,3.55,2021-11-26 08:01:00,0.0540341084064127,6008.31872055519,"moving",29,-14.69295,145.44156,"run_day_11652_liz21_del_07_29.json","07",11652
145.441929,-14.694399,1645,3.55,2021-11-26 08:13:00,0.0508551506606618,5654.83474721027,"moving",29,-14.69295,145.44156,"run_day_11652_liz21_del_07_29.json","07",11652
145.441716,-14.693215,1646,3.55,2021-11-26 08:07:00,0.0486171650821467,5405.98210497571,"moving",29,-14.69295,145.44156,"run_day_11652_liz21_del_07_29.json","07",11652
145.441787,-14.693638,1646,3.55,2021-11-26 08:19:00,0.0476513631551712,5298.5898305525,"moving",29,-14.69295,145.44156,"run_day_11652_liz21_del_07_29.json","07",11652
145.441878,-14.694034,1646,3.55,2021-11-26 08:31:00,0.0451079044196473,5015.77012303245,"moving",29,-14.69295,145.44156,"run_day_11652_liz21_del_07_29.json","07",11652
145.441992,-14.694424,1646,3.55,2021-11-26 08:43:00,0.0450661651684468,5011.12893005701,"moving",29,-14.69295,145.44156,"run_day_11652_liz21_del_07_29.json","07",11652
145.441535,-14.693305,1647,3.55,2021-11-26 07:30:00,0.0543463392802282,6043.03720966528,"moving",29,-14.69295,145.44156,"run_day_11652_liz21_del_07_29.json","07",11652
145.441656,-14.693814,1647,3.55,2021-11-26 07:42:00,0.0580752727113382,6457.675689,"moving",29,-14.69295,145.44156,"run_day_11652_liz21_del_07_29.json","07",11652
145.441808,-14.694328,1647,3.55,2021-11-26 07:54:00,0.059446500372678,6610.14924821567,"moving",29,-14.69295,145.44156,"run_day_11652_liz21_del_07_29.json","07",11652
145.441704,-14.693638,1648,3.55,2021-11-26 07:52:00,0.0547400498459103,6086.81582713548,"moving",29,-14.69295,145.44156,"run_day_11652_liz21_del_07_29.json","07",11652
145.441823,-14.694113,1648,3.55,2021-11-26 08:04:00,0.0543463281335629,6043.03597021265,"moving",29,-14.69295,145.44156,"run_day_11652_liz21_del_07_29.json","07",11652
145.441963,-14.694557,1648,3.55,2021-11-26 08:16:00,0.0516158712817777,5739.42302087226,"moving",29,-14.69295,145.44156,"run_day_11652_liz21_del_07_29.json","07",11652
145.441758,-14.693353,1649,3.55,2021-11-26 07:20:00,0.0492575832341493,5477.19335440948,"moving",29,-14.69295,145.44156,"run_day_11652_liz21_del_07_29.json","07",11652
145.441846,-14.693763,1649,3.55,2021-11-26 07:32:00,0.0465621060860277,5177.46997065201,"moving",29,-14.69295,145.44156,"run_day_11652_liz21_del_07_29.json","07",11652
145.441962,-14.69417,1649,3.55,2021-11-26 07:44:00,0.0469447047053136,5220.01299605781,"moving",29,-14.69295,145.44156,"run_day_11652_liz21_del_07_29.json","07",11652
145.442087,-14.694591,1649,3.55,2021-11-26 07:56:00,0.0487054862212893,5415.80296756383,"moving",29,-14.69295,145.44156,"run_day_11652_liz21_del_07_29.json","07",11652
145.441663,-14.693517,1650,3.55,2021-11-26 07:31:00,0.0540321210145327,6008.09773266089,"moving",29,-14.69295,145.44156,"run_day_11652_liz21_del_07_29.json","07",11652
145.441789,-14.694012,1650,3.55,2021-11-26 07:43:00,0.0566853744815524,6303.12605729555,"moving",29,-14.69295,145.44156,"run_day_11652_liz21_del_07_29.json","07",11652
145.441933,-14.694482,1650,3.55,2021-11-26 07:55:00,0.0545084025490734,6061.05782295629,"moving",29,-14.69295,145.44156,"run_day_11652_liz21_del_07_29.json","07",11652
145.44177,-14.693215,1651,3.55,2021-11-26 07:42:00,0.0455672272730045,5066.84449401767,"moving",29,-14.69295,145.44156,"run_day_11652_liz21_del_07_29.json","07",11652
145.441836,-14.693598,1651,3.55,2021-11-26 07:54:00,0.0431752517135929,4800.86894715332,"moving",29,-14.69295,145.44156,"run_day_11652_liz21_del_07_29.json","07",11652
145.441924,-14.693967,1651,3.55,2021-11-26 08:06:00,0.0421085001789044,4682.25158850566,"moving",29,-14.69295,145.44156,"run_day_11652_liz21_del_07_29.json","07",11652
145.442027,-14.694335,1651,3.55,2021-11-26 08:18:00,0.042392894100652,4713.87474977255,"moving",29,-14.69295,145.44156,"run_day_11652_liz21_del_07_29.json","07",11652
145.441633,-14.693482,1652,3.55,2021-11-26 07:59:00,0.054274592247812,6035.05930365879,"moving",29,-14.69295,145.44156,"run_day_11652_liz21_del_07_29.json","07",11652
145.441743,-14.693977,1652,3.55,2021-11-26 08:11:00,0.0562987384569138,6260.13409289772,"moving",29,-14.69295,145.44156,"run_day_11652_liz21_del_07_29.json","07",11652
145.441882,-14.694438,1652,3.55,2021-11-26 08:23:00,0.0533965887257609,5937.42976643066,"moving",29,-14.69295,145.44156,"run_day_11652_liz21_del_07_29.json","07",11652
145.441737,-14.69342,1653,3.55,2021-11-26 08:09:00,0.0500427084086812,5564.49529059835,"moving",29,-14.69295,145.44156,"run_day_11652_liz21_del_07_29.json","07",11652
145.441818,-14.693841,1653,3.55,2021-11-26 08:21:00,0.0476168660751916,5294.75393027471,"moving",29,-14.69295,145.44156,"run_day_11652_liz21_del_07_29.json","07",11652
145.441924,-14.694239,1653,3.55,2021-11-26 08:33:00,0.045700580901592,5081.67274096625,"moving",29,-14.69295,145.44156,"run_day_11652_liz21_del_07_29.json","07",11652
145.442052,-14.694637,1653,3.55,2021-11-26 08:45:00,0.0463475826240371,5153.61605003243,"moving",29,-14.69295,145.44156,"run_day_11652_liz21_del_07_29.json","07",11652
145.441598,-14.693446,1654,3.55,2021-11-26 07:51:00,0.0547729219738305,6090.47104098822,"moving",29,-14.69295,145.44156,"run_day_11652_liz21_del_07_29.json","07",11652
145.441714,-14.693954,1654,3.55,2021-11-26 08:03:00,0.0578485397087753,6432.46412941211,"moving",29,-14.69295,145.44156,"run_day_11652_liz21_del_07_29.json","07",11652
145.441859,-14.694435,1654,3.55,2021-11-26 08:15:00,0.0557122293342547,6194.91725402729,"moving",29,-14.69295,145.44156,"run_day_11652_liz21_del_07_29.json","07",11652
145.441543,-14.693548,1655,3.55,2021-11-26 07:15:00,0.0582741400992056,6479.78873360591,"moving",29,-14.69295,145.44156,"run_day_11652_liz21_del_07_29.json","07",11652
145.441697,-14.694075,1655,3.55,2021-11-26 07:27:00,0.0608957582417683,6771.29937065821,"moving",29,-14.69295,145.44156,"run_day_11652_liz21_del_07_29.json","07",11652
145.441868,-14.694592,1655,3.55,2021-11-26 07:39:00,0.0603583126896149,6711.53815191107,"moving",29,-14.69295,145.44156,"run_day_11652_liz21_del_07_29.json","07",11652
145.441712,-14.693342,1656,3.55,2021-11-26 08:05:00,0.0504434484351768,5609.05554844806,"moving",29,-14.69295,145.44156,"run_day_11652_liz21_del_07_29.json","07",11652
145.441792,-14.693781,1656,3.55,2021-11-26 08:17:00,0.0495671559442611,5511.61626920151,"moving",29,-14.69295,145.44156,"run_day_11652_liz21_del_07_29.json","07",11652
145.441898,-14.694191,1656,3.55,2021-11-26 08:29:00,0.0469939094504391,5225.48431408261,"moving",29,-14.69295,145.44156,"run_day_11652_liz21_del_07_29.json","07",11652
145.442026,-14.694594,1656,3.55,2021-11-26 08:41:00,0.046878753849048,5212.67959543322,"moving",29,-14.69295,145.44156,"run_day_11652_liz21_del_07_29.json","07",11652
145.441709,-14.693457,1657,3.55,2021-11-26 07:42:00,0.0523267597424278,5818.47021110671,"moving",29,-14.69295,145.44156,"run_day_11652_liz21_del_07_29.json","07",11652
145.441812,-14.69392,1657,3.55,2021-11-26 07:54:00,0.0526617373231089,5855.71801861811,"moving",29,-14.69295,145.44156,"run_day_11652_liz21_del_07_29.json","07",11652
145.441938,-14.694356,1657,3.55,2021-11-26 08:06:00,0.0503395646999248,5597.50420412715,"moving",29,-14.69295,145.44156,"run_day_11652_liz21_del_07_29.json","07",11652
145.441522,-14.693575,1658,3.55,2021-11-26 08:09:00,0.0573768988458955,6380.02005826162,"moving",29,-14.69295,145.44156,"run_day_11652_liz21_del_07_29.json","07",11652
145.441651,-14.694088,1658,3.55,2021-11-26 08:21:00,0.0587062157070344,6527.83334912333,"moving",29,-14.69295,145.44156,"run_day_11652_liz21_del_07_29.json","07",11652
145.441815,-14.694586,1658,3.55,2021-11-26 08:33:00,0.0581167055532822,6462.28281082063,"moving",29,-14.69295,145.44156,"run_day_11652_liz21_del_07_29.json","07",11652
145.441727,-14.69327,1659,3.55,2021-11-26 07:49:00,0.0494390568524608,5497.37230008555,"moving",29,-14.69295,145.44156,"run_day_11652_liz21_del_07_29.json","07",11652
145.441804,-14.693699,1659,3.55,2021-11-26 08:01:00,0.0484162354808325,5383.63975269686,"moving",29,-14.69295,145.44156,"run_day_11652_liz21_del_07_29.json","07",11652
145.441905,-14.694101,1659,3.55,2021-11-26 08:13:00,0.0460014713892421,5115.13023666854,"moving",29,-14.69295,145.44156,"run_day_11652_liz21_del_07_29.json","07",11652
145.442024,-14.6945,1659,3.55,2021-11-26 08:25:00,0.0461761378110335,5134.55225662691,"moving",29,-14.69295,145.44156,"run_day_11652_liz21_del_07_29.json","07",11652
145.441652,-14.693335,1660,3.55,2021-11-26 07:17:00,0.0530521854360762,5899.13386789802,"moving",29,-14.69295,145.44156,"run_day_11652_liz21_del_07_29.json","07",11652
145.441761,-14.693821,1660,3.55,2021-11-26 07:29:00,0.0552978305835188,6148.83821533761,"moving",29,-14.69295,145.44156,"run_day_11652_liz21_del_07_29.json","07",11652
145.441899,-14.694288,1660,3.55,2021-11-26 07:41:00,0.0540077396330837,6005.38664673917,"moving",29,-14.69295,145.44156,"run_day_11652_liz21_del_07_29.json","07",11652
145.44147,-14.693527,1661,3.55,2021-11-26 07:11:00,0.0599120638794366,6661.91754819807,"moving",29,-14.69295,145.44156,"run_day_11652_liz21_del_07_29.json","07",11652
145.441632,-14.694065,1661,3.55,2021-11-26 07:23:00,0.0623088053961324,6928.42304533303,"moving",29,-14.69295,145.44156,"run_day_11652_liz21_del_07_29.json","07",11652
145.441814,-14.694598,1661,3.55,2021-11-26 07:35:00,0.0624160857057514,6940.35207149152,"moving",29,-14.69295,145.44156,"run_day_11652_liz21_del_07_29.json","07",11652
145.441637,-14.693232,1662,3.55,2021-11-26 07:33:00,0.051004991517969,5671.4962903469,"moving",29,-14.69295,145.44156,"run_day_11652_liz21_del_07_29.json","07",11652
145.441733,-14.693717,1662,3.55,2021-11-26 07:45:00,0.0549091388384936,6105.61766526219,"moving",29,-14.69295,145.44156,"run_day_11652_liz21_del_07_29.json","07",11652
145.441859,-14.694182,1662,3.55,2021-11-26 07:57:00,0.0534522140962665,5943.6150254236,"moving",29,-14.69295,145.44156,"run_day_11652_liz21_del_07_29.json","07",11652
145.442003,-14.694628,1662,3.55,2021-11-26 08:09:00,0.0519552554881015,5777.16082279876,"moving",29,-14.69295,145.44156,"run_day_11652_liz21_del_07_29.json","07",11652
145.441662,-14.693364,1663,3.55,2021-11-26 08:02:00,0.0521668829519092,5800.69272311283,"moving",29,-14.69295,145.44156,"run_day_11652_liz21_del_07_29.json","07",11652
145.441754,-14.69384,1663,3.55,2021-11-26 08:14:00,0.0538458422173382,5987.3844754714,"moving",29,-14.69295,145.44156,"run_day_11652_liz21_del_07_29.json","07",11652
145.441874,-14.694281,1663,3.55,2021-11-26 08:26:00,0.0507071386981203,5638.37656789295,"moving",29,-14.69295,145.44156,"run_day_11652_liz21_del_07_29.json","07",11652
145.441697,-14.693653,1664,3.55,2021-11-26 07:24:00,0.0554259238762775,6163.08153962958,"moving",29,-14.69295,145.44156,"run_day_11652_liz21_del_07_29.json","07",11652
145.441835,-14.69414,1664,3.55,2021-11-26 07:36:00,0.0561493305960095,6243.52069676436,"moving",29,-14.69295,145.44156,"run_day_11652_liz21_del_07_29.json","07",11652
145.441984,-14.694611,1664,3.55,2021-11-26 07:48:00,0.0547699614267244,6090.14184316993,"moving",29,-14.69295,145.44156,"run_day_11652_liz21_del_07_29.json","07",11652
145.441685,-14.693166,1665,3.55,2021-11-26 07:35:00,0.0490077301258438,5449.41095635953,"moving",29,-14.69295,145.44156,"run_day_11652_liz21_del_07_29.json","07",11652
145.441767,-14.693622,1665,3.55,2021-11-26 07:47:00,0.0514662449297272,5722.78532963191,"moving",29,-14.69295,145.44156,"run_day_11652_liz21_del_07_29.json","07",11652
145.441875,-14.694052,1665,3.55,2021-11-26 07:59:00,0.0492046703148923,5471.30970623414,"moving",29,-14.69295,145.44156,"run_day_11652_liz21_del_07_29.json","07",11652
145.442,-14.694472,1665,3.55,2021-11-26 08:11:00,0.0485986234164127,5403.92036581455,"moving",29,-14.69295,145.44156,"run_day_11652_liz21_del_07_29.json","07",11652
145.441605,-14.693636,1666,3.55,2021-11-26 08:02:00,0.0565803646405968,6291.44949573354,"moving",29,-14.69295,145.44156,"run_day_11652_liz21_del_07_29.json","07",11652
145.441733,-14.694144,1666,3.55,2021-11-26 08:14:00,0.0581405768035344,6464.93717274134,"moving",29,-14.69295,145.44156,"run_day_11652_liz21_del_07_29.json","07",11652
145.441891,-14.694618,1666,3.55,2021-11-26 08:26:00,0.0553783882760895,6157.79582205366,"moving",29,-14.69295,145.44156,"run_day_11652_liz21_del_07_29.json","07",11652
145.441561,-14.693302,1667,3.55,2021-11-26 07:58:00,0.0539482723534173,5998.77418693892,"moving",29,-14.69295,145.44156,"run_day_11652_liz21_del_07_29.json","07",11652
145.441666,-14.6938,1667,3.55,2021-11-26 08:10:00,0.0565149978788813,6284.1810434596,"moving",29,-14.69295,145.44156,"run_day_11652_liz21_del_07_29.json","07",11652
145.4418,-14.694289,1667,3.55,2021-11-26 08:22:00,0.0562520697108381,6254.94476510124,"moving",29,-14.69295,145.44156,"run_day_11652_liz21_del_07_29.json","07",11652
145.441493,-14.693306,1668,3.55,2021-11-26 07:15:00,0.0563322128463871,6263.85627517968,"moving",29,-14.69295,145.44156,"run_day_11652_liz21_del_07_29.json","07",11652
145.441626,-14.69382,1668,3.55,2021-11-26 07:27:00,0.0589172513301277,6551.29943975258,"moving",29,-14.69295,145.44156,"run_day_11652_liz21_del_07_29.json","07",11652
145.441789,-14.694346,1668,3.55,2021-11-26 07:39:00,0.0610596327208683,6789.52138134065,"moving",29,-14.69295,145.44156,"run_day_11652_liz21_del_07_29.json","07",11652
145.441598,-14.693192,1669,3.55,2021-11-26 08:01:00,0.0516582348651798,5744.13363642106,"moving",29,-14.69295,145.44156,"run_day_11652_liz21_del_07_29.json","07",11652
145.441688,-14.693671,1669,3.55,2021-11-26 08:13:00,0.0541349016389881,6019.52641665768,"moving",29,-14.69295,145.44156,"run_day_11652_liz21_del_07_29.json","07",11652
145.441803,-14.694142,1669,3.55,2021-11-26 08:25:00,0.0538136451162186,5983.80432117425,"moving",29,-14.69295,145.44156,"run_day_11652_liz21_del_07_29.json","07",11652
145.441944,-14.694581,1669,3.55,2021-11-26 08:37:00,0.0511161470664978,5683.8562234117,"moving",29,-14.69295,145.44156,"run_day_11652_liz21_del_07_29.json","07",11652
145.441779,-14.693584,1670,3.55,2021-11-26 07:30:00,0.0498238153377634,5540.15549163464,"moving",29,-14.69295,145.44156,"run_day_11652_liz21_del_07_29.json","07",11652
145.44189,-14.694007,1670,3.55,2021-11-26 07:42:00,0.048527033945302,5395.95997982586,"moving",29,-14.69295,145.44156,"run_day_11652_liz21_del_07_29.json","07",11652
145.442013,-14.694431,1670,3.55,2021-11-26 07:54:00,0.0489676432617175,5444.95350044359,"moving",29,-14.69295,145.44156,"run_day_11652_liz21_del_07_29.json","07",11652
145.44159,-14.693269,1671,3.55,2021-11-26 07:13:00,0.0538010612108281,5982.40505473745,"moving",29,-14.69295,145.44156,"run_day_11652_liz21_del_07_29.json","07",11652
145.441704,-14.693768,1671,3.55,2021-11-26 07:25:00,0.0568249451381188,6318.64560621419,"moving",29,-14.69295,145.44156,"run_day_11652_liz21_del_07_29.json","07",11652
145.44185,-14.69426,1671,3.55,2021-11-26 07:37:00,0.0569170856545369,6328.8911641783,"moving",29,-14.69295,145.44156,"run_day_11652_liz21_del_07_29.json","07",11652
145.441656,-14.693469,1672,3.55,2021-11-26 07:12:00,0.0550774358018531,6124.33143375745,"moving",29,-14.69295,145.44156,"run_day_11652_liz21_del_07_29.json","07",11652
145.441785,-14.693965,1672,3.55,2021-11-26 07:24:00,0.0568712135056651,6323.79041394947,"moving",29,-14.69295,145.44156,"run_day_11652_liz21_del_07_29.json","07",11652
145.441929,-14.694441,1672,3.55,2021-11-26 07:36:00,0.0551483986915324,6132.22214706982,"moving",29,-14.69295,145.44156,"run_day_11652_liz21_del_07_29.json","07",11652
145.441449,-14.693471,1673,3.55,2021-11-26 08:09:00,0.0580581713192101,6455.77410095679,"moving",29,-14.69295,145.44156,"run_day_11652_liz21_del_07_29.json","07",11652
145.441578,-14.69399,1673,3.55,2021-11-26 08:21:00,0.0593546944952237,6599.94090040659,"moving",29,-14.69295,145.44156,"run_day_11652_liz21_del_07_29.json","07",11652
145.441743,-14.694504,1673,3.55,2021-11-26 08:33:00,0.059846142508053,6654.58742614276,"moving",29,-14.69295,145.44156,"run_day_11652_liz21_del_07_29.json","07",11652
145.441768,-14.693179,1674,3.55,2021-11-26 08:05:00,0.0449656011322996,4999.94671943454,"moving",29,-14.69295,145.44156,"run_day_11652_liz21_del_07_29.json","07",11652
145.441829,-14.69355,1674,3.55,2021-11-26 08:17:00,0.0417718071825075,4644.81303546958,"moving",29,-14.69295,145.44156,"run_day_11652_liz21_del_07_29.json","07",11652
145.441904,-14.693904,1674,3.55,2021-11-26 08:29:00,0.0401810973646863,4467.93417396416,"moving",29,-14.69295,145.44156,"run_day_11652_liz21_del_07_29.json","07",11652
145.441999,-14.694256,1674,3.55,2021-11-26 08:41:00,0.0404523887972716,4498.10040490979,"moving",29,-14.69295,145.44156,"run_day_11652_liz21_del_07_29.json","07",11652
145.442114,-14.694625,1674,3.55,2021-11-26 08:53:00,0.0428547946606453,4765.23574865808,"moving",29,-14.69295,145.44156,"run_day_11652_liz21_del_07_29.json","07",11652
145.441676,-14.693384,1675,3.55,2021-11-26 07:33:00,0.0520302604894839,5785.50099842545,"moving",29,-14.69295,145.44156,"run_day_11652_liz21_del_07_29.json","07",11652
145.441781,-14.693865,1675,3.55,2021-11-26 07:45:00,0.054664116746081,6078.37245167007,"moving",29,-14.69295,145.44156,"run_day_11652_liz21_del_07_29.json","07",11652
145.441913,-14.694318,1675,3.55,2021-11-26 07:57:00,0.0523339482331358,5819.26953480367,"moving",29,-14.69295,145.44156,"run_day_11652_liz21_del_07_29.json","07",11652
145.441736,-14.693653,1676,3.55,2021-11-26 07:11:00,0.0556254147889104,6185.26391702604,"moving",29,-14.69295,145.44156,"run_day_11652_liz21_del_07_29.json","07",11652
145.441872,-14.694118,1676,3.55,2021-11-26 07:23:00,0.0537349933560174,5975.0586444682,"moving",29,-14.69295,145.44156,"run_day_11652_liz21_del_07_29.json","07",11652
145.442012,-14.694579,1676,3.55,2021-11-26 07:35:00,0.0534268011013768,5940.78922932103,"moving",29,-14.69295,145.44156,"run_day_11652_liz21_del_07_29.json","07",11652
145.441577,-14.693279,1677,3.55,2021-11-26 07:18:00,0.0538487767172157,5987.71077697002,"moving",29,-14.69295,145.44156,"run_day_11652_liz21_del_07_29.json","07",11652
145.441693,-14.693778,1677,3.55,2021-11-26 07:30:00,0.0568717507534654,6323.85015317921,"moving",29,-14.69295,145.44156,"run_day_11652_liz21_del_07_29.json","07",11652
145.441841,-14.694276,1677,3.55,2021-11-26 07:42:00,0.0576177147875196,6406.79756922535,"moving",29,-14.69295,145.44156,"run_day_11652_liz21_del_07_29.json","07",11652
145.441514,-14.693629,1678,3.55,2021-11-26 07:57:00,0.0587389867111657,6531.47731852378,"moving",29,-14.69295,145.44156,"run_day_11652_liz21_del_07_29.json","07",11652
145.441657,-14.694157,1678,3.55,2021-11-26 08:09:00,0.0606921931085329,6748.66396060071,"moving",29,-14.69295,145.44156,"run_day_11652_liz21_del_07_29.json","07",11652
145.441832,-14.694665,1678,3.55,2021-11-26 08:21:00,0.0595405409279638,6620.60608086228,"moving",29,-14.69295,145.44156,"run_day_11652_liz21_del_07_29.json","07",11652
145.441588,-14.693471,1679,3.55,2021-11-26 07:28:00,0.0552214838573282,6140.3488467193,"moving",29,-14.69295,145.44156,"run_day_11652_liz21_del_07_29.json","07",11652
145.441721,-14.693986,1679,3.55,2021-11-26 07:40:00,0.0590251223720061,6563.29415234131,"moving",29,-14.69295,145.44156,"run_day_11652_liz21_del_07_29.json","07",11652
145.441877,-14.694485,1679,3.55,2021-11-26 07:52:00,0.0579677753810079,6445.72253123943,"moving",29,-14.69295,145.44156,"run_day_11652_liz21_del_07_29.json","07",11652
145.441744,-14.693337,1680,3.55,2021-11-26 07:53:00,0.0494025385228957,5493.31164710837,"moving",29,-14.69295,145.44156,"run_day_11652_liz21_del_07_29.json","07",11652
145.441822,-14.693755,1680,3.55,2021-11-26 08:05:00,0.0472305694888385,5251.79970969213,"moving",29,-14.69295,145.44156,"run_day_11652_liz21_del_07_29.json","07",11652
145.441923,-14.694149,1680,3.55,2021-11-26 08:17:00,0.0451375605990203,5019.06773972239,"moving",29,-14.69295,145.44156,"run_day_11652_liz21_del_07_29.json","07",11652
145.442043,-14.694544,1680,3.55,2021-11-26 08:29:00,0.0457791601894305,5090.41035911323,"moving",29,-14.69295,145.44156,"run_day_11652_liz21_del_07_29.json","07",11652
145.441593,-14.693676,1681,3.55,2021-11-26 07:54:00,0.057499620842554,6393.66612167773,"moving",29,-14.69295,145.44156,"run_day_11652_liz21_del_07_29.json","07",11652
145.441733,-14.694196,1681,3.55,2021-11-26 08:06:00,0.0597499617536905,6643.8926142168,"moving",29,-14.69295,145.44156,"run_day_11652_liz21_del_07_29.json","07",11652
145.441899,-14.694681,1681,3.55,2021-11-26 08:18:00,0.0568083003984841,6316.79479561149,"moving",29,-14.69295,145.44156,"run_day_11652_liz21_del_07_29.json","07",11652
145.441518,-14.69361,1682,3.55,2021-11-26 07:53:00,0.0585226197499468,6507.41841014274,"moving",29,-14.69295,145.44156,"run_day_11652_liz21_del_07_29.json","07",11652
145.441661,-14.69414,1682,3.55,2021-11-26 08:05:00,0.060907349531736,6772.58826329588,"moving",29,-14.69295,145.44156,"run_day_11652_liz21_del_07_29.json","07",11652
145.441835,-14.694649,1682,3.55,2021-11-26 08:17:00,0.0596121890718096,6628.57299096143,"moving",29,-14.69295,145.44156,"run_day_11652_liz21_del_07_29.json","07",11652
145.441738,-14.693583,1683,3.55,2021-11-26 07:40:00,0.0528549349429654,5877.20061378597,"moving",29,-14.69295,145.44156,"run_day_11652_liz21_del_07_29.json","07",11652
145.441852,-14.694033,1683,3.55,2021-11-26 07:52:00,0.051518163134101,5728.55837055877,"moving",29,-14.69295,145.44156,"run_day_11652_liz21_del_07_29.json","07",11652
145.441982,-14.694469,1683,3.55,2021-11-26 08:04:00,0.0504570904667418,5610.57247314722,"moving",29,-14.69295,145.44156,"run_day_11652_liz21_del_07_29.json","07",11652
145.441664,-14.693598,1684,3.55,2021-11-26 07:31:00,0.0550993799794354,6126.77151497399,"moving",29,-14.69295,145.44156,"run_day_11652_liz21_del_07_29.json","07",11652
145.441799,-14.694097,1684,3.55,2021-11-26 07:43:00,0.0573547480576913,6377.55700299213,"moving",29,-14.69295,145.44156,"run_day_11652_liz21_del_07_29.json","07",11652
145.44195,-14.694572,1684,3.55,2021-11-26 07:55:00,0.0552582714885388,6144.43944467318,"moving",29,-14.69295,145.44156,"run_day_11652_liz21_del_07_29.json","07",11652
145.441559,-14.693318,1685,3.55,2021-11-26 07:34:00,0.0538973081943135,5993.10723100587,"moving",29,-14.69295,145.44156,"run_day_11652_liz21_del_07_29.json","07",11652
145.441676,-14.693825,1685,3.55,2021-11-26 07:46:00,0.0577633057169578,6422.98654194434,"moving",29,-14.69295,145.44156,"run_day_11652_liz21_del_07_29.json","07",11652
145.441824,-14.694331,1685,3.55,2021-11-26 07:58:00,0.0584731655599312,6501.91935511169,"moving",29,-14.69295,145.44156,"run_day_11652_liz21_del_07_29.json","07",11652
145.441589,-14.693382,1686,3.55,2021-11-26 07:50:00,0.0542742238637032,6035.01834121484,"moving",29,-14.69295,145.44156,"run_day_11652_liz21_del_07_29.json","07",11652
145.4417,-14.693887,1686,3.55,2021-11-26 08:02:00,0.0574086047347985,6383.54559225238,"moving",29,-14.69295,145.44156,"run_day_11652_liz21_del_07_29.json","07",11652
145.441841,-14.694372,1686,3.55,2021-11-26 08:14:00,0.0560213681049018,6229.29191695238,"moving",29,-14.69295,145.44156,"run_day_11652_liz21_del_07_29.json","07",11652
145.441582,-14.69339,1687,3.55,2021-11-26 07:11:00,0.0557874285109773,6203.27902096668,"moving",29,-14.69295,145.44156,"run_day_11652_liz21_del_07_29.json","07",11652
145.441713,-14.693902,1687,3.55,2021-11-26 07:23:00,0.0586494880647596,6521.52552310186,"moving",29,-14.69295,145.44156,"run_day_11652_liz21_del_07_29.json","07",11652
145.441867,-14.694402,1687,3.55,2021-11-26 07:35:00,0.058012434160743,6450.68836097611,"moving",29,-14.69295,145.44156,"run_day_11652_liz21_del_07_29.json","07",11652
145.441664,-14.693296,1688,3.55,2021-11-26 07:11:00,0.0528780852797881,5879.77481379076,"moving",29,-14.69295,145.44156,"run_day_11652_liz21_del_07_29.json","07",11652
145.441769,-14.693777,1688,3.55,2021-11-26 07:23:00,0.054664117685804,6078.3725561625,"moving",29,-14.69295,145.44156,"run_day_11652_liz21_del_07_29.json","07",11652
145.441904,-14.694235,1688,3.55,2021-11-26 07:35:00,0.0529568533831596,5888.53342726709,"moving",29,-14.69295,145.44156,"run_day_11652_liz21_del_07_29.json","07",11652
145.442051,-14.69469,1688,3.55,2021-11-26 07:47:00,0.0530066990525587,5894.07601281947,"moving",29,-14.69295,145.44156,"run_day_11652_liz21_del_07_29.json","07",11652
145.441745,-14.693374,1689,3.55,2021-11-26 07:26:00,0.0498429692767377,5542.28531247385,"moving",29,-14.69295,145.44156,"run_day_11652_liz21_del_07_29.json","07",11652
145.441837,-14.693798,1689,3.55,2021-11-26 07:38:00,0.0481739032084495,5356.69363344562,"moving",29,-14.69295,145.44156,"run_day_11652_liz21_del_07_29.json","07",11652
145.441954,-14.694213,1689,3.55,2021-11-26 07:50:00,0.0478310409847029,5318.56909362692,"moving",29,-14.69295,145.44156,"run_day_11652_liz21_del_07_29.json","07",11652
145.442085,-14.694635,1689,3.55,2021-11-26 08:02:00,0.0489940505975417,5447.88986221345,"moving",29,-14.69295,145.44156,"run_day_11652_liz21_del_07_29.json","07",11652
145.441698,-14.693613,1690,3.55,2021-11-26 07:41:00,0.0545815422990796,6069.19059209304,"moving",29,-14.69295,145.44156,"run_day_11652_liz21_del_07_29.json","07",11652
145.441822,-14.694095,1690,3.55,2021-11-26 07:53:00,0.055230498942474,6141.35127845078,"moving",29,-14.69295,145.44156,"run_day_11652_liz21_del_07_29.json","07",11652
145.441965,-14.69455,1690,3.55,2021-11-26 08:05:00,0.0528799653007316,5879.98386258166,"moving",29,-14.69295,145.44156,"run_day_11652_liz21_del_07_29.json","07",11652
145.441688,-14.693527,1691,3.55,2021-11-26 07:44:00,0.0536272581014385,5963.07903073827,"moving",29,-14.69295,145.44156,"run_day_11652_liz21_del_07_29.json","07",11652
145.441803,-14.694009,1691,3.55,2021-11-26 07:56:00,0.0550047604697838,6116.25030553914,"moving",29,-14.69295,145.44156,"run_day_11652_liz21_del_07_29.json","07",11652
145.441939,-14.694459,1691,3.55,2021-11-26 08:08:00,0.0521320309420259,5796.81735643043,"moving",29,-14.69295,145.44156,"run_day_11652_liz21_del_07_29.json","07",11652
145.441658,-14.693348,1692,3.55,2021-11-26 08:00:00,0.0520777315515055,5790.77953968468,"moving",29,-14.69295,145.44156,"run_day_11652_liz21_del_07_29.json","07",11652
145.44175,-14.693826,1692,3.55,2021-11-26 08:12:00,0.0540644600856057,6011.6936732966,"moving",29,-14.69295,145.44156,"run_day_11652_liz21_del_07_29.json","07",11652
145.44187,-14.69427,1692,3.55,2021-11-26 08:24:00,0.0510298067948706,5674.25562324165,"moving",29,-14.69295,145.44156,"run_day_11652_liz21_del_07_29.json","07",11652
145.442013,-14.694695,1692,3.55,2021-11-26 08:36:00,0.0496978123718821,5526.14460108647,"moving",29,-14.69295,145.44156,"run_day_11652_liz21_del_07_29.json","07",11652
145.441706,-14.69331,1693,3.55,2021-11-26 07:59:00,0.0505900769344269,5625.35989366618,"moving",29,-14.69295,145.44156,"run_day_11652_liz21_del_07_29.json","07",11652
145.441787,-14.693756,1693,3.55,2021-11-26 08:11:00,0.0503523828517207,5598.92951757582,"moving",29,-14.69295,145.44156,"run_day_11652_liz21_del_07_29.json","07",11652
145.441893,-14.69417,1693,3.55,2021-11-26 08:23:00,0.0474255239730846,5273.4776592669,"moving",29,-14.69295,145.44156,"run_day_11652_liz21_del_07_29.json","07",11652
145.44202,-14.694576,1693,3.55,2021-11-26 08:35:00,0.0471664685382727,5244.67200919613,"moving",29,-14.69295,145.44156,"run_day_11652_liz21_del_07_29.json","07",11652
145.441701,-14.693471,1694,3.55,2021-11-26 07:12:00,0.0541448606919582,6020.63381282214,"moving",29,-14.69295,145.44156,"run_day_11652_liz21_del_07_29.json","07",11652
145.441821,-14.693944,1694,3.55,2021-11-26 07:24:00,0.0541557553928307,6021.84524828647,"moving",29,-14.69295,145.44156,"run_day_11652_liz21_del_07_29.json","07",11652
145.441956,-14.694401,1694,3.55,2021-11-26 07:36:00,0.052849925767939,5876.64361893635,"moving",29,-14.69295,145.44156,"run_day_11652_liz21_del_07_29.json","07",11652
145.441581,-14.693529,1695,3.55,2021-11-26 07:17:00,0.0569676871602062,6334.5177948893,"moving",29,-14.69295,145.44156,"run_day_11652_liz21_del_07_29.json","07",11652
145.441727,-14.694048,1695,3.55,2021-11-26 07:29:00,0.0598085592965465,6650.40836369623,"moving",29,-14.69295,145.44156,"run_day_11652_liz21_del_07_29.json","07",11652
145.441889,-14.694553,1695,3.55,2021-11-26 07:41:00,0.0587947156053454,6537.67408882407,"moving",29,-14.69295,145.44156,"run_day_11652_liz21_del_07_29.json","07",11652
145.441712,-14.693542,1696,3.55,2021-11-26 08:06:00,0.05279942022375,5871.02765865511,"moving",29,-14.69295,145.44156,"run_day_11652_liz21_del_07_29.json","07",11652
145.441811,-14.693995,1696,3.55,2021-11-26 08:18:00,0.0514845006388737,5724.8152718713,"moving",29,-14.69295,145.44156,"run_day_11652_liz21_del_07_29.json","07",11652
145.441936,-14.694419,1696,3.55,2021-11-26 08:30:00,0.0490261991726912,5451.46462066892,"moving",29,-14.69295,145.44156,"run_day_11652_liz21_del_07_29.json","07",11652
145.441663,-14.693366,1697,3.55,2021-11-26 08:05:00,0.0520377297476504,5786.33154203936,"moving",29,-14.69295,145.44156,"run_day_11652_liz21_del_07_29.json","07",11652
145.441754,-14.693839,1697,3.55,2021-11-26 08:17:00,0.0534981909549703,5948.72741885452,"moving",29,-14.69295,145.44156,"run_day_11652_liz21_del_07_29.json","07",11652
145.441873,-14.694279,1697,3.55,2021-11-26 08:29:00,0.0505722851350536,5623.38153584,"moving",29,-14.69295,145.44156,"run_day_11652_liz21_del_07_29.json","07",11652
145.441767,-14.693178,1698,3.55,2021-11-26 07:38:00,0.0453479983029512,5042.46734477424,"moving",29,-14.69295,145.44156,"run_day_11652_liz21_del_07_29.json","07",11652
145.441833,-14.69356,1698,3.55,2021-11-26 07:50:00,0.043065574179122,4788.67336175328,"moving",29,-14.69295,145.44156,"run_day_11652_liz21_del_07_29.json","07",11652
145.441918,-14.693928,1698,3.55,2021-11-26 08:02:00,0.041928619282426,4662.249745417,"moving",29,-14.69295,145.44156,"run_day_11652_liz21_del_07_29.json","07",11652
145.44202,-14.694294,1698,3.55,2021-11-26 08:14:00,0.0421501495847579,4686.88279113433,"moving",29,-14.69295,145.44156,"run_day_11652_liz21_del_07_29.json","07",11652
145.441687,-14.693554,1699,3.55,2021-11-26 08:06:00,0.0536589876201719,5966.6071922463,"moving",29,-14.69295,145.44156,"run_day_11652_liz21_del_07_29.json","07",11652
145.441792,-14.694023,1699,3.55,2021-11-26 08:18:00,0.0533592758068395,5933.28075914829,"moving",29,-14.69295,145.44156,"run_day_11652_liz21_del_07_29.json","07",11652
145.441924,-14.69446,1699,3.55,2021-11-26 08:30:00,0.0506238487485654,5629.11514806197,"moving",29,-14.69295,145.44156,"run_day_11652_liz21_del_07_29.json","07",11652
145.441487,-14.693531,1700,3.55,2021-11-26 07:56:00,0.0583313930815837,6486.15497478162,"moving",29,-14.69295,145.44156,"run_day_11652_liz21_del_07_29.json","07",11652
145.441624,-14.694058,1700,3.55,2021-11-26 08:08:00,0.060424023344211,6718.84484332864,"moving",29,-14.69295,145.44156,"run_day_11652_liz21_del_07_29.json","07",11652
145.441794,-14.694572,1700,3.55,2021-11-26 08:20:00,0.0600078179274054,6672.56491253787,"moving",29,-14.69295,145.44156,"run_day_11652_liz21_del_07_29.json","07",11652
145.441669,-14.693373,1701,3.55,2021-11-26 08:00:00,0.0521668828777271,5800.69271486415,"moving",29,-14.69295,145.44156,"run_day_11652_liz21_del_07_29.json","07",11652
145.441761,-14.693848,1701,3.55,2021-11-26 08:12:00,0.0537365448843497,5975.2311665473,"moving",29,-14.69295,145.44156,"run_day_11652_liz21_del_07_29.json","07",11652
145.441882,-14.694286,1701,3.55,2021-11-26 08:24:00,0.0504122731788118,5605.58901810343,"moving",29,-14.69295,145.44156,"run_day_11652_liz21_del_07_29.json","07",11652
145.441682,-14.693478,1702,3.55,2021-11-26 07:11:00,0.05464350528347,6076.080561597,"moving",29,-14.69295,145.44156,"run_day_11652_liz21_del_07_29.json","07",11652
145.441808,-14.693964,1702,3.55,2021-11-26 07:23:00,0.055714156595983,6195.13155575379,"moving",29,-14.69295,145.44156,"run_day_11652_liz21_del_07_29.json","07",11652
145.441947,-14.69443,1702,3.55,2021-11-26 07:35:00,0.0539305506538974,5996.80362386078,"moving",29,-14.69295,145.44156,"run_day_11652_liz21_del_07_29.json","07",11652
145.441559,-14.693494,1703,3.55,2021-11-26 07:30:00,0.056126465877243,6240.97825603837,"moving",29,-14.69295,145.44156,"run_day_11652_liz21_del_07_29.json","07",11652
145.441698,-14.694015,1703,3.55,2021-11-26 07:42:00,0.0598306097282534,6652.86025983236,"moving",29,-14.69295,145.44156,"run_day_11652_liz21_del_07_29.json","07",11652
145.441861,-14.694525,1703,3.55,2021-11-26 07:54:00,0.0593576228546251,6600.26651911542,"moving",29,-14.69295,145.44156,"run_day_11652_liz21_del_07_29.json","07",11652
145.441578,-14.693626,1704,3.55,2021-11-26 07:34:00,0.057233252349853,6364.04729667143,"moving",29,-14.69295,145.44156,"run_day_11652_liz21_del_07_29.json","07",11652
145.441728,-14.694152,1704,3.55,2021-11-26 07:46:00,0.0606729422171625,6746.52335914693,"moving",29,-14.69295,145.44156,"run_day_11652_liz21_del_07_29.json","07",11652
145.441899,-14.694657,1704,3.55,2021-11-26 07:58:00,0.0590888295029483,6570.37806209318,"moving",29,-14.69295,145.44156,"run_day_11652_liz21_del_07_29.json","07",11652
145.441541,-14.693359,1705,3.55,2021-11-26 08:02:00,0.0550416001720386,6120.34669352897,"moving",29,-14.69295,145.44156,"run_day_11652_liz21_del_07_29.json","07",11652
145.441651,-14.69386,1705,3.55,2021-11-26 08:14:00,0.05695118288848,6332.68260360539,"moving",29,-14.69295,145.44156,"run_day_11652_liz21_del_07_29.json","07",11652
145.441793,-14.694354,1705,3.55,2021-11-26 08:26:00,0.0570141179101381,6339.68065872203,"moving",29,-14.69295,145.44156,"run_day_11652_liz21_del_07_29.json","07",11652
145.441707,-14.693198,1706,3.55,2021-11-26 07:58:00,0.0491104699293759,5460.83510127676,"moving",29,-14.69295,145.44156,"run_day_11652_liz21_del_07_29.json","07",11652
145.44178,-14.693633,1706,3.55,2021-11-26 08:10:00,0.0490029304597126,5448.87725783616,"moving",29,-14.69295,145.44156,"run_day_11652_liz21_del_07_29.json","07",11652
145.441875,-14.694038,1706,3.55,2021-11-26 08:22:00,0.0461786156490817,5134.82777964691,"moving",29,-14.69295,145.44156,"run_day_11652_liz21_del_07_29.json","07",11652
145.441991,-14.694433,1706,3.55,2021-11-26 08:34:00,0.0456597282147661,5077.13012945141,"moving",29,-14.69295,145.44156,"run_day_11652_liz21_del_07_29.json","07",11652
145.441637,-14.693342,1707,3.55,2021-11-26 07:15:00,0.0535540859690071,5954.94266084014,"moving",29,-14.69295,145.44156,"run_day_11652_liz21_del_07_29.json","07",11652
145.441751,-14.693835,1707,3.55,2021-11-26 07:27:00,0.0561736763119193,6246.22781685905,"moving",29,-14.69295,145.44156,"run_day_11652_liz21_del_07_29.json","07",11652
145.441892,-14.69431,1707,3.55,2021-11-26 07:39:00,0.0549517644105372,6110.35741261876,"moving",29,-14.69295,145.44156,"run_day_11652_liz21_del_07_29.json","07",11652
145.441694,-14.693503,1708,3.55,2021-11-26 08:09:00,0.0524706689006248,5834.4721793959,"moving",29,-14.69295,145.44156,"run_day_11652_liz21_del_07_29.json","07",11652
145.441792,-14.693963,1708,3.55,2021-11-26 08:21:00,0.0522244684563494,5807.09593905485,"moving",29,-14.69295,145.44156,"run_day_11652_liz21_del_07_29.json","07",11652
145.441916,-14.694391,1708,3.55,2021-11-26 08:33:00,0.0494249452197568,5495.80315812219,"moving",29,-14.69295,145.44156,"run_day_11652_liz21_del_07_29.json","07",11652
145.441481,-14.693402,1709,3.55,2021-11-26 07:28:00,0.0568700892354713,6323.66540080774,"moving",29,-14.69295,145.44156,"run_day_11652_liz21_del_07_29.json","07",11652
145.441621,-14.693926,1709,3.55,2021-11-26 07:40:00,0.0601804940143235,6691.76561735601,"moving",29,-14.69295,145.44156,"run_day_11652_liz21_del_07_29.json","07",11652
145.44179,-14.694457,1709,3.55,2021-11-26 07:52:00,0.0617791937586602,6869.5329181542,"moving",29,-14.69295,145.44156,"run_day_11652_liz21_del_07_29.json","07",11652
145.441578,-14.693567,1710,3.55,2021-11-26 07:39:00,0.0565701723724263,6290.31616722199,"moving",29,-14.69295,145.44156,"run_day_11652_liz21_del_07_29.json","07",11652
145.441718,-14.69409,1710,3.55,2021-11-26 07:51:00,0.0600728398206818,6679.79501719104,"moving",29,-14.69295,145.44156,"run_day_11652_liz21_del_07_29.json","07",11652
145.441883,-14.694591,1710,3.55,2021-11-26 08:03:00,0.0584671994403201,6501.25595287918,"moving",29,-14.69295,145.44156,"run_day_11652_liz21_del_07_29.json","07",11652
145.441643,-14.693512,1711,3.55,2021-11-26 07:59:00,0.0544723601984715,6057.05009642502,"moving",29,-14.69295,145.44156,"run_day_11652_liz21_del_07_29.json","07",11652
145.441755,-14.694005,1711,3.55,2021-11-26 08:11:00,0.0561271109212433,6241.04998165867,"moving",29,-14.69295,145.44156,"run_day_11652_liz21_del_07_29.json","07",11652
145.441894,-14.694463,1711,3.55,2021-11-26 08:23:00,0.0530764281573688,5901.82953551381,"moving",29,-14.69295,145.44156,"run_day_11652_liz21_del_07_29.json","07",11652
145.441518,-14.693621,1712,3.55,2021-11-26 07:45:00,0.0585981839751158,6515.82076861736,"moving",29,-14.69295,145.44156,"run_day_11652_liz21_del_07_29.json","07",11652
145.441667,-14.694155,1712,3.55,2021-11-26 07:57:00,0.0615028147065989,6838.80096973415,"moving",29,-14.69295,145.44156,"run_day_11652_liz21_del_07_29.json","07",11652
145.441846,-14.694672,1712,3.55,2021-11-26 08:09:00,0.0606260513228723,6741.30932959604,"moving",29,-14.69295,145.44156,"run_day_11652_liz21_del_07_29.json","07",11652
145.441704,-14.693252,1713,3.55,2021-11-26 07:12:00,0.0512728494796714,5701.28073674956,"moving",29,-14.69295,145.44156,"run_day_11652_liz21_del_07_29.json","07",11652
145.441795,-14.693702,1713,3.55,2021-11-26 07:24:00,0.0509860233028221,5669.38712105506,"moving",29,-14.69295,145.44156,"run_day_11652_liz21_del_07_29.json","07",11652
145.441919,-14.694133,1713,3.55,2021-11-26 07:36:00,0.0497462407002461,5531.52958550643,"moving",29,-14.69295,145.44156,"run_day_11652_liz21_del_07_29.json","07",11652
145.442049,-14.694573,1713,3.55,2021-11-26 07:48:00,0.0508845982989427,5658.10917518877,"moving",29,-14.69295,145.44156,"run_day_11652_liz21_del_07_29.json","07",11652
145.441713,-14.693195,1714,3.55,2021-11-26 08:07:00,0.0483979559080742,5381.6071569449,"moving",29,-14.69295,145.44156,"run_day_11652_liz21_del_07_29.json","07",11652
145.441784,-14.693618,1714,3.55,2021-11-26 08:19:00,0.0476513632678793,5298.58984308506,"moving",29,-14.69295,145.44156,"run_day_11652_liz21_del_07_29.json","07",11652
145.441873,-14.694015,1714,3.55,2021-11-26 08:31:00,0.045170379595903,5022.71704567331,"moving",29,-14.69295,145.44156,"run_day_11652_liz21_del_07_29.json","07",11652
145.441986,-14.694405,1714,3.55,2021-11-26 08:43:00,0.0450370199199426,5007.88812628755,"moving",29,-14.69295,145.44156,"run_day_11652_liz21_del_07_29.json","07",11652
145.441674,-14.693393,1715,3.55,2021-11-26 07:41:00,0.0523368628799025,5819.59362873709,"moving",29,-14.69295,145.44156,"run_day_11652_liz21_del_07_29.json","07",11652
145.441777,-14.693875,1715,3.55,2021-11-26 07:53:00,0.0547289672467407,6085.58349833379,"moving",29,-14.69295,145.44156,"run_day_11652_liz21_del_07_29.json","07",11652
145.441907,-14.694326,1715,3.55,2021-11-26 08:05:00,0.0520617461773025,5789.00204717279,"moving",29,-14.69295,145.44156,"run_day_11652_liz21_del_07_29.json","07",11652
145.441767,-14.69362,1716,3.55,2021-11-26 07:26:00,0.0516900686555787,5747.67339240927,"moving",29,-14.69295,145.44156,"run_day_11652_liz21_del_07_29.json","07",11652
145.441887,-14.694058,1716,3.55,2021-11-26 07:38:00,0.0503846163301773,5602.5137168483,"moving",29,-14.69295,145.44156,"run_day_11652_liz21_del_07_29.json","07",11652
145.442016,-14.694497,1716,3.55,2021-11-26 07:50:00,0.0507481816928578,5642.94034068206,"moving",29,-14.69295,145.44156,"run_day_11652_liz21_del_07_29.json","07",11652
145.441673,-14.693318,1717,3.55,2021-11-26 08:05:00,0.051123801646174,5684.70737383728,"moving",29,-14.69295,145.44156,"run_day_11652_liz21_del_07_29.json","07",11652
145.441758,-14.693784,1717,3.55,2021-11-26 08:17:00,0.05261719478849,5850.76511474861,"moving",29,-14.69295,145.44156,"run_day_11652_liz21_del_07_29.json","07",11652
145.441871,-14.694215,1717,3.55,2021-11-26 08:29:00,0.0494421737421431,5497.71888240513,"moving",29,-14.69295,145.44156,"run_day_11652_liz21_del_07_29.json","07",11652
145.442006,-14.694633,1717,3.55,2021-11-26 08:41:00,0.0486947844346359,5414.61298318194,"moving",29,-14.69295,145.44156,"run_day_11652_liz21_del_07_29.json","07",11652
145.44157,-14.69328,1718,3.55,2021-11-26 07:42:00,0.053343516717936,5931.52842841368,"moving",29,-14.69295,145.44156,"run_day_11652_liz21_del_07_29.json","07",11652
145.441678,-14.693782,1718,3.55,2021-11-26 07:54:00,0.0570157410877474,6339.86114783723,"moving",29,-14.69295,145.44156,"run_day_11652_liz21_del_07_29.json","07",11652
145.441817,-14.69428,1718,3.55,2021-11-26 08:06:00,0.0573578148216974,6377.89801159083,"moving",29,-14.69295,145.44156,"run_day_11652_liz21_del_07_29.json","07",11652
145.441757,-14.693272,1719,3.55,2021-11-26 07:56:00,0.0474669725374048,5278.08652933601,"moving",29,-14.69295,145.44156,"run_day_11652_liz21_del_07_29.json","07",11652
145.441826,-14.693669,1719,3.55,2021-11-26 08:08:00,0.0447638915848542,4977.51764110285,"moving",29,-14.69295,145.44156,"run_day_11652_liz21_del_07_29.json","07",11652
145.441917,-14.694045,1719,3.55,2021-11-26 08:20:00,0.0429397024894412,4774.67706845259,"moving",29,-14.69295,145.44156,"run_day_11652_liz21_del_07_29.json","07",11652
145.442026,-14.694423,1719,3.55,2021-11-26 08:32:00,0.0436361156323728,4852.11467679518,"moving",29,-14.69295,145.44156,"run_day_11652_liz21_del_07_29.json","07",11652
145.44175,-14.693361,1720,3.55,2021-11-26 07:27:00,0.0492575831780778,5477.19334817461,"moving",29,-14.69295,145.44156,"run_day_11652_liz21_del_07_29.json","07",11652
145.441838,-14.693779,1720,3.55,2021-11-26 07:39:00,0.0474334366669578,5274.3575106817,"moving",29,-14.69295,145.44156,"run_day_11652_liz21_del_07_29.json","07",11652
145.441953,-14.694188,1720,3.55,2021-11-26 07:51:00,0.0471307908481905,5240.70483106458,"moving",29,-14.69295,145.44156,"run_day_11652_liz21_del_07_29.json","07",11652
145.442081,-14.694606,1720,3.55,2021-11-26 08:03:00,0.0484756026610611,5390.24108194747,"moving",29,-14.69295,145.44156,"run_day_11652_liz21_del_07_29.json","07",11652
145.441764,-14.69318,1721,3.55,2021-11-26 07:20:00,0.0465358955596418,5174.55549309322,"moving",29,-14.69295,145.44156,"run_day_11652_liz21_del_07_29.json","07",11652
145.441834,-14.693562,1721,3.55,2021-11-26 07:32:00,0.0431385804825884,4796.79129231181,"moving",29,-14.69295,145.44156,"run_day_11652_liz21_del_07_29.json","07",11652
145.44193,-14.693938,1721,3.55,2021-11-26 07:44:00,0.0430654730533421,4788.6621170796,"moving",29,-14.69295,145.44156,"run_day_11652_liz21_del_07_29.json","07",11652
145.442038,-14.694324,1721,3.55,2021-11-26 07:56:00,0.0444653906977595,4944.32585685901,"moving",29,-14.69295,145.44156,"run_day_11652_liz21_del_07_29.json","07",11652
145.441775,-14.693244,1722,3.55,2021-11-26 07:11:00,0.0472115859522145,5249.68883672977,"moving",29,-14.69295,145.44156,"run_day_11652_liz21_del_07_29.json","07",11652
145.441849,-14.693626,1722,3.55,2021-11-26 07:23:00,0.0432157464281012,4805.37175396256,"moving",29,-14.69295,145.44156,"run_day_11652_liz21_del_07_29.json","07",11652
145.441954,-14.694006,1722,3.55,2021-11-26 07:35:00,0.0437373127360653,4863.3672813169,"moving",29,-14.69295,145.44156,"run_day_11652_liz21_del_07_29.json","07",11652
145.442065,-14.694409,1722,3.55,2021-11-26 07:47:00,0.0463747135463325,5156.63287094687,"moving",29,-14.69295,145.44156,"run_day_11652_liz21_del_07_29.json","07",11652
145.441547,-14.693379,1723,3.55,2021-11-26 07:19:00,0.0556939059470367,6192.8797863297,"moving",29,-14.69295,145.44156,"run_day_11652_liz21_del_07_29.json","07",11652
145.441679,-14.693891,1723,3.55,2021-11-26 07:31:00,0.0586754213208502,6524.40916961052,"moving",29,-14.69295,145.44156,"run_day_11652_liz21_del_07_29.json","07",11652
145.441837,-14.694404,1723,3.55,2021-11-26 07:43:00,0.059520634708055,6618.39261019975,"moving",29,-14.69295,145.44156,"run_day_11652_liz21_del_07_29.json","07",11652
145.441465,-14.69337,1724,3.55,2021-11-26 07:32:00,0.0567095771339999,6305.81726945906,"moving",29,-14.69295,145.44156,"run_day_11652_liz21_del_07_29.json","07",11652
145.441602,-14.693895,1724,3.55,2021-11-26 07:44:00,0.0602083748928541,6694.865829599,"moving",29,-14.69295,145.44156,"run_day_11652_liz21_del_07_29.json","07",11652
145.44177,-14.694428,1724,3.55,2021-11-26 07:56:00,0.0619603216381767,6889.67341943032,"moving",29,-14.69295,145.44156,"run_day_11652_liz21_del_07_29.json","07",11652
145.441548,-14.693247,1725,3.55,2021-11-26 07:57:00,0.0536456022366109,5965.11880550313,"moving",29,-14.69295,145.44156,"run_day_11652_liz21_del_07_29.json","07",11652
145.441652,-14.693743,1725,3.55,2021-11-26 08:09:00,0.056275633400705,6257.56492786747,"moving",29,-14.69295,145.44156,"run_day_11652_liz21_del_07_29.json","07",11652
145.441782,-14.694236,1725,3.55,2021-11-26 08:21:00,0.0565742507190806,6290.76965867904,"moving",29,-14.69295,145.44156,"run_day_11652_liz21_del_07_29.json","07",11652
145.441938,-14.694694,1725,3.55,2021-11-26 08:33:00,0.0536201817653401,5962.2921780649,"moving",29,-14.69295,145.44156,"run_day_11652_liz21_del_07_29.json","07",11652
145.441492,-14.693422,1726,3.55,2021-11-26 07:12:00,0.0580813166522109,6458.34774456198,"moving",29,-14.69295,145.44156,"run_day_11652_liz21_del_07_29.json","07",11652
145.441639,-14.693949,1726,3.55,2021-11-26 07:24:00,0.0606952899139921,6749.00830965658,"moving",29,-14.69295,145.44156,"run_day_11652_liz21_del_07_29.json","07",11652
145.44181,-14.694476,1726,3.55,2021-11-26 07:36:00,0.0614183172977413,6829.40528655458,"moving",29,-14.69295,145.44156,"run_day_11652_liz21_del_07_29.json","07",11652
145.441752,-14.693411,1727,3.55,2021-11-26 07:32:00,0.0495859434220351,5513.70534141444,"moving",29,-14.69295,145.44156,"run_day_11652_liz21_del_07_29.json","07",11652
145.441844,-14.693834,1727,3.55,2021-11-26 07:44:00,0.0480650844754213,5344.59354240899,"moving",29,-14.69295,145.44156,"run_day_11652_liz21_del_07_29.json","07",11652
145.441961,-14.694246,1727,3.55,2021-11-26 07:56:00,0.0475092893466312,5282.79194383377,"moving",29,-14.69295,145.44156,"run_day_11652_liz21_del_07_29.json","07",11652
145.442092,-14.694663,1727,3.55,2021-11-26 08:08:00,0.0484618267400635,5388.70926942267,"moving",29,-14.69295,145.44156,"run_day_11652_liz21_del_07_29.json","07",11652
145.441657,-14.693308,1728,3.55,2021-11-26 07:36:00,0.051506227861334,5727.23122877896,"moving",29,-14.69295,145.44156,"run_day_11652_liz21_del_07_29.json","07",11652
145.441756,-14.693793,1728,3.55,2021-11-26 07:48:00,0.054970730508443,6112.46634648413,"moving",29,-14.69295,145.44156,"run_day_11652_liz21_del_07_29.json","07",11652
145.441884,-14.69425,1728,3.55,2021-11-26 08:00:00,0.0526480468965717,5854.19571264358,"moving",29,-14.69295,145.44156,"run_day_11652_liz21_del_07_29.json","07",11652
145.44203,-14.69469,1728,3.55,2021-11-26 08:12:00,0.0513841377010314,5713.65542236009,"moving",29,-14.69295,145.44156,"run_day_11652_liz21_del_07_29.json","07",11652
145.44151,-14.693463,1729,3.55,2021-11-26 07:28:00,0.0568975583247643,6326.71982417667,"moving",29,-14.69295,145.44156,"run_day_11652_liz21_del_07_29.json","07",11652
145.441653,-14.693988,1729,3.55,2021-11-26 07:40:00,0.0603695602635762,6712.78882507263,"moving",29,-14.69295,145.44156,"run_day_11652_liz21_del_07_29.json","07",11652
145.441823,-14.694513,1729,3.55,2021-11-26 07:52:00,0.0611739334060502,6802.23103764487,"moving",29,-14.69295,145.44156,"run_day_11652_liz21_del_07_29.json","07",11652
145.441632,-14.693294,1730,3.55,2021-11-26 08:02:00,0.0520302612987111,5785.5010884074,"moving",29,-14.69295,145.44156,"run_day_11652_liz21_del_07_29.json","07",11652
145.441723,-14.693775,1730,3.55,2021-11-26 08:14:00,0.0543729797055358,6045.99948980313,"moving",29,-14.69295,145.44156,"run_day_11652_liz21_del_07_29.json","07",11652
145.441843,-14.69423,1730,3.55,2021-11-26 08:26:00,0.0522140970379311,5805.94268994462,"moving",29,-14.69295,145.44156,"run_day_11652_liz21_del_07_29.json","07",11652
145.441985,-14.694661,1730,3.55,2021-11-26 08:38:00,0.0502998872094537,5593.09226848478,"moving",29,-14.69295,145.44156,"run_day_11652_liz21_del_07_29.json","07",11652
145.441484,-14.693424,1731,3.55,2021-11-26 07:57:00,0.0573080973074035,6372.36967623597,"moving",29,-14.69295,145.44156,"run_day_11652_liz21_del_07_29.json","07",11652
145.44161,-14.693943,1731,3.55,2021-11-26 08:09:00,0.0592800953617528,6591.64585523255,"moving",29,-14.69295,145.44156,"run_day_11652_liz21_del_07_29.json","07",11652
145.441769,-14.694455,1731,3.55,2021-11-26 08:21:00,0.0594449299274266,6609.97462267114,"moving",29,-14.69295,145.44156,"run_day_11652_liz21_del_07_29.json","07",11652
145.441622,-14.693616,1732,3.55,2021-11-26 08:05:00,0.0559273403279086,6218.83650518707,"moving",29,-14.69295,145.44156,"run_day_11652_liz21_del_07_29.json","07",11652
145.441744,-14.694116,1732,3.55,2021-11-26 08:17:00,0.0571250183843731,6352.01222881944,"moving",29,-14.69295,145.44156,"run_day_11652_liz21_del_07_29.json","07",11652
145.441896,-14.694582,1732,3.55,2021-11-26 08:29:00,0.0543347817100676,6041.75206649908,"moving",29,-14.69295,145.44156,"run_day_11652_liz21_del_07_29.json","07",11652
145.441545,-14.693499,1733,3.55,2021-11-26 07:15:00,0.0575749609912575,6402.04356398621,"moving",29,-14.69295,145.44156,"run_day_11652_liz21_del_07_29.json","07",11652
145.441693,-14.694022,1733,3.55,2021-11-26 07:27:00,0.0602942844044427,6704.41853143817,"moving",29,-14.69295,145.44156,"run_day_11652_liz21_del_07_29.json","07",11652
145.44186,-14.694538,1733,3.55,2021-11-26 07:39:00,0.0601224816873092,6685.31494090917,"moving",29,-14.69295,145.44156,"run_day_11652_liz21_del_07_29.json","07",11652
145.441501,-14.693354,1734,3.55,2021-11-26 07:51:00,0.0560433959759349,6231.74130445604,"moving",29,-14.69295,145.44156,"run_day_11652_liz21_del_07_29.json","07",11652
145.441622,-14.69387,1734,3.55,2021-11-26 08:03:00,0.0588340985794314,6542.05327573861,"moving",29,-14.69295,145.44156,"run_day_11652_liz21_del_07_29.json","07",11652
145.441774,-14.694382,1734,3.55,2021-11-26 08:15:00,0.0592327165030862,6586.37756651861,"moving",29,-14.69295,145.44156,"run_day_11652_liz21_del_07_29.json","07",11652
145.441706,-14.693438,1735,3.55,2021-11-26 07:42:00,0.0521079701343531,5794.14191668625,"moving",29,-14.69295,145.44156,"run_day_11652_liz21_del_07_29.json","07",11652
145.441808,-14.693902,1735,3.55,2021-11-26 07:54:00,0.0527479735195933,5865.30704616031,"moving",29,-14.69295,145.44156,"run_day_11652_liz21_del_07_29.json","07",11652
145.441933,-14.694338,1735,3.55,2021-11-26 08:06:00,0.0503107150231114,5594.29626643017,"moving",29,-14.69295,145.44156,"run_day_11652_liz21_del_07_29.json","07",11652
145.441758,-14.693435,1736,3.55,2021-11-26 07:30:00,0.0493481601287432,5487.26504555954,"moving",29,-14.69295,145.44156,"run_day_11652_liz21_del_07_29.json","07",11652
145.441853,-14.693856,1736,3.55,2021-11-26 07:42:00,0.0479152529830847,5327.93304060958,"moving",29,-14.69295,145.44156,"run_day_11652_liz21_del_07_29.json","07",11652
145.44197,-14.694268,1736,3.55,2021-11-26 07:54:00,0.0475092890109944,5282.79190651267,"moving",29,-14.69295,145.44156,"run_day_11652_liz21_del_07_29.json","07",11652
145.441473,-14.693338,1737,3.55,2021-11-26 07:36:00,0.0562510897108485,6254.83579407429,"moving",29,-14.69295,145.44156,"run_day_11652_liz21_del_07_29.json","07",11652
145.441604,-14.693859,1737,3.55,2021-11-26 07:48:00,0.0596214184890801,6629.5992553378,"moving",29,-14.69295,145.44156,"run_day_11652_liz21_del_07_29.json","07",11652
145.441766,-14.694388,1737,3.55,2021-11-26 08:00:00,0.0613486090661633,6821.65408485774,"moving",29,-14.69295,145.44156,"run_day_11652_liz21_del_07_29.json","07",11652
145.441586,-14.693443,1738,3.55,2021-11-26 07:53:00,0.0550351345165245,6119.62774543836,"moving",29,-14.69295,145.44156,"run_day_11652_liz21_del_07_29.json","07",11652
145.441702,-14.693952,1738,3.55,2021-11-26 08:05:00,0.0579571225562589,6444.5379911729,"moving",29,-14.69295,145.44156,"run_day_11652_liz21_del_07_29.json","07",11652
145.441848,-14.694436,1738,3.55,2021-11-26 08:17:00,0.0560625872329782,6233.87527487518,"moving",29,-14.69295,145.44156,"run_day_11652_liz21_del_07_29.json","07",11652
145.441749,-14.693264,1739,3.55,2021-11-26 07:26:00,0.0482536357945045,5365.55949250318,"moving",29,-14.69295,145.44156,"run_day_11652_liz21_del_07_29.json","07",11652
145.441827,-14.693671,1739,3.55,2021-11-26 07:38:00,0.0460273898460874,5118.0122375762,"moving",29,-14.69295,145.44156,"run_day_11652_liz21_del_07_29.json","07",11652
145.441934,-14.694069,1739,3.55,2021-11-26 07:50:00,0.0457275349022529,5084.66988909251,"moving",29,-14.69295,145.44156,"run_day_11652_liz21_del_07_29.json","07",11652
145.442052,-14.694477,1739,3.55,2021-11-26 08:02:00,0.0471094040336197,5238.32672578722,"moving",29,-14.69295,145.44156,"run_day_11652_liz21_del_07_29.json","07",11652
145.441763,-14.693602,1740,3.55,2021-11-26 07:16:00,0.0526936546249634,5859.26706065651,"moving",29,-14.69295,145.44156,"run_day_11652_liz21_del_07_29.json","07",11652
145.441886,-14.694041,1740,3.55,2021-11-26 07:28:00,0.0505755547527233,5623.74510073693,"moving",29,-14.69295,145.44156,"run_day_11652_liz21_del_07_29.json","07",11652
145.442014,-14.694486,1740,3.55,2021-11-26 07:40:00,0.0513613192214096,5711.1181231924,"moving",29,-14.69295,145.44156,"run_day_11652_liz21_del_07_29.json","07",11652
145.441675,-14.693311,1741,3.55,2021-11-26 07:49:00,0.0512728489978539,5701.2806831739,"moving",29,-14.69295,145.44156,"run_day_11652_liz21_del_07_29.json","07",11652
145.441766,-14.693786,1741,3.55,2021-11-26 08:01:00,0.0537168429619138,5973.04041272729,"moving",29,-14.69295,145.44156,"run_day_11652_liz21_del_07_29.json","07",11652
145.441883,-14.694224,1741,3.55,2021-11-26 08:13:00,0.050302921523525,5593.42966881536,"moving",29,-14.69295,145.44156,"run_day_11652_liz21_del_07_29.json","07",11652
145.442021,-14.694648,1741,3.55,2021-11-26 08:25:00,0.0494279404424693,5496.136211692,"moving",29,-14.69295,145.44156,"run_day_11652_liz21_del_07_29.json","07",11652
145.441771,-14.693498,1742,3.55,2021-11-26 07:28:00,0.0491104679106748,5460.83487680744,"moving",29,-14.69295,145.44156,"run_day_11652_liz21_del_07_29.json","07",11652
145.441874,-14.693915,1742,3.55,2021-11-26 07:40:00,0.0476733806191693,5301.03806084665,"moving",29,-14.69295,145.44156,"run_day_11652_liz21_del_07_29.json","07",11652
145.441992,-14.694331,1742,3.55,2021-11-26 07:52:00,0.0479666729343881,5333.65067832283,"moving",29,-14.69295,145.44156,"run_day_11652_liz21_del_07_29.json","07",11652
145.441541,-14.693316,1743,3.55,2021-11-26 07:51:00,0.0546555492254,6077.41978683642,"moving",29,-14.69295,145.44156,"run_day_11652_liz21_del_07_29.json","07",11652
145.441652,-14.693823,1743,3.55,2021-11-26 08:03:00,0.0576261516094101,6407.73570101658,"moving",29,-14.69295,145.44156,"run_day_11652_liz21_del_07_29.json","07",11652
145.441794,-14.694323,1743,3.55,2021-11-26 08:15:00,0.0576571805478671,6411.18596155216,"moving",29,-14.69295,145.44156,"run_day_11652_liz21_del_07_29.json","07",11652
145.441511,-14.693562,1744,3.55,2021-11-26 08:01:00,0.0579911580721416,6448.3225678648,"moving",29,-14.69295,145.44156,"run_day_11652_liz21_del_07_29.json","07",11652
145.441644,-14.694081,1744,3.55,2021-11-26 08:13:00,0.0594567379703129,6611.2876171337,"moving",29,-14.69295,145.44156,"run_day_11652_liz21_del_07_29.json","07",11652
145.441812,-14.694586,1744,3.55,2021-11-26 08:25:00,0.0589891904318964,6559.29870289662,"moving",29,-14.69295,145.44156,"run_day_11652_liz21_del_07_29.json","07",11652
145.441533,-14.693585,1745,3.55,2021-11-26 07:22:00,0.0582439630888464,6476.43320315267,"moving",29,-14.69295,145.44156,"run_day_11652_liz21_del_07_29.json","07",11652
145.441689,-14.694114,1745,3.55,2021-11-26 07:34:00,0.0611684506144844,6801.62137903891,"moving",29,-14.69295,145.44156,"run_day_11652_liz21_del_07_29.json","07",11652
145.441865,-14.694635,1745,3.55,2021-11-26 07:46:00,0.0609469782252198,6776.99477296083,"moving",29,-14.69295,145.44156,"run_day_11652_liz21_del_07_29.json","07",11652
145.441671,-14.693407,1746,3.55,2021-11-26 07:49:00,0.0526239015631688,5851.51087406703,"moving",29,-14.69295,145.44156,"run_day_11652_liz21_del_07_29.json","07",11652
145.441772,-14.693891,1746,3.55,2021-11-26 08:01:00,0.0549038032882909,6105.02437914879,"moving",29,-14.69295,145.44156,"run_day_11652_liz21_del_07_29.json","07",11652
145.4419,-14.694337,1746,3.55,2021-11-26 08:13:00,0.0514684561006164,5723.03120061674,"moving",29,-14.69295,145.44156,"run_day_11652_liz21_del_07_29.json","07",11652
145.441529,-14.693306,1747,3.55,2021-11-26 08:03:00,0.0547161522895825,6084.15854011264,"moving",29,-14.69295,145.44156,"run_day_11652_liz21_del_07_29.json","07",11652
145.441637,-14.693804,1747,3.55,2021-11-26 08:15:00,0.056580362806266,6291.44929176527,"moving",29,-14.69295,145.44156,"run_day_11652_liz21_del_07_29.json","07",11652
145.441774,-14.694301,1747,3.55,2021-11-26 08:27:00,0.057194671330602,6359.75728306594,"moving",29,-14.69295,145.44156,"run_day_11652_liz21_del_07_29.json","07",11652
145.441609,-14.69344,1748,3.55,2021-11-26 07:28:00,0.0543202453171397,6040.13569335378,"moving",29,-14.69295,145.44156,"run_day_11652_liz21_del_07_29.json","07",11652
145.441736,-14.693948,1748,3.55,2021-11-26 07:40:00,0.0581152042607268,6462.11587470507,"moving",29,-14.69295,145.44156,"run_day_11652_liz21_del_07_29.json","07",11652
145.441885,-14.694437,1748,3.55,2021-11-26 07:52:00,0.0566868980577392,6303.29547123789,"moving",29,-14.69295,145.44156,"run_day_11652_liz21_del_07_29.json","07",11652
145.441728,-14.693646,1749,3.55,2021-11-26 07:30:00,0.0541448591152547,6020.63363750072,"moving",29,-14.69295,145.44156,"run_day_11652_liz21_del_07_29.json","07",11652
145.441856,-14.694113,1749,3.55,2021-11-26 07:42:00,0.0537220934867983,5973.62424445667,"moving",29,-14.69295,145.44156,"run_day_11652_liz21_del_07_29.json","07",11652
145.441997,-14.694567,1749,3.55,2021-11-26 07:54:00,0.052711293775297,5861.22844468394,"moving",29,-14.69295,145.44156,"run_day_11652_liz21_del_07_29.json","07",11652
145.441772,-14.693278,1750,3.55,2021-11-26 07:46:00,0.0463526149875666,5154.17562332594,"moving",29,-14.69295,145.44156,"run_day_11652_liz21_del_07_29.json","07",11652
145.441841,-14.693665,1750,3.55,2021-11-26 07:58:00,0.0436677201780386,4855.62894193212,"moving",29,-14.69295,145.44156,"run_day_11652_liz21_del_07_29.json","07",11652
145.441933,-14.694037,1750,3.55,2021-11-26 08:10:00,0.0425316484805579,4729.3035328678,"moving",29,-14.69295,145.44156,"run_day_11652_liz21_del_07_29.json","07",11652
145.44204,-14.694413,1750,3.55,2021-11-26 08:22:00,0.0433643576908537,4821.89657242288,"moving",29,-14.69295,145.44156,"run_day_11652_liz21_del_07_29.json","07",11652
145.441573,-14.693391,1751,3.55,2021-11-26 07:35:00,0.0544388500298044,6053.32393567824,"moving",29,-14.69295,145.44156,"run_day_11652_liz21_del_07_29.json","07",11652
145.441695,-14.693903,1751,3.55,2021-11-26 07:47:00,0.058424483498232,6496.50615683214,"moving",29,-14.69295,145.44156,"run_day_11652_liz21_del_07_29.json","07",11652
145.441847,-14.694404,1751,3.55,2021-11-26 07:59:00,0.0580580667225944,6455.76247034378,"moving",29,-14.69295,145.44156,"run_day_11652_liz21_del_07_29.json","07",11652
145.441581,-14.693465,1752,3.55,2021-11-26 07:23:00,0.0555949411182212,6181.87539944917,"moving",29,-14.69295,145.44156,"run_day_11652_liz21_del_07_29.json","07",11652
145.441717,-14.69398,1752,3.55,2021-11-26 07:35:00,0.0591041547109083,6572.0821474681,"moving",29,-14.69295,145.44156,"run_day_11652_liz21_del_07_29.json","07",11652
145.441875,-14.694482,1752,3.55,2021-11-26 07:47:00,0.0583494489696483,6488.16269793047,"moving",29,-14.69295,145.44156,"run_day_11652_liz21_del_07_29.json","07",11652
145.441672,-14.69368,1753,3.55,2021-11-26 08:08:00,0.0551275773732171,6129.90692210711,"moving",29,-14.69295,145.44156,"run_day_11652_liz21_del_07_29.json","07",11652
145.441792,-14.694163,1753,3.55,2021-11-26 08:20:00,0.055236295456149,6141.99582136366,"moving",29,-14.69295,145.44156,"run_day_11652_liz21_del_07_29.json","07",11652
145.441938,-14.694611,1753,3.55,2021-11-26 08:32:00,0.0522318472299176,5807.91642124049,"moving",29,-14.69295,145.44156,"run_day_11652_liz21_del_07_29.json","07",11652
145.441647,-14.693617,1754,3.55,2021-11-26 07:35:00,0.0556013084357159,6182.58341285091,"moving",29,-14.69295,145.44156,"run_day_11652_liz21_del_07_29.json","07",11652
145.441785,-14.694124,1754,3.55,2021-11-26 07:47:00,0.0582970830807162,6482.33987675198,"moving",29,-14.69295,145.44156,"run_day_11652_liz21_del_07_29.json","07",11652
145.441941,-14.694604,1754,3.55,2021-11-26 07:59:00,0.0559488524396564,6221.22854287484,"moving",29,-14.69295,145.44156,"run_day_11652_liz21_del_07_29.json","07",11652
145.441672,-14.693589,1755,3.55,2021-11-26 07:21:00,0.0553170670573952,6150.9772136392,"moving",29,-14.69295,145.44156,"run_day_11652_liz21_del_07_29.json","07",11652
145.441809,-14.694083,1755,3.55,2021-11-26 07:33:00,0.0568724165138193,6323.92418235293,"moving",29,-14.69295,145.44156,"run_day_11652_liz21_del_07_29.json","07",11652
145.441957,-14.694559,1755,3.55,2021-11-26 07:45:00,0.0552707689826406,6145.82910261308,"moving",29,-14.69295,145.44156,"run_day_11652_liz21_del_07_29.json","07",11652
145.441718,-14.693412,1756,3.55,2021-11-26 07:36:00,0.0513229553002236,5706.85224979033,"moving",29,-14.69295,145.44156,"run_day_11652_liz21_del_07_29.json","07",11652
145.441817,-14.693864,1756,3.55,2021-11-26 07:48:00,0.0513757164360862,5712.71902042226,"moving",29,-14.69295,145.44156,"run_day_11652_liz21_del_07_29.json","07",11652
145.44194,-14.694295,1756,3.55,2021-11-26 08:00:00,0.0497175091461508,5528.33478245641,"moving",29,-14.69295,145.44156,"run_day_11652_liz21_del_07_29.json","07",11652
145.441529,-14.693582,1757,3.55,2021-11-26 07:36:00,0.0577085514357717,6416.89814366438,"moving",29,-14.69295,145.44156,"run_day_11652_liz21_del_07_29.json","07",11652
145.441678,-14.694114,1757,3.55,2021-11-26 07:48:00,0.0612881358692262,6814.92977216036,"moving",29,-14.69295,145.44156,"run_day_11652_liz21_del_07_29.json","07",11652
145.441854,-14.694633,1757,3.55,2021-11-26 08:00:00,0.0607356270215623,6753.4935913739,"moving",29,-14.69295,145.44156,"run_day_11652_liz21_del_07_29.json","07",11652
145.441493,-14.693282,1758,3.55,2021-11-26 08:03:00,0.0554028898600576,6160.52027388567,"moving",29,-14.69295,145.44156,"run_day_11652_liz21_del_07_29.json","07",11652
145.441605,-14.693784,1758,3.55,2021-11-26 08:15:00,0.0571049497967287,6349.78070368845,"moving",29,-14.69295,145.44156,"run_day_11652_liz21_del_07_29.json","07",11652
145.441744,-14.694289,1758,3.55,2021-11-26 08:27:00,0.0581096269338751,6461.49570425491,"moving",29,-14.69295,145.44156,"run_day_11652_liz21_del_07_29.json","07",11652
145.441765,-14.693474,1759,3.55,2021-11-26 07:53:00,0.0493669301879247,5489.35218091334,"moving",29,-14.69295,145.44156,"run_day_11652_liz21_del_07_29.json","07",11652
145.441853,-14.693887,1759,3.55,2021-11-26 08:05:00,0.0468887737984475,5213.79376297168,"moving",29,-14.69295,145.44156,"run_day_11652_liz21_del_07_29.json","07",11652
145.441962,-14.694282,1759,3.55,2021-11-26 08:17:00,0.0454597645802046,5054.89518777476,"moving",29,-14.69295,145.44156,"run_day_11652_liz21_del_07_29.json","07",11652
145.44209,-14.694679,1759,3.55,2021-11-26 08:29:00,0.0462414177294855,5141.81105237054,"moving",29,-14.69295,145.44156,"run_day_11652_liz21_del_07_29.json","07",11652
145.441585,-14.693329,1760,3.55,2021-11-26 07:15:00,0.0545231167800222,6062.69397078728,"moving",29,-14.69295,145.44156,"run_day_11652_liz21_del_07_29.json","07",11652
145.441706,-14.693833,1760,3.55,2021-11-26 07:27:00,0.0575335730538846,6397.44143532606,"moving",29,-14.69295,145.44156,"run_day_11652_liz21_del_07_29.json","07",11652
145.441857,-14.69433,1760,3.55,2021-11-26 07:39:00,0.0576010036407632,6404.93937448762,"moving",29,-14.69295,145.44156,"run_day_11652_liz21_del_07_29.json","07",11652
145.441681,-14.693655,1761,3.55,2021-11-26 07:56:00,0.0553662147310418,6156.44218560508,"moving",29,-14.69295,145.44156,"run_day_11652_liz21_del_07_29.json","07",11652
145.441804,-14.694142,1761,3.55,2021-11-26 08:08:00,0.0557445561658861,6198.51183369918,"moving",29,-14.69295,145.44156,"run_day_11652_liz21_del_07_29.json","07",11652
145.441949,-14.694593,1761,3.55,2021-11-26 08:20:00,0.0525180536267743,5839.74112054417,"moving",29,-14.69295,145.44156,"run_day_11652_liz21_del_07_29.json","07",11652
145.441604,-14.693524,1762,3.55,2021-11-26 07:26:00,0.0556312446922285,6185.91217269785,"moving",29,-14.69295,145.44156,"run_day_11652_liz21_del_07_29.json","07",11652
145.441742,-14.694038,1762,3.55,2021-11-26 07:38:00,0.0590501296520568,6566.07483501214,"moving",29,-14.69295,145.44156,"run_day_11652_liz21_del_07_29.json","07",11652
145.4419,-14.694533,1762,3.55,2021-11-26 07:50:00,0.0576052733655996,6405.4141462276,"moving",29,-14.69295,145.44156,"run_day_11652_liz21_del_07_29.json","07",11652
145.441694,-14.693255,1763,3.55,2021-11-26 07:51:00,0.050190446538232,5580.92302107636,"moving",29,-14.69295,145.44156,"run_day_11652_liz21_del_07_29.json","07",11652
145.441775,-14.693713,1763,3.55,2021-11-26 08:03:00,0.0516671128120679,5745.12081907404,"moving",29,-14.69295,145.44156,"run_day_11652_liz21_del_07_29.json","07",11652
145.441883,-14.694135,1763,3.55,2021-11-26 08:15:00,0.0483407108411678,5375.24179592948,"moving",29,-14.69295,145.44156,"run_day_11652_liz21_del_07_29.json","07",11652
145.44201,-14.694547,1763,3.55,2021-11-26 08:27:00,0.047805437461839,5315.72211178022,"moving",29,-14.69295,145.44156,"run_day_11652_liz21_del_07_29.json","07",11652
145.441658,-14.693558,1764,3.55,2021-11-26 07:44:00,0.0547735917009635,6090.54551124765,"moving",29,-14.69295,145.44156,"run_day_11652_liz21_del_07_29.json","07",11652
145.441781,-14.694057,1764,3.55,2021-11-26 07:56:00,0.0570416534132139,6342.74246696666,"moving",29,-14.69295,145.44156,"run_day_11652_liz21_del_07_29.json","07",11652
145.441927,-14.694523,1764,3.55,2021-11-26 08:08:00,0.0541441016203704,6020.54940791262,"moving",29,-14.69295,145.44156,"run_day_11652_liz21_del_07_29.json","07",11652
145.441599,-14.693551,1765,3.55,2021-11-26 07:56:00,0.0560141526630981,6228.48959643031,"moving",29,-14.69295,145.44156,"run_day_11652_liz21_del_07_29.json","07",11652
145.441723,-14.694062,1765,3.55,2021-11-26 08:08:00,0.0583649139049168,6489.88232027321,"moving",29,-14.69295,145.44156,"run_day_11652_liz21_del_07_29.json","07",11652
145.441876,-14.694541,1765,3.55,2021-11-26 08:20:00,0.0557466829006561,6198.74831581593,"moving",29,-14.69295,145.44156,"run_day_11652_liz21_del_07_29.json","07",11652
145.441613,-14.693341,1766,3.55,2021-11-26 07:59:00,0.0531174873165042,5906.39510570196,"moving",29,-14.69295,145.44156,"run_day_11652_liz21_del_07_29.json","07",11652
145.441712,-14.693832,1766,3.55,2021-11-26 08:11:00,0.0556254131190166,6185.26373134233,"moving",29,-14.69295,145.44156,"run_day_11652_liz21_del_07_29.json","07",11652
145.441841,-14.694299,1766,3.55,2021-11-26 08:23:00,0.0537497551465414,5976.70008068267,"moving",29,-14.69295,145.44156,"run_day_11652_liz21_del_07_29.json","07",11652
145.441557,-14.693585,1767,3.55,2021-11-26 07:34:00,0.057174823412792,6357.55029530101,"moving",29,-14.69295,145.44156,"run_day_11652_liz21_del_07_29.json","07",11652
145.441704,-14.694112,1767,3.55,2021-11-26 07:46:00,0.0606952868413412,6749.00796799339,"moving",29,-14.69295,145.44156,"run_day_11652_liz21_del_07_29.json","07",11652
145.441876,-14.694623,1767,3.55,2021-11-26 07:58:00,0.0597564289929142,6644.61173840788,"moving",29,-14.69295,145.44156,"run_day_11652_liz21_del_07_29.json","07",11652
145.44169,-14.693364,1768,3.55,2021-11-26 07:39:00,0.0516206674267072,5739.95632785586,"moving",29,-14.69295,145.44156,"run_day_11652_liz21_del_07_29.json","07",11652
145.441787,-14.693835,1768,3.55,2021-11-26 07:51:00,0.0534018935901548,5938.01964043779,"moving",29,-14.69295,145.44156,"run_day_11652_liz21_del_07_29.json","07",11652
145.441911,-14.694277,1768,3.55,2021-11-26 08:03:00,0.0509256587944163,5662.67489397095,"moving",29,-14.69295,145.44156,"run_day_11652_liz21_del_07_29.json","07",11652
145.441662,-14.693169,1769,3.55,2021-11-26 07:27:00,0.0496771670758281,5523.8489489062,"moving",29,-14.69295,145.44156,"run_day_11652_liz21_del_07_29.json","07",11652
145.44175,-14.693637,1769,3.55,2021-11-26 07:39:00,0.0528930057746791,5881.43389712567,"moving",29,-14.69295,145.44156,"run_day_11652_liz21_del_07_29.json","07",11652
145.441869,-14.694085,1769,3.55,2021-11-26 07:51:00,0.0514333781808337,5719.13071389965,"moving",29,-14.69295,145.44156,"run_day_11652_liz21_del_07_29.json","07",11652
145.442002,-14.694522,1769,3.55,2021-11-26 08:03:00,0.0506541179321616,5632.48092771154,"moving",29,-14.69295,145.44156,"run_day_11652_liz21_del_07_29.json","07",11652
145.441656,-14.69345,1770,3.55,2021-11-26 07:58:00,0.0534287360871125,5941.00438991797,"moving",29,-14.69295,145.44156,"run_day_11652_liz21_del_07_29.json","07",11652
145.44176,-14.693937,1770,3.55,2021-11-26 08:10:00,0.0552952043271632,6148.5461889548,"moving",29,-14.69295,145.44156,"run_day_11652_liz21_del_07_29.json","07",11652
145.441891,-14.694387,1770,3.55,2021-11-26 08:22:00,0.0519836946064022,5780.32310847204,"moving",29,-14.69295,145.44156,"run_day_11652_liz21_del_07_29.json","07",11652
145.441785,-14.69359,1771,3.55,2021-11-26 07:19:00,0.0500617771622757,5566.61563925549,"moving",29,-14.69295,145.44156,"run_day_11652_liz21_del_07_29.json","07",11652
145.441901,-14.69401,1771,3.55,2021-11-26 07:31:00,0.0483397791920929,5375.13820127894,"moving",29,-14.69295,145.44156,"run_day_11652_liz21_del_07_29.json","07",11652
145.442023,-14.694442,1771,3.55,2021-11-26 07:43:00,0.0497962502502047,5537.0903937456,"moving",29,-14.69295,145.44156,"run_day_11652_liz21_del_07_29.json","07",11652
145.441543,-14.693266,1772,3.55,2021-11-26 07:45:00,0.0538487768775512,5987.71079479852,"moving",29,-14.69295,145.44156,"run_day_11652_liz21_del_07_29.json","07",11652
145.441653,-14.69377,1772,3.55,2021-11-26 07:57:00,0.0572775326759263,6368.97104428094,"moving",29,-14.69295,145.44156,"run_day_11652_liz21_del_07_29.json","07",11652
145.441793,-14.694274,1772,3.55,2021-11-26 08:09:00,0.0580299997241231,6452.64156250763,"moving",29,-14.69295,145.44156,"run_day_11652_liz21_del_07_29.json","07",11652
145.441533,-14.693337,1773,3.55,2021-11-26 07:43:00,0.0549452976752721,6109.63834446533,"moving",29,-14.69295,145.44156,"run_day_11652_liz21_del_07_29.json","07",11652
145.441652,-14.693849,1773,3.55,2021-11-26 07:55:00,0.0583528585814981,6488.54182946999,"moving",29,-14.69295,145.44156,"run_day_11652_liz21_del_07_29.json","07",11652
145.441802,-14.694359,1773,3.55,2021-11-26 08:07:00,0.0589597708100871,6556.02739020763,"moving",29,-14.69295,145.44156,"run_day_11652_liz21_del_07_29.json","07",11652
145.441665,-14.693149,1774,3.55,2021-11-26 07:49:00,0.0494447715272857,5498.0077429335,"moving",29,-14.69295,145.44156,"run_day_11652_liz21_del_07_29.json","07",11652
145.441746,-14.693615,1774,3.55,2021-11-26 08:01:00,0.0525441491449292,5842.64280977116,"moving",29,-14.69295,145.44156,"run_day_11652_liz21_del_07_29.json","07",11652
145.441849,-14.69405,1774,3.55,2021-11-26 08:13:00,0.0496222748617429,5517.74521318764,"moving",29,-14.69295,145.44156,"run_day_11652_liz21_del_07_29.json","07",11652
145.441974,-14.694466,1774,3.55,2021-11-26 08:25:00,0.0481713602280441,5356.41086692597,"moving",29,-14.69295,145.44156,"run_day_11652_liz21_del_07_29.json","07",11652
145.441533,-14.693477,1775,3.55,2021-11-26 07:49:00,0.0566184160066383,6295.68061458925,"moving",29,-14.69295,145.44156,"run_day_11652_liz21_del_07_29.json","07",11652
145.441663,-14.693999,1775,3.55,2021-11-26 08:01:00,0.0597041858652118,6638.80256765533,"moving",29,-14.69295,145.44156,"run_day_11652_liz21_del_07_29.json","07",11652
145.441823,-14.694505,1775,3.55,2021-11-26 08:13:00,0.0588376475197907,6542.44789990153,"moving",29,-14.69295,145.44156,"run_day_11652_liz21_del_07_29.json","07",11652
145.441569,-14.69365,1776,3.55,2021-11-26 07:22:00,0.0582741385570142,6479.78856212205,"moving",29,-14.69295,145.44156,"run_day_11652_liz21_del_07_29.json","07",11652
145.441727,-14.694178,1776,3.55,2021-11-26 07:34:00,0.0611209890358692,6796.34389228636,"moving",29,-14.69295,145.44156,"run_day_11652_liz21_del_07_29.json","07",11652
145.441902,-14.694689,1776,3.55,2021-11-26 07:46:00,0.0598571102035446,6655.80697823841,"moving",29,-14.69295,145.44156,"run_day_11652_liz21_del_07_29.json","07",11652
145.441751,-14.693426,1777,3.55,2021-11-26 07:15:00,0.0511942674951139,5692.5428187411,"moving",29,-14.69295,145.44156,"run_day_11652_liz21_del_07_29.json","07",11652
145.441852,-14.693852,1777,3.55,2021-11-26 07:27:00,0.0485987577438465,5403.93530234369,"moving",29,-14.69295,145.44156,"run_day_11652_liz21_del_07_29.json","07",11652
145.441975,-14.694276,1777,3.55,2021-11-26 07:39:00,0.048967645797364,5444.95378239463,"moving",29,-14.69295,145.44156,"run_day_11652_liz21_del_07_29.json","07",11652
145.441694,-14.693405,1778,3.55,2021-11-26 07:55:00,0.051979338529994,5779.83873487537,"moving",29,-14.69295,145.44156,"run_day_11652_liz21_del_07_29.json","07",11652
145.441787,-14.693872,1778,3.55,2021-11-26 08:07:00,0.0528826910018514,5880.28694671773,"moving",29,-14.69295,145.44156,"run_day_11652_liz21_del_07_29.json","07",11652
145.441907,-14.694301,1778,3.55,2021-11-26 08:19:00,0.0494179163961596,5495.02158859791,"moving",29,-14.69295,145.44156,"run_day_11652_liz21_del_07_29.json","07",11652
145.441765,-14.693282,1779,3.55,2021-11-26 08:01:00,0.0467735208503348,5200.97821986071,"moving",29,-14.69295,145.44156,"run_day_11652_liz21_del_07_29.json","07",11652
145.441832,-14.69367,1779,3.55,2021-11-26 08:13:00,0.0437413466188228,4863.81582861422,"moving",29,-14.69295,145.44156,"run_day_11652_liz21_del_07_29.json","07",11652
145.44192,-14.694039,1779,3.55,2021-11-26 08:25:00,0.0421084994778117,4682.25151054772,"moving",29,-14.69295,145.44156,"run_day_11652_liz21_del_07_29.json","07",11652
145.442027,-14.694411,1779,3.55,2021-11-26 08:37:00,0.0429356902505863,4774.23092784744,"moving",29,-14.69295,145.44156,"run_day_11652_liz21_del_07_29.json","07",11652
145.441655,-14.693475,1780,3.55,2021-11-26 07:34:00,0.0535748013097046,5957.24610162941,"moving",29,-14.69295,145.44156,"run_day_11652_liz21_del_07_29.json","07",11652
145.441775,-14.693972,1780,3.55,2021-11-26 07:46:00,0.0567510968566458,6310.43405197298,"moving",29,-14.69295,145.44156,"run_day_11652_liz21_del_07_29.json","07",11652
145.441918,-14.694441,1780,3.55,2021-11-26 07:58:00,0.0543712765862066,6045.81011157426,"moving",29,-14.69295,145.44156,"run_day_11652_liz21_del_07_29.json","07",11652
145.441588,-14.693255,1781,3.55,2021-11-26 07:12:00,0.0539095397925213,5994.46732267133,"moving",29,-14.69295,145.44156,"run_day_11652_liz21_del_07_29.json","07",11652
145.441701,-14.693753,1781,3.55,2021-11-26 07:24:00,0.0566932188908111,6303.99831580765,"moving",29,-14.69295,145.44156,"run_day_11652_liz21_del_07_29.json","07",11652
145.441847,-14.694245,1781,3.55,2021-11-26 07:36:00,0.0569170859521718,6328.89119727379,"moving",29,-14.69295,145.44156,"run_day_11652_liz21_del_07_29.json","07",11652
145.441554,-14.693403,1782,3.55,2021-11-26 07:50:00,0.0554143471661827,6161.7942681998,"moving",29,-14.69295,145.44156,"run_day_11652_liz21_del_07_29.json","07",11652
145.441672,-14.693916,1782,3.55,2021-11-26 08:02:00,0.0584378953861223,6497.99749072226,"moving",29,-14.69295,145.44156,"run_day_11652_liz21_del_07_29.json","07",11652
145.441822,-14.694414,1782,3.55,2021-11-26 08:14:00,0.0576775148057952,6413.44702787085,"moving",29,-14.69295,145.44156,"run_day_11652_liz21_del_07_29.json","07",11652
145.441584,-14.693238,1783,3.55,2021-11-26 07:41:00,0.0524902157298421,5836.64568763686,"moving",29,-14.69295,145.44156,"run_day_11652_liz21_del_07_29.json","07",11652
145.441686,-14.693734,1783,3.55,2021-11-26 07:53:00,0.0562332692356367,6252.85424764034,"moving",29,-14.69295,145.44156,"run_day_11652_liz21_del_07_29.json","07",11652
145.441819,-14.694225,1783,3.55,2021-11-26 08:05:00,0.0564397081751868,6275.80921038019,"moving",29,-14.69295,145.44156,"run_day_11652_liz21_del_07_29.json","07",11652
145.441972,-14.694681,1783,3.55,2021-11-26 08:17:00,0.0533085148491081,5927.63639817694,"moving",29,-14.69295,145.44156,"run_day_11652_liz21_del_07_29.json","07",11652
145.441718,-14.693497,1784,3.55,2021-11-26 07:23:00,0.0528424262753015,5875.80971340265,"moving",29,-14.69295,145.44156,"run_day_11652_liz21_del_07_29.json","07",11652
145.441834,-14.693957,1784,3.55,2021-11-26 07:35:00,0.0526493886819864,5854.34491237434,"moving",29,-14.69295,145.44156,"run_day_11652_liz21_del_07_29.json","07",11652
145.441965,-14.694405,1784,3.55,2021-11-26 07:47:00,0.051769664539823,5756.52405091904,"moving",29,-14.69295,145.44156,"run_day_11652_liz21_del_07_29.json","07",11652
145.441601,-14.693405,1785,3.55,2021-11-26 07:49:00,0.0542290157742503,6029.99143102438,"moving",29,-14.69295,145.44156,"run_day_11652_liz21_del_07_29.json","07",11652
145.441713,-14.693911,1785,3.55,2021-11-26 08:01:00,0.0575397951860335,6398.13330485393,"moving",29,-14.69295,145.44156,"run_day_11652_liz21_del_07_29.json","07",11652
145.441855,-14.694391,1785,3.55,2021-11-26 08:13:00,0.0555158517246267,6173.08106013006,"moving",29,-14.69295,145.44156,"run_day_11652_liz21_del_07_29.json","07",11652
145.441463,-14.69346,1786,3.55,2021-11-26 08:09:00,0.0576576113124785,6411.23386039153,"moving",29,-14.69295,145.44156,"run_day_11652_liz21_del_07_29.json","07",11652
145.441589,-14.693976,1786,3.55,2021-11-26 08:21:00,0.0589553938178415,6555.54069087596,"moving",29,-14.69295,145.44156,"run_day_11652_liz21_del_07_29.json","07",11652
145.441751,-14.694486,1786,3.55,2021-11-26 08:33:00,0.0593259442251119,6596.74401623049,"moving",29,-14.69295,145.44156,"run_day_11652_liz21_del_07_29.json","07",11652
145.441538,-14.693465,1787,3.55,2021-11-26 07:21:00,0.0569013479261068,6327.14120861995,"moving",29,-14.69295,145.44156,"run_day_11652_liz21_del_07_29.json","07",11652
145.44168,-14.693985,1787,3.55,2021-11-26 07:33:00,0.0598045413887095,6649.96159272903,"moving",29,-14.69295,145.44156,"run_day_11652_liz21_del_07_29.json","07",11652
145.441846,-14.694502,1787,3.55,2021-11-26 07:45:00,0.0601966182931545,6693.55855535781,"moving",29,-14.69295,145.44156,"run_day_11652_liz21_del_07_29.json","07",11652
145.441523,-14.693412,1788,3.55,2021-11-26 08:02:00,0.0560282673746806,6230.05908074933,"moving",29,-14.69295,145.44156,"run_day_11652_liz21_del_07_29.json","07",11652
145.44164,-14.693921,1788,3.55,2021-11-26 08:14:00,0.0579803728092191,6447.12330134528,"moving",29,-14.69295,145.44156,"run_day_11652_liz21_del_07_29.json","07",11652
145.44179,-14.694421,1788,3.55,2021-11-26 08:26:00,0.0578910603293472,6437.19220669749,"moving",29,-14.69295,145.44156,"run_day_11652_liz21_del_07_29.json","07",11652
145.441728,-14.693175,1789,3.55,2021-11-26 08:05:00,0.0478137814144013,5316.64991697332,"moving",29,-14.69295,145.44156,"run_day_11652_liz21_del_07_29.json","07",11652
145.441795,-14.693583,1789,3.55,2021-11-26 08:17:00,0.045936317795335,5107.88548757341,"moving",29,-14.69295,145.44156,"run_day_11652_liz21_del_07_29.json","07",11652
145.44188,-14.693968,1789,3.55,2021-11-26 08:29:00,0.0437753885767585,4867.60112162971,"moving",29,-14.69295,145.44156,"run_day_11652_liz21_del_07_29.json","07",11652
145.441986,-14.694346,1789,3.55,2021-11-26 08:41:00,0.0435505320041472,4842.59821153265,"moving",29,-14.69295,145.44156,"run_day_11652_liz21_del_07_29.json","07",11652
145.441703,-14.693235,1790,3.55,2021-11-26 07:34:00,0.0495540526965944,5510.15925453842,"moving",29,-14.69295,145.44156,"run_day_11652_liz21_del_07_29.json","07",11652
145.441786,-14.693683,1790,3.55,2021-11-26 07:46:00,0.0506089367137728,5627.45700544708,"moving",29,-14.69295,145.44156,"run_day_11652_liz21_del_07_29.json","07",11652
145.441898,-14.694108,1790,3.55,2021-11-26 07:58:00,0.0487690742591658,5422.87363477098,"moving",29,-14.69295,145.44156,"run_day_11652_liz21_del_07_29.json","07",11652
145.442025,-14.694528,1790,3.55,2021-11-26 08:10:00,0.0486585732308725,5410.58648103576,"moving",29,-14.69295,145.44156,"run_day_11652_liz21_del_07_29.json","07",11652
145.441626,-14.693155,1791,3.55,2021-11-26 07:38:00,0.0503079813337903,5593.99229404665,"moving",29,-14.69295,145.44156,"run_day_11652_liz21_del_07_29.json","07",11652
145.441716,-14.693637,1791,3.55,2021-11-26 07:50:00,0.0544631427349822,6056.02516124847,"moving",29,-14.69295,145.44156,"run_day_11652_liz21_del_07_29.json","07",11652
145.441835,-14.694104,1791,3.55,2021-11-26 08:02:00,0.0534822020484383,5946.94953356557,"moving",29,-14.69295,145.44156,"run_day_11652_liz21_del_07_29.json","07",11652
145.441972,-14.694545,1791,3.55,2021-11-26 08:14:00,0.0512030987571137,5693.52481027136,"moving",29,-14.69295,145.44156,"run_day_11652_liz21_del_07_29.json","07",11652
145.441585,-14.693316,1792,3.55,2021-11-26 08:02:00,0.0534229405794109,5940.35995886421,"moving",29,-14.69295,145.44156,"run_day_11652_liz21_del_07_29.json","07",11652
145.441685,-14.693808,1792,3.55,2021-11-26 08:14:00,0.0557552053457866,6199.69596847705,"moving",29,-14.69295,145.44156,"run_day_11652_liz21_del_07_29.json","07",11652
145.441815,-14.694286,1792,3.55,2021-11-26 08:26:00,0.0549596173697378,6111.23062184101,"moving",29,-14.69295,145.44156,"run_day_11652_liz21_del_07_29.json","07",11652
145.441613,-14.693287,1793,3.55,2021-11-26 07:27:00,0.0524902151842773,5836.64562697282,"moving",29,-14.69295,145.44156,"run_day_11652_liz21_del_07_29.json","07",11652
145.441721,-14.693781,1793,3.55,2021-11-26 07:39:00,0.056145132401836,6243.0538788712,"moving",29,-14.69295,145.44156,"run_day_11652_liz21_del_07_29.json","07",11652
145.44186,-14.694263,1793,3.55,2021-11-26 07:51:00,0.0556421291101863,6187.12246475424,"moving",29,-14.69295,145.44156,"run_day_11652_liz21_del_07_29.json","07",11652
145.441592,-14.693681,1794,3.55,2021-11-26 07:58:00,0.0575852190015939,6403.18420269308,"moving",29,-14.69295,145.44156,"run_day_11652_liz21_del_07_29.json","07",11652
145.44173,-14.694197,1794,3.55,2021-11-26 08:10:00,0.059265402853763,6590.0121228844,"moving",29,-14.69295,145.44156,"run_day_11652_liz21_del_07_29.json","07",11652
145.441895,-14.69468,1794,3.55,2021-11-26 08:22:00,0.0565633842585935,6289.56136340229,"moving",29,-14.69295,145.44156,"run_day_11652_liz21_del_07_29.json","07",11652
145.441537,-14.693472,1795,3.55,2021-11-26 07:46:00,0.0565101053353135,6283.63701743647,"moving",29,-14.69295,145.44156,"run_day_11652_liz21_del_07_29.json","07",11652
145.441668,-14.693993,1795,3.55,2021-11-26 07:58:00,0.0596214164463965,6629.59902820175,"moving",29,-14.69295,145.44156,"run_day_11652_liz21_del_07_29.json","07",11652
145.441829,-14.694502,1795,3.55,2021-11-26 08:10:00,0.0591881041609356,6581.41690040573,"moving",29,-14.69295,145.44156,"run_day_11652_liz21_del_07_29.json","07",11652
145.441726,-14.693289,1796,3.55,2021-11-26 07:16:00,0.0507761850446532,5646.05417133076,"moving",29,-14.69295,145.44156,"run_day_11652_liz21_del_07_29.json","07",11652
145.441815,-14.69372,1796,3.55,2021-11-26 07:28:00,0.0488717050849776,5434.28566191859,"moving",29,-14.69295,145.44156,"run_day_11652_liz21_del_07_29.json","07",11652
145.441934,-14.694141,1796,3.55,2021-11-26 07:40:00,0.0485313140278574,5396.43590329165,"moving",29,-14.69295,145.44156,"run_day_11652_liz21_del_07_29.json","07",11652
145.442062,-14.694572,1796,3.55,2021-11-26 07:52:00,0.0498633034604821,5544.54637054368,"moving",29,-14.69295,145.44156,"run_day_11652_liz21_del_07_29.json","07",11652
145.441566,-14.693562,1797,3.55,2021-11-26 07:55:00,0.0568249476325662,6318.64588358409,"moving",29,-14.69295,145.44156,"run_day_11652_liz21_del_07_29.json","07",11652
145.441697,-14.69408,1797,3.55,2021-11-26 08:07:00,0.0592973319695847,6593.56247857602,"moving",29,-14.69295,145.44156,"run_day_11652_liz21_del_07_29.json","07",11652
145.441857,-14.694572,1797,3.55,2021-11-26 08:19:00,0.0573508012309825,6377.11813588577,"moving",29,-14.69295,145.44156,"run_day_11652_liz21_del_07_29.json","07",11652
145.441518,-14.693534,1798,3.55,2021-11-26 07:23:00,0.0579204988275052,6440.46561834069,"moving",29,-14.69295,145.44156,"run_day_11652_liz21_del_07_29.json","07",11652
145.44167,-14.694062,1798,3.55,2021-11-26 07:35:00,0.0609447098084609,6776.74253652572,"moving",29,-14.69295,145.44156,"run_day_11652_liz21_del_07_29.json","07",11652
145.441845,-14.694586,1798,3.55,2021-11-26 07:47:00,0.0612310036755252,6808.57696207273,"moving",29,-14.69295,145.44156,"run_day_11652_liz21_del_07_29.json","07",11652
145.441739,-14.693559,1799,3.55,2021-11-26 07:52:00,0.0524524755856453,5832.44917507133,"moving",29,-14.69295,145.44156,"run_day_11652_liz21_del_07_29.json","07",11652
145.441843,-14.694002,1799,3.55,2021-11-26 08:04:00,0.0505134822269644,5616.84295078852,"moving",29,-14.69295,145.44156,"run_day_11652_liz21_del_07_29.json","07",11652
145.441966,-14.694423,1799,3.55,2021-11-26 08:16:00,0.0486465473269882,5409.24926153551,"moving",29,-14.69295,145.44156,"run_day_11652_liz21_del_07_29.json","07",11652
145.441772,-14.69331,1800,3.55,2021-11-26 08:03:00,0.046317160326995,5150.23324494448,"moving",29,-14.69295,145.44156,"run_day_11652_liz21_del_07_29.json","07",11652
145.441839,-14.693693,1800,3.55,2021-11-26 08:15:00,0.0431930662289743,4802.84983088437,"moving",29,-14.69295,145.44156,"run_day_11652_liz21_del_07_29.json","07",11652
145.441927,-14.694058,1800,3.55,2021-11-26 08:27:00,0.0416752215574389,4634.07320397515,"moving",29,-14.69295,145.44156,"run_day_11652_liz21_del_07_29.json","07",11652
145.442035,-14.694429,1800,3.55,2021-11-26 08:39:00,0.0428576022605207,4765.54793952027,"moving",29,-14.69295,145.44156,"run_day_11652_liz21_del_07_29.json","07",11652
145.441773,-14.693184,1801,3.55,2021-11-26 08:02:00,0.0447287323702386,4973.60811481278,"moving",29,-14.69295,145.44156,"run_day_11652_liz21_del_07_29.json","07",11652
145.441833,-14.693552,1801,3.55,2021-11-26 08:14:00,0.041425503804276,4606.30585673036,"moving",29,-14.69295,145.44156,"run_day_11652_liz21_del_07_29.json","07",11652
145.441909,-14.693903,1801,3.55,2021-11-26 08:26:00,0.0398762705713296,4434.03898103757,"moving",29,-14.69295,145.44156,"run_day_11652_liz21_del_07_29.json","07",11652
145.442004,-14.694253,1801,3.55,2021-11-26 08:38:00,0.0402372497520554,4474.17803455858,"moving",29,-14.69295,145.44156,"run_day_11652_liz21_del_07_29.json","07",11652
145.442118,-14.694621,1801,3.55,2021-11-26 08:50:00,0.042717346530787,4749.95221394105,"moving",29,-14.69295,145.44156,"run_day_11652_liz21_del_07_29.json","07",11652
145.441665,-14.693239,1802,3.55,2021-11-26 07:52:00,0.0507267570261713,5640.55802644148,"moving",29,-14.69295,145.44156,"run_day_11652_liz21_del_07_29.json","07",11652
145.44175,-14.693713,1802,3.55,2021-11-26 08:04:00,0.0534934469716592,5948.19991197824,"moving",29,-14.69295,145.44156,"run_day_11652_liz21_del_07_29.json","07",11652
145.441861,-14.694151,1802,3.55,2021-11-26 08:16:00,0.0501453679925255,5575.91051549328,"moving",29,-14.69295,145.44156,"run_day_11652_liz21_del_07_29.json","07",11652
145.441994,-14.694573,1802,3.55,2021-11-26 08:28:00,0.0490563492068467,5454.81715150518,"moving",29,-14.69295,145.44156,"run_day_11652_liz21_del_07_29.json","07",11652
145.441675,-14.693342,1803,3.55,2021-11-26 07:54:00,0.0517098744404659,5749.87569520695,"moving",29,-14.69295,145.44156,"run_day_11652_liz21_del_07_29.json","07",11652
145.441766,-14.693817,1803,3.55,2021-11-26 08:06:00,0.0537168427088824,5973.04038459148,"moving",29,-14.69295,145.44156,"run_day_11652_liz21_del_07_29.json","07",11652
145.441885,-14.694254,1803,3.55,2021-11-26 08:18:00,0.0502496323868303,5587.50418716963,"moving",29,-14.69295,145.44156,"run_day_11652_liz21_del_07_29.json","07",11652
145.442024,-14.694676,1803,3.55,2021-11-26 08:30:00,0.0492484046266082,5476.17273981725,"moving",29,-14.69295,145.44156,"run_day_11652_liz21_del_07_29.json","07",11652
145.441648,-14.693288,1804,3.55,2021-11-26 07:15:00,0.0526169097206747,5850.73341665379,"moving",29,-14.69295,145.44156,"run_day_11652_liz21_del_07_29.json","07",11652
145.441753,-14.693773,1804,3.55,2021-11-26 07:27:00,0.055099378126073,6126.77130888949,"moving",29,-14.69295,145.44156,"run_day_11652_liz21_del_07_29.json","07",11652
145.44189,-14.694239,1804,3.55,2021-11-26 07:39:00,0.0538713163327829,5990.21706786961,"moving",29,-14.69295,145.44156,"run_day_11652_liz21_del_07_29.json","07",11652
145.441637,-14.693277,1805,3.55,2021-11-26 07:23:00,0.052073040455553,5790.25791361436,"moving",29,-14.69295,145.44156,"run_day_11652_liz21_del_07_29.json","07",11652
145.44174,-14.693764,1805,3.55,2021-11-26 07:35:00,0.0552735476852309,6146.13808024376,"moving",29,-14.69295,145.44156,"run_day_11652_liz21_del_07_29.json","07",11652
145.441875,-14.694233,1805,3.55,2021-11-26 07:47:00,0.0541341594674726,6019.44389095046,"moving",29,-14.69295,145.44156,"run_day_11652_liz21_del_07_29.json","07",11652
145.442025,-14.694689,1805,3.55,2021-11-26 07:59:00,0.0532097901445338,5916.6587118938,"moving",29,-14.69295,145.44156,"run_day_11652_liz21_del_07_29.json","07",11652
145.441669,-14.693634,1806,3.55,2021-11-26 07:51:00,0.0555162804929518,6173.12873699252,"moving",29,-14.69295,145.44156,"run_day_11652_liz21_del_07_29.json","07",11652
145.441795,-14.694129,1806,3.55,2021-11-26 08:03:00,0.0566853727472676,6303.12586445189,"moving",29,-14.69295,145.44156,"run_day_11652_liz21_del_07_29.json","07",11652
145.441943,-14.694588,1806,3.55,2021-11-26 08:15:00,0.053463324646676,5944.85046226137,"moving",29,-14.69295,145.44156,"run_day_11652_liz21_del_07_29.json","07",11652
145.441695,-14.693322,1807,3.55,2021-11-26 07:34:00,0.0508359577149046,5652.70058901471,"moving",29,-14.69295,145.44156,"run_day_11652_liz21_del_07_29.json","07",11652
145.441788,-14.693786,1807,3.55,2021-11-26 07:46:00,0.0525551668474537,5843.86792239516,"moving",29,-14.69295,145.44156,"run_day_11652_liz21_del_07_29.json","07",11652
145.44191,-14.694223,1807,3.55,2021-11-26 07:58:00,0.0503327907281977,5596.75097283787,"moving",29,-14.69295,145.44156,"run_day_11652_liz21_del_07_29.json","07",11652
145.442048,-14.694652,1807,3.55,2021-11-26 08:10:00,0.0499585336325634,5555.1354825426,"moving",29,-14.69295,145.44156,"run_day_11652_liz21_del_07_29.json","07",11652
145.441555,-14.693218,1808,3.55,2021-11-26 07:45:00,0.0528859740441658,5880.65200436705,"moving",29,-14.69295,145.44156,"run_day_11652_liz21_del_07_29.json","07",11652
145.44166,-14.693717,1808,3.55,2021-11-26 07:57:00,0.0566239551918646,6296.29654388416,"moving",29,-14.69295,145.44156,"run_day_11652_liz21_del_07_29.json","07",11652
145.441793,-14.694216,1808,3.55,2021-11-26 08:09:00,0.0573006634510736,6371.54306912668,"moving",29,-14.69295,145.44156,"run_day_11652_liz21_del_07_29.json","07",11652
145.441948,-14.694678,1808,3.55,2021-11-26 08:21:00,0.0540095059503119,6005.58305225379,"moving",29,-14.69295,145.44156,"run_day_11652_liz21_del_07_29.json","07",11652
145.441476,-14.693573,1809,3.55,2021-11-26 08:09:00,0.0584144536301571,6495.3908863873,"moving",29,-14.69295,145.44156,"run_day_11652_liz21_del_07_29.json","07",11652
145.441611,-14.694093,1809,3.55,2021-11-26 08:21:00,0.0596167011756165,6629.07471401326,"moving",29,-14.69295,145.44156,"run_day_11652_liz21_del_07_29.json","07",11652
145.441782,-14.694602,1809,3.55,2021-11-26 08:33:00,0.0595116761387472,6617.39646274273,"moving",29,-14.69295,145.44156,"run_day_11652_liz21_del_07_29.json","07",11652
145.441631,-14.693393,1810,3.55,2021-11-26 07:34:00,0.0532054042720509,5916.1710251248,"moving",29,-14.69295,145.44156,"run_day_11652_liz21_del_07_29.json","07",11652
145.441745,-14.693893,1810,3.55,2021-11-26 07:46:00,0.0569335240961262,6330.71903548497,"moving",29,-14.69295,145.44156,"run_day_11652_liz21_del_07_29.json","07",11652
145.441886,-14.694369,1810,3.55,2021-11-26 07:58:00,0.0550586482690137,6122.24235542154,"moving",29,-14.69295,145.44156,"run_day_11652_liz21_del_07_29.json","07",11652
145.441654,-14.693533,1811,3.55,2021-11-26 07:38:00,0.0544678915892345,6056.55320974871,"moving",29,-14.69295,145.44156,"run_day_11652_liz21_del_07_29.json","07",11652
145.441779,-14.694033,1811,3.55,2021-11-26 07:50:00,0.0572000029063938,6360.35012724501,"moving",29,-14.69295,145.44156,"run_day_11652_liz21_del_07_29.json","07",11652
145.441926,-14.694505,1811,3.55,2021-11-26 08:02:00,0.0548138648110739,6095.02367677212,"moving",29,-14.69295,145.44156,"run_day_11652_liz21_del_07_29.json","07",11652
145.441512,-14.693411,1812,3.55,2021-11-26 07:52:00,0.0564510127800786,6277.06622509189,"moving",29,-14.69295,145.44156,"run_day_11652_liz21_del_07_29.json","07",11652
145.441636,-14.693929,1812,3.55,2021-11-26 08:04:00,0.0591229526888023,6574.17238724109,"moving",29,-14.69295,145.44156,"run_day_11652_liz21_del_07_29.json","07",11652
145.441792,-14.694438,1812,3.55,2021-11-26 08:16:00,0.0590330024535498,6564.17037743053,"moving",29,-14.69295,145.44156,"run_day_11652_liz21_del_07_29.json","07",11652
145.441547,-14.693527,1813,3.55,2021-11-26 07:49:00,0.056919334255341,6329.14119717976,"moving",29,-14.69295,145.44156,"run_day_11652_liz21_del_07_29.json","07",11652
145.44168,-14.694049,1813,3.55,2021-11-26 08:01:00,0.0597805779346735,6647.29697821535,"moving",29,-14.69295,145.44156,"run_day_11652_liz21_del_07_29.json","07",11652
145.441843,-14.694552,1813,3.55,2021-11-26 08:13:00,0.0586144348338914,6517.62778166682,"moving",29,-14.69295,145.44156,"run_day_11652_liz21_del_07_29.json","07",11652
145.441573,-14.693435,1814,3.55,2021-11-26 07:33:00,0.0550047677768914,6116.25111805243,"moving",29,-14.69295,145.44156,"run_day_11652_liz21_del_07_29.json","07",11652
145.441701,-14.693949,1814,3.55,2021-11-26 07:45:00,0.0587889868427821,6537.03707949108,"moving",29,-14.69295,145.44156,"run_day_11652_liz21_del_07_29.json","07",11652
145.441857,-14.694452,1814,3.55,2021-11-26 07:57:00,0.0583936574823778,6493.07846026049,"moving",29,-14.69295,145.44156,"run_day_11652_liz21_del_07_29.json","07",11652
145.441741,-14.693502,1815,3.55,2021-11-26 08:03:00,0.0512670784262106,5700.63902488333,"moving",29,-14.69295,145.44156,"run_day_11652_liz21_del_07_29.json","07",11652
145.441832,-14.69393,1815,3.55,2021-11-26 08:15:00,0.0485875016600135,5402.68368292758,"moving",29,-14.69295,145.44156,"run_day_11652_liz21_del_07_29.json","07",11652
145.441947,-14.694336,1815,3.55,2021-11-26 08:27:00,0.0468089787794978,5204.92096169296,"moving",29,-14.69295,145.44156,"run_day_11652_liz21_del_07_29.json","07",11652
145.441553,-14.693235,1816,3.55,2021-11-26 07:35:00,0.0529577848999746,5888.637007211,"moving",29,-14.69295,145.44156,"run_day_11652_liz21_del_07_29.json","07",11652
145.441663,-14.693735,1816,3.55,2021-11-26 07:47:00,0.0568424200389522,6320.58872653049,"moving",29,-14.69295,145.44156,"run_day_11652_liz21_del_07_29.json","07",11652
145.441804,-14.694241,1816,3.55,2021-11-26 07:59:00,0.0582727009258054,6479.62870482524,"moving",29,-14.69295,145.44156,"run_day_11652_liz21_del_07_29.json","07",11652
145.441964,-14.69471,1816,3.55,2021-11-26 08:11:00,0.0549165331651338,6106.43987687053,"moving",29,-14.69295,145.44156,"run_day_11652_liz21_del_07_29.json","07",11652
145.441779,-14.693262,1817,3.55,2021-11-26 07:22:00,0.0458602069577827,5099.42234857493,"moving",29,-14.69295,145.44156,"run_day_11652_liz21_del_07_29.json","07",11652
145.441852,-14.693639,1817,3.55,2021-11-26 07:34:00,0.0426494730279752,4742.40502477478,"moving",29,-14.69295,145.44156,"run_day_11652_liz21_del_07_29.json","07",11652
145.441952,-14.694015,1817,3.55,2021-11-26 07:46:00,0.0431706477233374,4800.35700679459,"moving",29,-14.69295,145.44156,"run_day_11652_liz21_del_07_29.json","07",11652
145.442061,-14.694406,1817,3.55,2021-11-26 07:58:00,0.045030174785591,5007.12698207545,"moving",29,-14.69295,145.44156,"run_day_11652_liz21_del_07_29.json","07",11652
145.441744,-14.693514,1818,3.55,2021-11-26 07:59:00,0.0513942640992845,5714.78142647102,"moving",29,-14.69295,145.44156,"run_day_11652_liz21_del_07_29.json","07",11652
145.441837,-14.693943,1818,3.55,2021-11-26 08:11:00,0.0487401153057213,5419.65354606701,"moving",29,-14.69295,145.44156,"run_day_11652_liz21_del_07_29.json","07",11652
145.441953,-14.694352,1818,3.55,2021-11-26 08:23:00,0.0471591305978524,5243.85606744936,"moving",29,-14.69295,145.44156,"run_day_11652_liz21_del_07_29.json","07",11652
145.441733,-14.693229,1819,3.55,2021-11-26 07:12:00,0.0499523711120274,5554.45024152366,"moving",29,-14.69295,145.44156,"run_day_11652_liz21_del_07_29.json","07",11652
145.441815,-14.693648,1819,3.55,2021-11-26 07:24:00,0.0474181372874861,5272.65629730363,"moving",29,-14.69295,145.44156,"run_day_11652_liz21_del_07_29.json","07",11652
145.441929,-14.694057,1819,3.55,2021-11-26 07:36:00,0.0471026790878433,5237.57894593492,"moving",29,-14.69295,145.44156,"run_day_11652_liz21_del_07_29.json","07",11652
145.442049,-14.694481,1819,3.55,2021-11-26 07:48:00,0.048881452446403,5435.36951905727,"moving",29,-14.69295,145.44156,"run_day_11652_liz21_del_07_29.json","07",11652
145.441563,-14.693516,1820,3.55,2021-11-26 07:56:00,0.0563674383138894,6267.77316845463,"moving",29,-14.69295,145.44156,"run_day_11652_liz21_del_07_29.json","07",11652
145.441688,-14.69403,1820,3.55,2021-11-26 08:08:00,0.0587142582180487,6528.7276355456,"moving",29,-14.69295,145.44156,"run_day_11652_liz21_del_07_29.json","07",11652
145.441844,-14.694522,1820,3.55,2021-11-26 08:20:00,0.0572231740460558,6362.92664041999,"moving",29,-14.69295,145.44156,"run_day_11652_liz21_del_07_29.json","07",11652
145.441668,-14.693339,1821,3.55,2021-11-26 07:31:00,0.0516366177428686,5741.72992209139,"moving",29,-14.69295,145.44156,"run_day_11652_liz21_del_07_29.json","07",11652
145.44177,-14.693821,1821,3.55,2021-11-26 07:43:00,0.0547072966743047,6083.17384062143,"moving",29,-14.69295,145.44156,"run_day_11652_liz21_del_07_29.json","07",11652
145.441901,-14.694276,1821,3.55,2021-11-26 07:55:00,0.0525190748365595,5839.85467389132,"moving",29,-14.69295,145.44156,"run_day_11652_liz21_del_07_29.json","07",11652
145.441595,-14.693352,1822,3.55,2021-11-26 08:04:00,0.053509566811851,5949.99235642589,"moving",29,-14.69295,145.44156,"run_day_11652_liz21_del_07_29.json","07",11652
145.441696,-14.693843,1822,3.55,2021-11-26 08:16:00,0.0556669929008911,6189.88719213776,"moving",29,-14.69295,145.44156,"run_day_11652_liz21_del_07_29.json","07",11652
145.441827,-14.694317,1822,3.55,2021-11-26 08:28:00,0.0545572692716249,6066.49155458576,"moving",29,-14.69295,145.44156,"run_day_11652_liz21_del_07_29.json","07",11652
145.441646,-14.693305,1823,3.55,2021-11-26 07:11:00,0.0534007394545048,5937.89130640885,"moving",29,-14.69295,145.44156,"run_day_11652_liz21_del_07_29.json","07",11652
145.441755,-14.693795,1823,3.55,2021-11-26 07:23:00,0.0557325791200977,6197.18004697133,"moving",29,-14.69295,145.44156,"run_day_11652_liz21_del_07_29.json","07",11652
145.441894,-14.694262,1823,3.55,2021-11-26 07:35:00,0.0540373994693407,6008.68467005605,"moving",29,-14.69295,145.44156,"run_day_11652_liz21_del_07_29.json","07",11652
145.441718,-14.693373,1824,3.55,2021-11-26 07:56:00,0.0510096229996626,5672.01128761408,"moving",29,-14.69295,145.44156,"run_day_11652_liz21_del_07_29.json","07",11652
145.441803,-14.693817,1824,3.55,2021-11-26 08:08:00,0.0502099156867186,5583.08789161415,"moving",29,-14.69295,145.44156,"run_day_11652_liz21_del_07_29.json","07",11652
145.441913,-14.694229,1824,3.55,2021-11-26 08:20:00,0.0473154290460558,5261.235661932,"moving",29,-14.69295,145.44156,"run_day_11652_liz21_del_07_29.json","07",11652
145.442044,-14.694636,1824,3.55,2021-11-26 08:32:00,0.0473990164713219,5270.53015955286,"moving",29,-14.69295,145.44156,"run_day_11652_liz21_del_07_29.json","07",11652
145.441767,-14.693612,1825,3.55,2021-11-26 07:33:00,0.0513036773843237,5704.70864334598,"moving",29,-14.69295,145.44156,"run_day_11652_liz21_del_07_29.json","07",11652
145.441882,-14.694047,1825,3.55,2021-11-26 07:45:00,0.0499262868412298,5551.54980294575,"moving",29,-14.69295,145.44156,"run_day_11652_liz21_del_07_29.json","07",11652
145.44201,-14.694479,1825,3.55,2021-11-26 07:57:00,0.0499701870649084,5556.43128509737,"moving",29,-14.69295,145.44156,"run_day_11652_liz21_del_07_29.json","07",11652
145.441503,-14.69361,1826,3.55,2021-11-26 08:02:00,0.058606029247513,6516.69312310607,"moving",29,-14.69295,145.44156,"run_day_11652_liz21_del_07_29.json","07",11652
145.441642,-14.694133,1826,3.55,2021-11-26 08:14:00,0.060045968257071,6676.80703564651,"moving",29,-14.69295,145.44156,"run_day_11652_liz21_del_07_29.json","07",11652
145.441815,-14.69464,1826,3.55,2021-11-26 08:26:00,0.0593672846009159,6601.34085628548,"moving",29,-14.69295,145.44156,"run_day_11652_liz21_del_07_29.json","07",11652
145.441627,-14.693614,1827,3.55,2021-11-26 08:07:00,0.0555579423277998,6177.76132166232,"moving",29,-14.69295,145.44156,"run_day_11652_liz21_del_07_29.json","07",11652
145.441748,-14.694111,1827,3.55,2021-11-26 08:19:00,0.0567756537581421,6313.16465483348,"moving",29,-14.69295,145.44156,"run_day_11652_liz21_del_07_29.json","07",11652
145.441898,-14.694574,1827,3.55,2021-11-26 08:31:00,0.0539520311658317,5999.1921478096,"moving",29,-14.69295,145.44156,"run_day_11652_liz21_del_07_29.json","07",11652
145.441478,-14.693403,1828,3.55,2021-11-26 07:55:00,0.0571173634777704,6351.16104204128,"moving",29,-14.69295,145.44156,"run_day_11652_liz21_del_07_29.json","07",11652
145.441604,-14.693924,1828,3.55,2021-11-26 08:07:00,0.0594966176195631,6615.72203180668,"moving",29,-14.69295,145.44156,"run_day_11652_liz21_del_07_29.json","07",11652
145.441763,-14.694439,1828,3.55,2021-11-26 08:19:00,0.0597644893335896,6645.50800739801,"moving",29,-14.69295,145.44156,"run_day_11652_liz21_del_07_29.json","07",11652
145.441583,-14.69363,1829,3.55,2021-11-26 08:08:00,0.0567336663929842,6308.49587284475,"moving",29,-14.69295,145.44156,"run_day_11652_liz21_del_07_29.json","07",11652
145.441711,-14.694137,1829,3.55,2021-11-26 08:20:00,0.0580325503999706,6452.92518472139,"moving",29,-14.69295,145.44156,"run_day_11652_liz21_del_07_29.json","07",11652
145.44187,-14.694617,1829,3.55,2021-11-26 08:32:00,0.0560464673871003,6232.08282979527,"moving",29,-14.69295,145.44156,"run_day_11652_liz21_del_07_29.json","07",11652
145.441751,-14.693454,1830,3.55,2021-11-26 07:51:00,0.0502621241052588,5588.89320288396,"moving",29,-14.69295,145.44156,"run_day_11652_liz21_del_07_29.json","07",11652
145.441841,-14.693877,1830,3.55,2021-11-26 08:03:00,0.0480212584340728,5339.72030895612,"moving",29,-14.69295,145.44156,"run_day_11652_liz21_del_07_29.json","07",11652
145.441952,-14.69428,1830,3.55,2021-11-26 08:15:00,0.0463747153600782,5156.63307262618,"moving",29,-14.69295,145.44156,"run_day_11652_liz21_del_07_29.json","07",11652
145.442083,-14.694682,1830,3.55,2021-11-26 08:27:00,0.0468684652346774,5211.535553713,"moving",29,-14.69295,145.44156,"run_day_11652_liz21_del_07_29.json","07",11652
145.441774,-14.693532,1831,3.55,2021-11-26 07:55:00,0.0491126925189061,5461.08224195653,"moving",29,-14.69295,145.44156,"run_day_11652_liz21_del_07_29.json","07",11652
145.441866,-14.693942,1831,3.55,2021-11-26 08:07:00,0.0466514641942831,5187.40613894457,"moving",29,-14.69295,145.44156,"run_day_11652_liz21_del_07_29.json","07",11652
145.441978,-14.694337,1831,3.55,2021-11-26 08:19:00,0.0455440469423026,5064.26695884568,"moving",29,-14.69295,145.44156,"run_day_11652_liz21_del_07_29.json","07",11652
145.441609,-14.693173,1832,3.55,2021-11-26 07:29:00,0.0508545925197243,5654.77268476967,"moving",29,-14.69295,145.44156,"run_day_11652_liz21_del_07_29.json","07",11652
145.441706,-14.693658,1832,3.55,2021-11-26 07:41:00,0.0549294672310886,6107.87807938559,"moving",29,-14.69295,145.44156,"run_day_11652_liz21_del_07_29.json","07",11652
145.441834,-14.694138,1832,3.55,2021-11-26 07:53:00,0.0551205981280869,6129.13086545682,"moving",29,-14.69295,145.44156,"run_day_11652_liz21_del_07_29.json","07",11652
145.441979,-14.694593,1832,3.55,2021-11-26 08:05:00,0.0529429336817154,5886.98562708608,"moving",29,-14.69295,145.44156,"run_day_11652_liz21_del_07_29.json","07",11652
145.441473,-14.693508,1833,3.55,2021-11-26 07:35:00,0.0582698009620245,6479.30624356535,"moving",29,-14.69295,145.44156,"run_day_11652_liz21_del_07_29.json","07",11652
145.441622,-14.694042,1833,3.55,2021-11-26 07:47:00,0.0615028168663497,6838.80120988749,"moving",29,-14.69295,145.44156,"run_day_11652_liz21_del_07_29.json","07",11652
145.4418,-14.694575,1833,3.55,2021-11-26 07:59:00,0.062282492343313,6925.49716735498,"moving",29,-14.69295,145.44156,"run_day_11652_liz21_del_07_29.json","07",11652
145.441738,-14.693501,1834,3.55,2021-11-26 07:19:00,0.052436165641354,5830.63559201229,"moving",29,-14.69295,145.44156,"run_day_11652_liz21_del_07_29.json","07",11652
145.441852,-14.693945,1834,3.55,2021-11-26 07:31:00,0.0508704146010231,5656.53201993905,"moving",29,-14.69295,145.44156,"run_day_11652_liz21_del_07_29.json","07",11652
145.44198,-14.694386,1834,3.55,2021-11-26 07:43:00,0.0509329575177478,5663.4864749764,"moving",29,-14.69295,145.44156,"run_day_11652_liz21_del_07_29.json","07",11652
145.441774,-14.693509,1835,3.55,2021-11-26 08:02:00,0.0486564508099674,5410.3504785989,"moving",29,-14.69295,145.44156,"run_day_11652_liz21_del_07_29.json","07",11652
145.44186,-14.693911,1835,3.55,2021-11-26 08:14:00,0.0456473995602983,5075.75924562224,"moving",29,-14.69295,145.44156,"run_day_11652_liz21_del_07_29.json","07",11652
145.441967,-14.694298,1835,3.55,2021-11-26 08:26:00,0.0445448238552094,4953.1584209748,"moving",29,-14.69295,145.44156,"run_day_11652_liz21_del_07_29.json","07",11652
145.441532,-14.693497,1836,3.55,2021-11-26 07:31:00,0.0566853821184365,6303.12690647833,"moving",29,-14.69295,145.44156,"run_day_11652_liz21_del_07_29.json","07",11652
145.441674,-14.694022,1836,3.55,2021-11-26 07:43:00,0.0603422457804696,6709.75159312725,"moving",29,-14.69295,145.44156,"run_day_11652_liz21_del_07_29.json","07",11652
145.441843,-14.694541,1836,3.55,2021-11-26 07:55:00,0.0605051913613494,6727.87031504024,"moving",29,-14.69295,145.44156,"run_day_11652_liz21_del_07_29.json","07",11652
145.441705,-14.693601,1837,3.55,2021-11-26 07:26:00,0.0544044533480931,6049.49919917854,"moving",29,-14.69295,145.44156,"run_day_11652_liz21_del_07_29.json","07",11652
145.441836,-14.694078,1837,3.55,2021-11-26 07:38:00,0.0548796086788314,6102.33406132474,"moving",29,-14.69295,145.44156,"run_day_11652_liz21_del_07_29.json","07",11652
145.441977,-14.69454,1837,3.55,2021-11-26 07:50:00,0.0535638519251499,5956.02858561705,"moving",29,-14.69295,145.44156,"run_day_11652_liz21_del_07_29.json","07",11652
145.441722,-14.693347,1838,3.55,2021-11-26 07:54:00,0.0505530171795528,5621.23903694149,"moving",29,-14.69295,145.44156,"run_day_11652_liz21_del_07_29.json","07",11652
145.441805,-14.693786,1838,3.55,2021-11-26 08:06:00,0.0496241886223435,5517.95801365723,"moving",29,-14.69295,145.44156,"run_day_11652_liz21_del_07_29.json","07",11652
145.441913,-14.694194,1838,3.55,2021-11-26 08:18:00,0.0468310894717173,5207.37955849238,"moving",29,-14.69295,145.44156,"run_day_11652_liz21_del_07_29.json","07",11652
145.44204,-14.694599,1838,3.55,2021-11-26 08:30:00,0.0470600494831733,5232.83875017076,"moving",29,-14.69295,145.44156,"run_day_11652_liz21_del_07_29.json","07",11652
145.441753,-14.693269,1839,3.55,2021-11-26 07:50:00,0.0478137808444159,5316.64985359383,"moving",29,-14.69295,145.44156,"run_day_11652_liz21_del_07_29.json","07",11652
145.441825,-14.693672,1839,3.55,2021-11-26 08:02:00,0.0454757990565291,5056.67814019344,"moving",29,-14.69295,145.44156,"run_day_11652_liz21_del_07_29.json","07",11652
145.441918,-14.694054,1839,3.55,2021-11-26 08:14:00,0.0436383804387542,4852.36651177462,"moving",29,-14.69295,145.44156,"run_day_11652_liz21_del_07_29.json","07",11652
145.44203,-14.694438,1839,3.55,2021-11-26 08:26:00,0.0443656430512133,4933.23442461834,"moving",29,-14.69295,145.44156,"run_day_11652_liz21_del_07_29.json","07",11652
145.441755,-14.693187,1840,3.55,2021-11-26 07:32:00,0.046517122337463,5172.46800603016,"moving",29,-14.69295,145.44156,"run_day_11652_liz21_del_07_29.json","07",11652
145.441825,-14.69358,1840,3.55,2021-11-26 07:44:00,0.0443434648726687,4930.76832368196,"moving",29,-14.69295,145.44156,"run_day_11652_liz21_del_07_29.json","07",11652
145.441918,-14.693961,1840,3.55,2021-11-26 07:56:00,0.0435301546309187,4840.3323510113,"moving",29,-14.69295,145.44156,"run_day_11652_liz21_del_07_29.json","07",11652
145.442026,-14.694345,1840,3.55,2021-11-26 08:08:00,0.0442507616065857,4920.46019081016,"moving",29,-14.69295,145.44156,"run_day_11652_liz21_del_07_29.json","07",11652
145.441565,-14.693245,1841,3.55,2021-11-26 07:34:00,0.0528252641206079,5873.90136887043,"moving",29,-14.69295,145.44156,"run_day_11652_liz21_del_07_29.json","07",11652
145.441674,-14.693744,1841,3.55,2021-11-26 07:46:00,0.0567113320578338,6306.01240808604,"moving",29,-14.69295,145.44156,"run_day_11652_liz21_del_07_29.json","07",11652
145.441815,-14.694245,1841,3.55,2021-11-26 07:58:00,0.0577360662847651,6419.95765527984,"moving",29,-14.69295,145.44156,"run_day_11652_liz21_del_07_29.json","07",11652
145.441658,-14.693513,1842,3.55,2021-11-26 07:34:00,0.054032121054323,6008.09773708536,"moving",29,-14.69295,145.44156,"run_day_11652_liz21_del_07_29.json","07",11652
145.441782,-14.69401,1842,3.55,2021-11-26 07:46:00,0.0568504888415594,6321.48593644451,"moving",29,-14.69295,145.44156,"run_day_11652_liz21_del_07_29.json","07",11652
145.441927,-14.694481,1842,3.55,2021-11-26 07:58:00,0.0546456232129434,6076.31606460944,"moving",29,-14.69295,145.44156,"run_day_11652_liz21_del_07_29.json","07",11652
145.441522,-14.693488,1843,3.55,2021-11-26 07:15:00,0.0580020860074688,6449.53769883188,"moving",29,-14.69295,145.44156,"run_day_11652_liz21_del_07_29.json","07",11652
145.441671,-14.694013,1843,3.55,2021-11-26 07:27:00,0.0605371975339603,6731.42923905588,"moving",29,-14.69295,145.44156,"run_day_11652_liz21_del_07_29.json","07",11652
145.441842,-14.694535,1843,3.55,2021-11-26 07:39:00,0.0608880833523498,6770.44596189231,"moving",29,-14.69295,145.44156,"run_day_11652_liz21_del_07_29.json","07",11652
145.441621,-14.693581,1844,3.55,2021-11-26 08:04:00,0.055579073994522,6180.11105579338,"moving",29,-14.69295,145.44156,"run_day_11652_liz21_del_07_29.json","07",11652
145.441741,-14.69408,1844,3.55,2021-11-26 08:16:00,0.056967679785822,6334.51697489519,"moving",29,-14.69295,145.44156,"run_day_11652_liz21_del_07_29.json","07",11652
145.44189,-14.694547,1844,3.55,2021-11-26 08:28:00,0.0543448058504523,6042.86670005383,"moving",29,-14.69295,145.44156,"run_day_11652_liz21_del_07_29.json","07",11652
145.441618,-14.693179,1845,3.55,2021-11-26 07:55:00,0.0510489545452883,5676.38475594475,"moving",29,-14.69295,145.44156,"run_day_11652_liz21_del_07_29.json","07",11652
145.441707,-14.693659,1845,3.55,2021-11-26 08:07:00,0.0542252168285659,6029.56900753768,"moving",29,-14.69295,145.44156,"run_day_11652_liz21_del_07_29.json","07",11652
145.441819,-14.694122,1845,3.55,2021-11-26 08:19:00,0.0528738493504101,5879.3037999343,"moving",29,-14.69295,145.44156,"run_day_11652_liz21_del_07_29.json","07",11652
145.441956,-14.694556,1845,3.55,2021-11-26 08:31:00,0.0504581597392975,5610.69137083061,"moving",29,-14.69295,145.44156,"run_day_11652_liz21_del_07_29.json","07",11652
145.441588,-14.69337,1846,3.55,2021-11-26 07:50:00,0.0540341148912008,6008.31944163073,"moving",29,-14.69295,145.44156,"run_day_11652_liz21_del_07_29.json","07",11652
145.441698,-14.693875,1846,3.55,2021-11-26 08:02:00,0.0573863329204082,6381.06907948502,"moving",29,-14.69295,145.44156,"run_day_11652_liz21_del_07_29.json","07",11652
145.441839,-14.69436,1846,3.55,2021-11-26 08:14:00,0.0560213683295611,6229.29194193335,"moving",29,-14.69295,145.44156,"run_day_11652_liz21_del_07_29.json","07",11652
145.441705,-14.693238,1847,3.55,2021-11-26 07:17:00,0.0505973332192492,5626.16675572471,"moving",29,-14.69295,145.44156,"run_day_11652_liz21_del_07_29.json","07",11652
145.441793,-14.693682,1847,3.55,2021-11-26 07:29:00,0.0502696723516345,5589.732529586,"moving",29,-14.69295,145.44156,"run_day_11652_liz21_del_07_29.json","07",11652
145.441913,-14.69411,1847,3.55,2021-11-26 07:41:00,0.0493105925373389,5483.08771998913,"moving",29,-14.69295,145.44156,"run_day_11652_liz21_del_07_29.json","07",11652
145.442042,-14.694544,1847,3.55,2021-11-26 07:53:00,0.0502136200376041,5583.49979663913,"moving",29,-14.69295,145.44156,"run_day_11652_liz21_del_07_29.json","07",11652
145.441728,-14.693447,1848,3.55,2021-11-26 07:55:00,0.0515394489706873,5730.92524759655,"moving",29,-14.69295,145.44156,"run_day_11652_liz21_del_07_29.json","07",11652
145.441819,-14.693888,1848,3.55,2021-11-26 08:07:00,0.0500042497142727,5560.21887889475,"moving",29,-14.69295,145.44156,"run_day_11652_liz21_del_07_29.json","07",11652
145.441934,-14.694301,1848,3.55,2021-11-26 08:19:00,0.0475601213974617,5288.44420999706,"moving",29,-14.69295,145.44156,"run_day_11652_liz21_del_07_29.json","07",11652
145.441743,-14.693338,1849,3.55,2021-11-26 08:05:00,0.0489281836648293,5440.56579346219,"moving",29,-14.69295,145.44156,"run_day_11652_liz21_del_07_29.json","07",11652
145.441817,-14.693749,1849,3.55,2021-11-26 08:17:00,0.046389036989865,5158.22556519976,"moving",29,-14.69295,145.44156,"run_day_11652_liz21_del_07_29.json","07",11652
145.441915,-14.694137,1849,3.55,2021-11-26 08:29:00,0.0444126049243885,4938.45634666115,"moving",29,-14.69295,145.44156,"run_day_11652_liz21_del_07_29.json","07",11652
145.442033,-14.694527,1849,3.55,2021-11-26 08:41:00,0.0451851179935063,5024.35588071366,"moving",29,-14.69295,145.44156,"run_day_11652_liz21_del_07_29.json","07",11652
145.441606,-14.693267,1850,3.55,2021-11-26 07:49:00,0.0523771383212311,5824.0720534812,"moving",29,-14.69295,145.44156,"run_day_11652_liz21_del_07_29.json","07",11652
145.441705,-14.693761,1850,3.55,2021-11-26 08:01:00,0.0559528658873533,6221.67481789708,"moving",29,-14.69295,145.44156,"run_day_11652_liz21_del_07_29.json","07",11652
145.441832,-14.694236,1850,3.55,2021-11-26 08:13:00,0.0545553896381655,6066.28254888113,"moving",29,-14.69295,145.44156,"run_day_11652_liz21_del_07_29.json","07",11652
145.441981,-14.694681,1850,3.55,2021-11-26 08:25:00,0.0520123065420566,5783.50461055829,"moving",29,-14.69295,145.44156,"run_day_11652_liz21_del_07_29.json","07",11652
145.441508,-14.693441,1851,3.55,2021-11-26 07:54:00,0.0569086076227664,6327.94845005748,"moving",29,-14.69295,145.44156,"run_day_11652_liz21_del_07_29.json","07",11652
145.441635,-14.693961,1851,3.55,2021-11-26 08:06:00,0.0594129876675272,6606.42280542477,"moving",29,-14.69295,145.44156,"run_day_11652_liz21_del_07_29.json","07",11652
145.441793,-14.69447,1851,3.55,2021-11-26 08:18:00,0.0590945045670192,6571.00910042624,"moving",29,-14.69295,145.44156,"run_day_11652_liz21_del_07_29.json","07",11652
145.441619,-14.693528,1852,3.55,2021-11-26 07:31:00,0.0550805198767143,6124.6743672354,"moving",29,-14.69295,145.44156,"run_day_11652_liz21_del_07_29.json","07",11652
145.441753,-14.694039,1852,3.55,2021-11-26 07:43:00,0.0586200537417292,6518.25257571167,"moving",29,-14.69295,145.44156,"run_day_11652_liz21_del_07_29.json","07",11652
145.441907,-14.694527,1852,3.55,2021-11-26 07:55:00,0.0567349178945318,6308.63503346752,"moving",29,-14.69295,145.44156,"run_day_11652_liz21_del_07_29.json","07",11652
145.441775,-14.693537,1853,3.55,2021-11-26 08:09:00,0.0483100282298351,5371.83004521308,"moving",29,-14.69295,145.44156,"run_day_11652_liz21_del_07_29.json","07",11652
145.441861,-14.693937,1853,3.55,2021-11-26 08:21:00,0.0454296457118123,5051.54612241326,"moving",29,-14.69295,145.44156,"run_day_11652_liz21_del_07_29.json","07",11652
145.441969,-14.694323,1853,3.55,2021-11-26 08:33:00,0.0444653907124475,4944.32585849224,"moving",29,-14.69295,145.44156,"run_day_11652_liz21_del_07_29.json","07",11652
145.441505,-14.693337,1854,3.55,2021-11-26 07:39:00,0.0555285566912889,6174.49378796609,"moving",29,-14.69295,145.44156,"run_day_11652_liz21_del_07_29.json","07",11652
145.44163,-14.693854,1854,3.55,2021-11-26 07:51:00,0.0590390313938833,6564.84076500865,"moving",29,-14.69295,145.44156,"run_day_11652_liz21_del_07_29.json","07",11652
145.441786,-14.694375,1854,3.55,2021-11-26 08:03:00,0.0603135013846625,6706.55536214404,"moving",29,-14.69295,145.44156,"run_day_11652_liz21_del_07_29.json","07",11652
145.441581,-14.693527,1855,3.55,2021-11-26 07:23:00,0.0564018050908893,6271.59457970213,"moving",29,-14.69295,145.44156,"run_day_11652_liz21_del_07_29.json","07",11652
145.441725,-14.694045,1855,3.55,2021-11-26 07:35:00,0.0596450507523946,6632.2270431235,"moving",29,-14.69295,145.44156,"run_day_11652_liz21_del_07_29.json","07",11652
145.441887,-14.694549,1855,3.55,2021-11-26 07:47:00,0.0586885253037857,6525.86626603178,"moving",29,-14.69295,145.44156,"run_day_11652_liz21_del_07_29.json","07",11652
145.4416,-14.693279,1856,3.55,2021-11-26 08:07:00,0.0523551563891905,5821.62777416043,"moving",29,-14.69295,145.44156,"run_day_11652_liz21_del_07_29.json","07",11652
145.441694,-14.693762,1856,3.55,2021-11-26 08:19:00,0.0546505262864204,6076.86126150504,"moving",29,-14.69295,145.44156,"run_day_11652_liz21_del_07_29.json","07",11652
145.441815,-14.694232,1856,3.55,2021-11-26 08:31:00,0.0538577277339588,5988.70608462016,"moving",29,-14.69295,145.44156,"run_day_11652_liz21_del_07_29.json","07",11652
145.441963,-14.694672,1856,3.55,2021-11-26 08:43:00,0.0514502872398929,5721.01091548137,"moving",29,-14.69295,145.44156,"run_day_11652_liz21_del_07_29.json","07",11652
145.441655,-14.693639,1857,3.55,2021-11-26 07:16:00,0.0569104594066673,6328.15435903251,"moving",29,-14.69295,145.44156,"run_day_11652_liz21_del_07_29.json","07",11652
145.441803,-14.694144,1857,3.55,2021-11-26 07:28:00,0.0583661820240602,6490.02332868833,"moving",29,-14.69295,145.44156,"run_day_11652_liz21_del_07_29.json","07",11652
145.441959,-14.694629,1857,3.55,2021-11-26 07:40:00,0.0564794815429038,6280.23180708589,"moving",29,-14.69295,145.44156,"run_day_11652_liz21_del_07_29.json","07",11652
145.441591,-14.693269,1858,3.55,2021-11-26 07:47:00,0.0527704560029579,5867.80698424881,"moving",29,-14.69295,145.44156,"run_day_11652_liz21_del_07_29.json","07",11652
145.441693,-14.693766,1858,3.55,2021-11-26 07:59:00,0.0563423312948967,6264.98139531946,"moving",29,-14.69295,145.44156,"run_day_11652_liz21_del_07_29.json","07",11652
145.441824,-14.69425,1858,3.55,2021-11-26 08:11:00,0.0556322376639637,6186.0225861171,"moving",29,-14.69295,145.44156,"run_day_11652_liz21_del_07_29.json","07",11652
145.441976,-14.6947,1858,3.55,2021-11-26 08:23:00,0.0526408286668045,5853.39308211411,"moving",29,-14.69295,145.44156,"run_day_11652_liz21_del_07_29.json","07",11652
145.441723,-14.69337,1859,3.55,2021-11-26 07:34:00,0.0506473280734346,5631.72592986846,"moving",29,-14.69295,145.44156,"run_day_11652_liz21_del_07_29.json","07",11652
145.441816,-14.693813,1859,3.55,2021-11-26 07:46:00,0.0502647240404902,5589.18230249129,"moving",29,-14.69295,145.44156,"run_day_11652_liz21_del_07_29.json","07",11652
145.441935,-14.694237,1859,3.55,2021-11-26 07:58:00,0.0488531660155401,5432.22421145244,"moving",29,-14.69295,145.44156,"run_day_11652_liz21_del_07_29.json","07",11652
145.442069,-14.694659,1859,3.55,2021-11-26 08:10:00,0.0490878201345768,5458.31655900556,"moving",29,-14.69295,145.44156,"run_day_11652_liz21_del_07_29.json","07",11652
145.441701,-14.693475,1860,3.55,2021-11-26 08:01:00,0.0525986148862536,5848.69912388237,"moving",29,-14.69295,145.44156,"run_day_11652_liz21_del_07_29.json","07",11652
145.441797,-14.693934,1860,3.55,2021-11-26 08:13:00,0.0520724844509709,5790.19608872563,"moving",29,-14.69295,145.44156,"run_day_11652_liz21_del_07_29.json","07",11652
145.44192,-14.694361,1860,3.55,2021-11-26 08:25:00,0.0492889063477121,5480.67632572437,"moving",29,-14.69295,145.44156,"run_day_11652_liz21_del_07_29.json","07",11652
145.441757,-14.693266,1861,3.55,2021-11-26 07:24:00,0.0477968121780213,5314.76302397883,"moving",29,-14.69295,145.44156,"run_day_11652_liz21_del_07_29.json","07",11652
145.441834,-14.693665,1861,3.55,2021-11-26 07:36:00,0.045133162609598,5018.57870561119,"moving",29,-14.69295,145.44156,"run_day_11652_liz21_del_07_29.json","07",11652
145.44194,-14.694058,1861,3.55,2021-11-26 07:48:00,0.0451624008920219,5021.82985428053,"moving",29,-14.69295,145.44156,"run_day_11652_liz21_del_07_29.json","07",11652
145.442056,-14.694463,1861,3.55,2021-11-26 08:00:00,0.0467303460163105,5196.17739735849,"moving",29,-14.69295,145.44156,"run_day_11652_liz21_del_07_29.json","07",11652
145.441453,-14.693459,1862,3.55,2021-11-26 07:54:00,0.0583518120953004,6488.425465514,"moving",29,-14.69295,145.44156,"run_day_11652_liz21_del_07_29.json","07",11652
145.441589,-14.693987,1862,3.55,2021-11-26 08:06:00,0.0605057749772417,6727.93521016657,"moving",29,-14.69295,145.44156,"run_day_11652_liz21_del_07_29.json","07",11652
145.441757,-14.694508,1862,3.55,2021-11-26 08:18:00,0.0606852320250832,6747.88992343716,"moving",29,-14.69295,145.44156,"run_day_11652_liz21_del_07_29.json","07",11652
145.441769,-14.693485,1863,3.55,2021-11-26 07:58:00,0.0488760187309309,5434.76531746395,"moving",29,-14.69295,145.44156,"run_day_11652_liz21_del_07_29.json","07",11652
145.441855,-14.693892,1863,3.55,2021-11-26 08:10:00,0.046191977056452,5136.31350035932,"moving",29,-14.69295,145.44156,"run_day_11652_liz21_del_07_29.json","07",11652
145.441963,-14.694281,1863,3.55,2021-11-26 08:22:00,0.0447874764816567,4980.14016197272,"moving",29,-14.69295,145.44156,"run_day_11652_liz21_del_07_29.json","07",11652
145.442089,-14.694675,1863,3.55,2021-11-26 08:34:00,0.0458590372376979,5099.29228163591,"moving",29,-14.69295,145.44156,"run_day_11652_liz21_del_07_29.json","07",11652
145.441521,-14.693421,1864,3.55,2021-11-26 07:16:00,0.05719478435363,6359.76985065324,"moving",29,-14.69295,145.44156,"run_day_11652_liz21_del_07_29.json","07",11652
145.441662,-14.693941,1864,3.55,2021-11-26 07:28:00,0.0597771636416204,6646.91732614976,"moving",29,-14.69295,145.44156,"run_day_11652_liz21_del_07_29.json","07",11652
145.441828,-14.694462,1864,3.55,2021-11-26 07:40:00,0.0606215275178246,6740.80630542561,"moving",29,-14.69295,145.44156,"run_day_11652_liz21_del_07_29.json","07",11652
145.441734,-14.693294,1865,3.55,2021-11-26 07:22:00,0.0497335770449565,5530.12145128544,"moving",29,-14.69295,145.44156,"run_day_11652_liz21_del_07_29.json","07",11652
145.44182,-14.693717,1865,3.55,2021-11-26 07:34:00,0.0479363843780582,5330.28274452356,"moving",29,-14.69295,145.44156,"run_day_11652_liz21_del_07_29.json","07",11652
145.441935,-14.694131,1865,3.55,2021-11-26 07:46:00,0.0476675012132976,5300.38430074204,"moving",29,-14.69295,145.44156,"run_day_11652_liz21_del_07_29.json","07",11652
145.442061,-14.694553,1865,3.55,2021-11-26 07:58:00,0.0488421060041898,5430.99439430165,"moving",29,-14.69295,145.44156,"run_day_11652_liz21_del_07_29.json","07",11652
145.441498,-14.693431,1866,3.55,2021-11-26 07:38:00,0.0568450760415205,6320.88406054123,"moving",29,-14.69295,145.44156,"run_day_11652_liz21_del_07_29.json","07",11652
145.441634,-14.693956,1866,3.55,2021-11-26 07:50:00,0.0601821402301857,6691.94866820805,"moving",29,-14.69295,145.44156,"run_day_11652_liz21_del_07_29.json","07",11652
145.441801,-14.694481,1866,3.55,2021-11-26 08:02:00,0.0610782630917435,6791.59298406348,"moving",29,-14.69295,145.44156,"run_day_11652_liz21_del_07_29.json","07",11652
145.441656,-14.693534,1867,3.55,2021-11-26 07:31:00,0.0544023338344719,6049.2635200169,"moving",29,-14.69295,145.44156,"run_day_11652_liz21_del_07_29.json","07",11652
145.441785,-14.694033,1867,3.55,2021-11-26 07:43:00,0.0571947749263315,6359.76880238548,"moving",29,-14.69295,145.44156,"run_day_11652_liz21_del_07_29.json","07",11652
145.441932,-14.694507,1867,3.55,2021-11-26 07:55:00,0.0550268393695271,6118.70536717648,"moving",29,-14.69295,145.44156,"run_day_11652_liz21_del_07_29.json","07",11652
145.441568,-14.693392,1868,3.55,2021-11-26 07:42:00,0.054848357359358,6098.85907314835,"moving",29,-14.69295,145.44156,"run_day_11652_liz21_del_07_29.json","07",11652
145.441687,-14.693904,1868,3.55,2021-11-26 07:54:00,0.0583528578747959,6488.54175088829,"moving",29,-14.69295,145.44156,"run_day_11652_liz21_del_07_29.json","07",11652
145.441837,-14.694404,1868,3.55,2021-11-26 08:06:00,0.0578910606791929,6437.19224559855,"moving",29,-14.69295,145.44156,"run_day_11652_liz21_del_07_29.json","07",11652
145.441488,-14.693572,1869,3.55,2021-11-26 07:54:00,0.0587317376062672,6530.67125483636,"moving",29,-14.69295,145.44156,"run_day_11652_liz21_del_07_29.json","07",11652
145.44163,-14.694104,1869,3.55,2021-11-26 08:06:00,0.0610955808595517,6793.51863198456,"moving",29,-14.69295,145.44156,"run_day_11652_liz21_del_07_29.json","07",11652
145.441805,-14.69462,1869,3.55,2021-11-26 08:18:00,0.0603851357069693,6714.52073535817,"moving",29,-14.69295,145.44156,"run_day_11652_liz21_del_07_29.json","07",11652
145.441617,-14.69328,1870,3.55,2021-11-26 07:27:00,0.0522499231528898,5809.92637216941,"moving",29,-14.69295,145.44156,"run_day_11652_liz21_del_07_29.json","07",11652
145.441723,-14.693773,1870,3.55,2021-11-26 07:39:00,0.0559921500798286,6226.04302079766,"moving",29,-14.69295,145.44156,"run_day_11652_liz21_del_07_29.json","07",11652
145.44186,-14.694253,1870,3.55,2021-11-26 07:51:00,0.0553703138317144,6156.89798480368,"moving",29,-14.69295,145.44156,"run_day_11652_liz21_del_07_29.json","07",11652
145.441726,-14.693581,1871,3.55,2021-11-26 08:08:00,0.0526538083729228,5854.83635958381,"moving",29,-14.69295,145.44156,"run_day_11652_liz21_del_07_29.json","07",11652
145.441826,-14.694023,1871,3.55,2021-11-26 08:20:00,0.0503113238949028,5594.36396988436,"moving",29,-14.69295,145.44156,"run_day_11652_liz21_del_07_29.json","07",11652
145.441951,-14.694442,1871,3.55,2021-11-26 08:32:00,0.0484917785739459,5392.0397613941,"moving",29,-14.69295,145.44156,"run_day_11652_liz21_del_07_29.json","07",11652
145.44177,-14.693209,1872,3.55,2021-11-26 07:40:00,0.0455853765348711,5068.86259985958,"moving",29,-14.69295,145.44156,"run_day_11652_liz21_del_07_29.json","07",11652
145.441837,-14.69359,1872,3.55,2021-11-26 07:52:00,0.0429738100529338,4778.46965647318,"moving",29,-14.69295,145.44156,"run_day_11652_liz21_del_07_29.json","07",11652
145.441925,-14.69396,1872,3.55,2021-11-26 08:04:00,0.0422168570575208,4694.30032367485,"moving",29,-14.69295,145.44156,"run_day_11652_liz21_del_07_29.json","07",11652
145.442028,-14.694329,1872,3.55,2021-11-26 08:16:00,0.0425002350023641,4725.81051346438,"moving",29,-14.69295,145.44156,"run_day_11652_liz21_del_07_29.json","07",11652
145.441586,-14.693204,1873,3.55,2021-11-26 07:25:00,0.0521030348153423,5793.59313425088,"moving",29,-14.69295,145.44156,"run_day_11652_liz21_del_07_29.json","07",11652
145.441691,-14.693694,1873,3.55,2021-11-26 07:37:00,0.0556436661676122,6187.29337774195,"moving",29,-14.69295,145.44156,"run_day_11652_liz21_del_07_29.json","07",11652
145.441828,-14.694187,1873,3.55,2021-11-26 07:49:00,0.0567650242380775,6311.98270612963,"moving",29,-14.69295,145.44156,"run_day_11652_liz21_del_07_29.json","07",11652
145.441982,-14.694654,1873,3.55,2021-11-26 08:01:00,0.0545058188810342,6060.7705321782,"moving",29,-14.69295,145.44156,"run_day_11652_liz21_del_07_29.json","07",11652
145.441709,-14.693612,1874,3.55,2021-11-26 07:55:00,0.0542252171920727,6029.56904795779,"moving",29,-14.69295,145.44156,"run_day_11652_liz21_del_07_29.json","07",11652
145.441823,-14.69408,1874,3.55,2021-11-26 08:07:00,0.0534642774857123,5944.95641312812,"moving",29,-14.69295,145.44156,"run_day_11652_liz21_del_07_29.json","07",11652
145.441958,-14.694517,1874,3.55,2021-11-26 08:19:00,0.0507152887905088,5639.28281681824,"moving",29,-14.69295,145.44156,"run_day_11652_liz21_del_07_29.json","07",11652
145.441464,-14.693442,1875,3.55,2021-11-26 07:27:00,0.0578947667831862,6437.60434556022,"moving",29,-14.69295,145.44156,"run_day_11652_liz21_del_07_29.json","07",11652
145.441611,-14.693971,1875,3.55,2021-11-26 07:39:00,0.0609100286983025,6772.88617302571,"moving",29,-14.69295,145.44156,"run_day_11652_liz21_del_07_29.json","07",11652
145.441786,-14.694507,1875,3.55,2021-11-26 07:51:00,0.062502081019523,6949.91431409813,"moving",29,-14.69295,145.44156,"run_day_11652_liz21_del_07_29.json","07",11652
145.44151,-14.693465,1876,3.55,2021-11-26 07:54:00,0.0571250273653462,6352.01322745808,"moving",29,-14.69295,145.44156,"run_day_11652_liz21_del_07_29.json","07",11652
145.441638,-14.693986,1876,3.55,2021-11-26 08:06:00,0.0595459852073519,6621.21145710947,"moving",29,-14.69295,145.44156,"run_day_11652_liz21_del_07_29.json","07",11652
145.441799,-14.694494,1876,3.55,2021-11-26 08:18:00,0.0590817839071075,6569.59462758049,"moving",29,-14.69295,145.44156,"run_day_11652_liz21_del_07_29.json","07",11652
145.441687,-14.693227,1877,3.55,2021-11-26 07:21:00,0.0504405064566084,5608.72841535696,"moving",29,-14.69295,145.44156,"run_day_11652_liz21_del_07_29.json","07",11652
145.441777,-14.693685,1877,3.55,2021-11-26 07:33:00,0.0518391260815448,5764.2478219554,"moving",29,-14.69295,145.44156,"run_day_11652_liz21_del_07_29.json","07",11652
145.441898,-14.694123,1877,3.55,2021-11-26 07:45:00,0.0504122756859457,5605.58929688401,"moving",29,-14.69295,145.44156,"run_day_11652_liz21_del_07_29.json","07",11652
145.442031,-14.69456,1877,3.55,2021-11-26 07:57:00,0.0506541172286581,5632.48084948551,"moving",29,-14.69295,145.44156,"run_day_11652_liz21_del_07_29.json","07",11652
145.44156,-14.693646,1878,3.55,2021-11-26 07:51:00,0.0580512658918558,6455.00625246868,"moving",29,-14.69295,145.44156,"run_day_11652_liz21_del_07_29.json","07",11652
145.441703,-14.694172,1878,3.55,2021-11-26 08:03:00,0.0604770890551495,6724.7454811638,"moving",29,-14.69295,145.44156,"run_day_11652_liz21_del_07_29.json","07",11652
145.441873,-14.69467,1878,3.55,2021-11-26 08:15:00,0.0583158207758342,6484.42341338611,"moving",29,-14.69295,145.44156,"run_day_11652_liz21_del_07_29.json","07",11652
145.44153,-14.693273,1879,3.55,2021-11-26 07:12:00,0.0553696133419629,6156.82009389715,"moving",29,-14.69295,145.44156,"run_day_11652_liz21_del_07_29.json","07",11652
145.441655,-14.693781,1879,3.55,2021-11-26 07:24:00,0.0580650201560647,6456.53565686844,"moving",29,-14.69295,145.44156,"run_day_11652_liz21_del_07_29.json","07",11652
145.441811,-14.694295,1879,3.55,2021-11-26 07:36:00,0.0595662589733135,6623.46579702838,"moving",29,-14.69295,145.44156,"run_day_11652_liz21_del_07_29.json","07",11652
145.441712,-14.693627,1880,3.55,2021-11-26 07:38:00,0.0543428575037276,6042.6500537827,"moving",29,-14.69295,145.44156,"run_day_11652_liz21_del_07_29.json","07",11652
145.441837,-14.694101,1880,3.55,2021-11-26 07:50:00,0.0543941758711951,6048.35639588876,"moving",29,-14.69295,145.44156,"run_day_11652_liz21_del_07_29.json","07",11652
145.441979,-14.694555,1880,3.55,2021-11-26 08:02:00,0.0527423403837444,5864.68067003281,"moving",29,-14.69295,145.44156,"run_day_11652_liz21_del_07_29.json","07",11652
145.441564,-14.693529,1881,3.55,2021-11-26 08:00:00,0.0564301185059668,6274.74288781474,"moving",29,-14.69295,145.44156,"run_day_11652_liz21_del_07_29.json","07",11652
145.441688,-14.694039,1881,3.55,2021-11-26 08:12:00,0.0582566669960913,6477.84581318686,"moving",29,-14.69295,145.44156,"run_day_11652_liz21_del_07_29.json","07",11652
145.441844,-14.694528,1881,3.55,2021-11-26 08:24:00,0.0569043360317596,6327.47347080883,"moving",29,-14.69295,145.44156,"run_day_11652_liz21_del_07_29.json","07",11652
145.441559,-14.693298,1882,3.55,2021-11-26 07:45:00,0.0539095392815288,5994.46726585155,"moving",29,-14.69295,145.44156,"run_day_11652_liz21_del_07_29.json","07",11652
145.441669,-14.693803,1882,3.55,2021-11-26 07:57:00,0.0573863337235825,6381.06916879393,"moving",29,-14.69295,145.44156,"run_day_11652_liz21_del_07_29.json","07",11652
145.44181,-14.694302,1882,3.55,2021-11-26 08:09:00,0.0575215142759274,6396.10056039568,"moving",29,-14.69295,145.44156,"run_day_11652_liz21_del_07_29.json","07",11652
145.441786,-14.693574,1883,3.55,2021-11-26 07:28:00,0.0488007979218778,5426.40114511914,"moving",29,-14.69295,145.44156,"run_day_11652_liz21_del_07_29.json","07",11652
145.441896,-14.693991,1883,3.55,2021-11-26 07:40:00,0.0478539466085846,5321.11608279419,"moving",29,-14.69295,145.44156,"run_day_11652_liz21_del_07_29.json","07",11652
145.442016,-14.694411,1883,3.55,2021-11-26 07:52:00,0.0484526013807446,5387.68345626994,"moving",29,-14.69295,145.44156,"run_day_11652_liz21_del_07_29.json","07",11652
145.441544,-14.693484,1884,3.55,2021-11-26 07:29:00,0.0562848106163871,6258.58538769204,"moving",29,-14.69295,145.44156,"run_day_11652_liz21_del_07_29.json","07",11652
145.441684,-14.694006,1884,3.55,2021-11-26 07:41:00,0.059965202840486,6667.82633107392,"moving",29,-14.69295,145.44156,"run_day_11652_liz21_del_07_29.json","07",11652
145.44185,-14.694521,1884,3.55,2021-11-26 07:53:00,0.0599842717392137,6669.94669586914,"moving",29,-14.69295,145.44156,"run_day_11652_liz21_del_07_29.json","07",11652
145.441491,-14.693373,1885,3.55,2021-11-26 07:35:00,0.0561980026119764,6248.93277800943,"moving",29,-14.69295,145.44156,"run_day_11652_liz21_del_07_29.json","07",11652
145.441623,-14.693894,1885,3.55,2021-11-26 07:47:00,0.0596469284702362,6632.43583582116,"moving",29,-14.69295,145.44156,"run_day_11652_liz21_del_07_29.json","07",11652
145.441787,-14.694421,1885,3.55,2021-11-26 07:59:00,0.061197068078255,6804.80349582363,"moving",29,-14.69295,145.44156,"run_day_11652_liz21_del_07_29.json","07",11652
145.441719,-14.693245,1886,3.55,2021-11-26 07:30:00,0.0491867345523805,5469.31534043734,"moving",29,-14.69295,145.44156,"run_day_11652_liz21_del_07_29.json","07",11652
145.441801,-14.693679,1886,3.55,2021-11-26 07:42:00,0.049057936110719,5454.99360716485,"moving",29,-14.69295,145.44156,"run_day_11652_liz21_del_07_29.json","07",11652
145.441912,-14.694094,1886,3.55,2021-11-26 07:54:00,0.0476653181998213,5300.14156071868,"moving",29,-14.69295,145.44156,"run_day_11652_liz21_del_07_29.json","07",11652
145.442035,-14.69451,1886,3.55,2021-11-26 08:06:00,0.0481117634151641,5349.78400368953,"moving",29,-14.69295,145.44156,"run_day_11652_liz21_del_07_29.json","07",11652
145.441555,-14.693572,1887,3.55,2021-11-26 07:44:00,0.0571843155042281,6358.60576771195,"moving",29,-14.69295,145.44156,"run_day_11652_liz21_del_07_29.json","07",11652
145.441695,-14.694098,1887,3.55,2021-11-26 07:56:00,0.0603958323032575,6715.71014259778,"moving",29,-14.69295,145.44156,"run_day_11652_liz21_del_07_29.json","07",11652
145.441863,-14.694604,1887,3.55,2021-11-26 08:08:00,0.0590950493244408,6571.06967468777,"moving",29,-14.69295,145.44156,"run_day_11652_liz21_del_07_29.json","07",11652
145.441701,-14.693572,1888,3.55,2021-11-26 07:13:00,0.0552980367593205,6148.86114104075,"moving",29,-14.69295,145.44156,"run_day_11652_liz21_del_07_29.json","07",11652
145.441834,-14.694052,1888,3.55,2021-11-26 07:25:00,0.055257377419328,6144.34002871287,"moving",29,-14.69295,145.44156,"run_day_11652_liz21_del_07_29.json","07",11652
145.441975,-14.694518,1888,3.55,2021-11-26 07:37:00,0.0539905788880596,6003.47845895505,"moving",29,-14.69295,145.44156,"run_day_11652_liz21_del_07_29.json","07",11652
145.441651,-14.6936,1889,3.55,2021-11-26 07:20:00,0.0559726514110181,6223.87486774962,"moving",29,-14.69295,145.44156,"run_day_11652_liz21_del_07_29.json","07",11652
145.441793,-14.694104,1889,3.55,2021-11-26 07:32:00,0.0580861947148179,6458.89016037573,"moving",29,-14.69295,145.44156,"run_day_11652_liz21_del_07_29.json","07",11652
145.441947,-14.694588,1889,3.55,2021-11-26 07:44:00,0.056309664414161,6261.34900391235,"moving",29,-14.69295,145.44156,"run_day_11652_liz21_del_07_29.json","07",11652
145.44157,-14.693195,1890,3.55,2021-11-26 07:40:00,0.0521644935605703,5800.42703491818,"moving",29,-14.69295,145.44156,"run_day_11652_liz21_del_07_29.json","07",11652
145.441672,-14.69369,1890,3.55,2021-11-26 07:52:00,0.0561242156644986,6240.72804379732,"moving",29,-14.69295,145.44156,"run_day_11652_liz21_del_07_29.json","07",11652
145.441803,-14.694186,1890,3.55,2021-11-26 08:04:00,0.0569240748747813,6329.66833001068,"moving",29,-14.69295,145.44156,"run_day_11652_liz21_del_07_29.json","07",11652
145.441955,-14.694646,1890,3.55,2021-11-26 08:16:00,0.0536989033749619,5971.04562167214,"moving",29,-14.69295,145.44156,"run_day_11652_liz21_del_07_29.json","07",11652
145.441539,-14.693541,1891,3.55,2021-11-26 07:44:00,0.0571004150785111,6349.2764660289,"moving",29,-14.69295,145.44156,"run_day_11652_liz21_del_07_29.json","07",11652
145.441678,-14.694068,1891,3.55,2021-11-26 07:56:00,0.0604768430904278,6724.71813113461,"moving",29,-14.69295,145.44156,"run_day_11652_liz21_del_07_29.json","07",11652
145.441846,-14.694577,1891,3.55,2021-11-26 08:08:00,0.0594127450049173,6606.39582257365,"moving",29,-14.69295,145.44156,"run_day_11652_liz21_del_07_29.json","07",11652
145.441757,-14.693522,1892,3.55,2021-11-26 07:34:00,0.0506809707819712,5635.46682837631,"moving",29,-14.69295,145.44156,"run_day_11652_liz21_del_07_29.json","07",11652
145.441863,-14.693952,1892,3.55,2021-11-26 07:46:00,0.0491543310243612,5465.7122325162,"moving",29,-14.69295,145.44156,"run_day_11652_liz21_del_07_29.json","07",11652
145.441985,-14.694375,1892,3.55,2021-11-26 07:58:00,0.0488315805479116,5429.82401696289,"moving",29,-14.69295,145.44156,"run_day_11652_liz21_del_07_29.json","07",11652
145.441594,-14.693402,1893,3.55,2021-11-26 07:29:00,0.0542586049174118,6033.2815936277,"moving",29,-14.69295,145.44156,"run_day_11652_liz21_del_07_29.json","07",11652
145.441717,-14.69391,1893,3.55,2021-11-26 07:41:00,0.0580155860424826,6451.03883423494,"moving",29,-14.69295,145.44156,"run_day_11652_liz21_del_07_29.json","07",11652
145.441867,-14.694404,1893,3.55,2021-11-26 07:53:00,0.0572506257114828,6365.97912634341,"moving",29,-14.69295,145.44156,"run_day_11652_liz21_del_07_29.json","07",11652
145.441574,-14.693468,1894,3.55,2021-11-26 07:22:00,0.055944221809582,6220.71364030339,"moving",29,-14.69295,145.44156,"run_day_11652_liz21_del_07_29.json","07",11652
145.441712,-14.693983,1894,3.55,2021-11-26 07:34:00,0.0591577619640164,6578.04300204507,"moving",29,-14.69295,145.44156,"run_day_11652_liz21_del_07_29.json","07",11652
145.441871,-14.694488,1894,3.55,2021-11-26 07:46:00,0.0586998983074569,6527.13088634072,"moving",29,-14.69295,145.44156,"run_day_11652_liz21_del_07_29.json","07",11652
145.441724,-14.693223,1895,3.55,2021-11-26 07:53:00,0.0489641109751423,5444.56072809698,"moving",29,-14.69295,145.44156,"run_day_11652_liz21_del_07_29.json","07",11652
145.441797,-14.693648,1895,3.55,2021-11-26 08:05:00,0.0479056792216401,5326.86848690804,"moving",29,-14.69295,145.44156,"run_day_11652_liz21_del_07_29.json","07",11652
145.441892,-14.694045,1895,3.55,2021-11-26 08:17:00,0.0453115339481942,5038.41269352189,"moving",29,-14.69295,145.44156,"run_day_11652_liz21_del_07_29.json","07",11652
145.442007,-14.694437,1895,3.55,2021-11-26 08:29:00,0.0453094499271437,5038.18096095405,"moving",29,-14.69295,145.44156,"run_day_11652_liz21_del_07_29.json","07",11652
145.441548,-14.693344,1896,3.55,2021-11-26 08:07:00,0.0544288259141766,6052.20930487632,"moving",29,-14.69295,145.44156,"run_day_11652_liz21_del_07_29.json","07",11652
145.441654,-14.693839,1896,3.55,2021-11-26 08:19:00,0.0562098983557963,6250.25552437087,"moving",29,-14.69295,145.44156,"run_day_11652_liz21_del_07_29.json","07",11652
145.441792,-14.694329,1896,3.55,2021-11-26 08:31:00,0.0564711142607352,6279.30140775895,"moving",29,-14.69295,145.44156,"run_day_11652_liz21_del_07_29.json","07",11652
145.441762,-14.693619,1897,3.55,2021-11-26 07:20:00,0.052713300457316,5861.45157754384,"moving",29,-14.69295,145.44156,"run_day_11652_liz21_del_07_29.json","07",11652
145.441885,-14.694059,1897,3.55,2021-11-26 07:32:00,0.0506828860710924,5635.67979880964,"moving",29,-14.69295,145.44156,"run_day_11652_liz21_del_07_29.json","07",11652
145.442015,-14.694505,1897,3.55,2021-11-26 07:44:00,0.0515264121803569,5729.47562265209,"moving",29,-14.69295,145.44156,"run_day_11652_liz21_del_07_29.json","07",11652
145.441769,-14.693235,1898,3.55,2021-11-26 07:45:00,0.046023752835857,5117.60782049042,"moving",29,-14.69295,145.44156,"run_day_11652_liz21_del_07_29.json","07",11652
145.441836,-14.693621,1898,3.55,2021-11-26 07:57:00,0.0435220113543703,4839.42685997286,"moving",29,-14.69295,145.44156,"run_day_11652_liz21_del_07_29.json","07",11652
145.441925,-14.693992,1898,3.55,2021-11-26 08:09:00,0.0423494111532743,4709.03966662859,"moving",29,-14.69295,145.44156,"run_day_11652_liz21_del_07_29.json","07",11652
145.442029,-14.694363,1898,3.55,2021-11-26 08:21:00,0.0427429976861719,4752.80449228242,"moving",29,-14.69295,145.44156,"run_day_11652_liz21_del_07_29.json","07",11652
145.441543,-14.693504,1899,3.55,2021-11-26 07:19:00,0.0573589451177515,6378.02369477765,"moving",29,-14.69295,145.44156,"run_day_11652_liz21_del_07_29.json","07",11652
145.44169,-14.694026,1899,3.55,2021-11-26 07:31:00,0.0601586836697577,6689.34041769192,"moving",29,-14.69295,145.44156,"run_day_11652_liz21_del_07_29.json","07",11652
145.441857,-14.694543,1899,3.55,2021-11-26 07:43:00,0.06022860719759,6697.11555923997,"moving",29,-14.69295,145.44156,"run_day_11652_liz21_del_07_29.json","07",11652
145.441758,-14.69353,1900,3.55,2021-11-26 07:52:00,0.0507184857888903,5639.63830681876,"moving",29,-14.69295,145.44156,"run_day_11652_liz21_del_07_29.json","07",11652
145.441854,-14.693955,1900,3.55,2021-11-26 08:04:00,0.0483727386758021,5378.80312865223,"moving",29,-14.69295,145.44156,"run_day_11652_liz21_del_07_29.json","07",11652
145.44197,-14.694361,1900,3.55,2021-11-26 08:16:00,0.0468375153224114,5208.09408048893,"moving",29,-14.69295,145.44156,"run_day_11652_liz21_del_07_29.json","07",11652
145.441646,-14.693516,1901,3.55,2021-11-26 07:43:00,0.0544465416183835,6054.17920130606,"moving",29,-14.69295,145.44156,"run_day_11652_liz21_del_07_29.json","07",11652
145.441768,-14.694018,1901,3.55,2021-11-26 07:55:00,0.0573414855242417,6376.08227655808,"moving",29,-14.69295,145.44156,"run_day_11652_liz21_del_07_29.json","07",11652
145.441913,-14.694487,1901,3.55,2021-11-26 08:07:00,0.0544325198272615,6052.62004927083,"moving",29,-14.69295,145.44156,"run_day_11652_liz21_del_07_29.json","07",11652
145.441682,-14.693465,1902,3.55,2021-11-26 07:16:00,0.0540772294215136,6013.11355866618,"moving",29,-14.69295,145.44156,"run_day_11652_liz21_del_07_29.json","07",11652
145.441804,-14.693947,1902,3.55,2021-11-26 07:28:00,0.0551789489189385,6135.61917736522,"moving",29,-14.69295,145.44156,"run_day_11652_liz21_del_07_29.json","07",11652
145.441942,-14.694412,1902,3.55,2021-11-26 07:40:00,0.05379394586051,5981.61386388078,"moving",29,-14.69295,145.44156,"run_day_11652_liz21_del_07_29.json","07",11652
145.441736,-14.693606,1903,3.55,2021-11-26 07:49:00,0.0532929070648243,5925.90089174843,"moving",29,-14.69295,145.44156,"run_day_11652_liz21_del_07_29.json","07",11652
145.441847,-14.694058,1903,3.55,2021-11-26 08:01:00,0.0516586622511645,5744.18115957427,"moving",29,-14.69295,145.44156,"run_day_11652_liz21_del_07_29.json","07",11652
145.441978,-14.694489,1903,3.55,2021-11-26 08:13:00,0.0499533591319153,5554.56010432262,"moving",29,-14.69295,145.44156,"run_day_11652_liz21_del_07_29.json","07",11652
145.441748,-14.693201,1904,3.55,2021-11-26 07:19:00,0.0481251202624076,5351.26921733898,"moving",29,-14.69295,145.44156,"run_day_11652_liz21_del_07_29.json","07",11652
145.441823,-14.6936,1904,3.55,2021-11-26 07:31:00,0.0450941845730071,5014.24454569172,"moving",29,-14.69295,145.44156,"run_day_11652_liz21_del_07_29.json","07",11652
145.441926,-14.693993,1904,3.55,2021-11-26 07:43:00,0.045082024120631,5012.89236508179,"moving",29,-14.69295,145.44156,"run_day_11652_liz21_del_07_29.json","07",11652
145.44204,-14.694395,1904,3.55,2021-11-26 07:55:00,0.0463515879950548,5154.06142696893,"moving",29,-14.69295,145.44156,"run_day_11652_liz21_del_07_29.json","07",11652
145.441763,-14.693564,1905,3.55,2021-11-26 07:27:00,0.050975467064454,5668.21332090408,"moving",29,-14.69295,145.44156,"run_day_11652_liz21_del_07_29.json","07",11652
145.441876,-14.693997,1905,3.55,2021-11-26 07:39:00,0.0496577725146545,5521.69237209919,"moving",29,-14.69295,145.44156,"run_day_11652_liz21_del_07_29.json","07",11652
145.442002,-14.694429,1905,3.55,2021-11-26 07:51:00,0.0499113489881521,5549.88878946854,"moving",29,-14.69295,145.44156,"run_day_11652_liz21_del_07_29.json","07",11652
145.441771,-14.693424,1906,3.55,2021-11-26 07:17:00,0.0493481602042755,5487.26505395835,"moving",29,-14.69295,145.44156,"run_day_11652_liz21_del_07_29.json","07",11652
145.441866,-14.693831,1906,3.55,2021-11-26 07:29:00,0.0463955211659047,5158.94657267884,"moving",29,-14.69295,145.44156,"run_day_11652_liz21_del_07_29.json","07",11652
145.441985,-14.694243,1906,3.55,2021-11-26 07:41:00,0.0475667219450557,5289.17815740259,"moving",29,-14.69295,145.44156,"run_day_11652_liz21_del_07_29.json","07",11652
145.442115,-14.694667,1906,3.55,2021-11-26 07:53:00,0.0491763959282862,5468.16573788957,"moving",29,-14.69295,145.44156,"run_day_11652_liz21_del_07_29.json","07",11652
145.441581,-14.693265,1907,3.55,2021-11-26 07:18:00,0.0536320464642232,5963.61147238687,"moving",29,-14.69295,145.44156,"run_day_11652_liz21_del_07_29.json","07",11652
145.441694,-14.693762,1907,3.55,2021-11-26 07:30:00,0.0565846142092731,6291.92202621078,"moving",29,-14.69295,145.44156,"run_day_11652_liz21_del_07_29.json","07",11652
145.44184,-14.694258,1907,3.55,2021-11-26 07:42:00,0.0573447330478193,6376.44338470407,"moving",29,-14.69295,145.44156,"run_day_11652_liz21_del_07_29.json","07",11652
145.441706,-14.693512,1908,3.55,2021-11-26 07:34:00,0.052951700948953,5887.96050272344,"moving",29,-14.69295,145.44156,"run_day_11652_liz21_del_07_29.json","07",11652
145.441821,-14.693981,1908,3.55,2021-11-26 07:46:00,0.0535972361112867,5959.74073774562,"moving",29,-14.69295,145.44156,"run_day_11652_liz21_del_07_29.json","07",11652
145.441955,-14.69443,1908,3.55,2021-11-26 07:58:00,0.0519652390083469,5778.27093960009,"moving",29,-14.69295,145.44156,"run_day_11652_liz21_del_07_29.json","07",11652
145.441637,-14.693633,1909,3.55,2021-11-26 08:06:00,0.055646104890134,6187.56455131387,"moving",29,-14.69295,145.44156,"run_day_11652_liz21_del_07_29.json","07",11652
145.441759,-14.694129,1909,3.55,2021-11-26 08:18:00,0.0566922241928218,6303.88771043769,"moving",29,-14.69295,145.44156,"run_day_11652_liz21_del_07_29.json","07",11652
145.441909,-14.694589,1909,3.55,2021-11-26 08:30:00,0.053633803225952,5963.80681537844,"moving",29,-14.69295,145.44156,"run_day_11652_liz21_del_07_29.json","07",11652
145.441678,-14.693324,1910,3.55,2021-11-26 07:45:00,0.0514022401429305,5715.66832205915,"moving",29,-14.69295,145.44156,"run_day_11652_liz21_del_07_29.json","07",11652
145.441771,-14.6938,1910,3.55,2021-11-26 07:57:00,0.0538657125743346,5989.59395836002,"moving",29,-14.69295,145.44156,"run_day_11652_liz21_del_07_29.json","07",11652
145.441892,-14.694241,1910,3.55,2021-11-26 08:09:00,0.0507346237712291,5641.43276858111,"moving",29,-14.69295,145.44156,"run_day_11652_liz21_del_07_29.json","07",11652
145.442031,-14.694667,1910,3.55,2021-11-26 08:21:00,0.0496723778988171,5523.31641671977,"moving",29,-14.69295,145.44156,"run_day_11652_liz21_del_07_29.json","07",11652
145.441619,-14.693364,1911,3.55,2021-11-26 07:49:00,0.0533569591392448,5933.02315746505,"moving",29,-14.69295,145.44156,"run_day_11652_liz21_del_07_29.json","07",11652
145.441724,-14.693863,1911,3.55,2021-11-26 08:01:00,0.056623953686135,6296.29637645467,"moving",29,-14.69295,145.44156,"run_day_11652_liz21_del_07_29.json","07",11652
145.441858,-14.694334,1911,3.55,2021-11-26 08:13:00,0.05431979324049,6040.08542472389,"moving",29,-14.69295,145.44156,"run_day_11652_liz21_del_07_29.json","07",11652
145.441686,-14.693619,1912,3.55,2021-11-26 07:43:00,0.0548408726571625,6098.02681223678,"moving",29,-14.69295,145.44156,"run_day_11652_liz21_del_07_29.json","07",11652
145.441812,-14.694108,1912,3.55,2021-11-26 07:55:00,0.0560377784830965,6231.11666775194,"moving",29,-14.69295,145.44156,"run_day_11652_liz21_del_07_29.json","07",11652
145.441958,-14.694567,1912,3.55,2021-11-26 08:07:00,0.053399669612468,5937.77234540205,"moving",29,-14.69295,145.44156,"run_day_11652_liz21_del_07_29.json","07",11652
145.441752,-14.693623,1913,3.55,2021-11-26 07:17:00,0.0537365467601941,5975.23137513168,"moving",29,-14.69295,145.44156,"run_day_11652_liz21_del_07_29.json","07",11652
145.441879,-14.69407,1913,3.55,2021-11-26 07:29:00,0.0515470050249321,5731.76544249403,"moving",29,-14.69295,145.44156,"run_day_11652_liz21_del_07_29.json","07",11652
145.442012,-14.694522,1913,3.55,2021-11-26 07:41:00,0.0522562701902924,5810.6321305278,"moving",29,-14.69295,145.44156,"run_day_11652_liz21_del_07_29.json","07",11652
145.441642,-14.693244,1914,3.55,2021-11-26 07:13:00,0.0524859686326429,5836.17343197533,"moving",29,-14.69295,145.44156,"run_day_11652_liz21_del_07_29.json","07",11652
145.441744,-14.693728,1914,3.55,2021-11-26 07:25:00,0.054925187875889,6107.40223679808,"moving",29,-14.69295,145.44156,"run_day_11652_liz21_del_07_29.json","07",11652
145.44188,-14.694194,1914,3.55,2021-11-26 07:37:00,0.0538419960373642,5986.95679977134,"moving",29,-14.69295,145.44156,"run_day_11652_liz21_del_07_29.json","07",11652
145.442026,-14.694653,1914,3.55,2021-11-26 07:49:00,0.0533996677949324,5937.77214330131,"moving",29,-14.69295,145.44156,"run_day_11652_liz21_del_07_29.json","07",11652
145.441596,-14.693208,1915,3.55,2021-11-26 08:09:00,0.0515276746999325,5729.61600842368,"moving",29,-14.69295,145.44156,"run_day_11652_liz21_del_07_29.json","07",11652
145.441686,-14.693684,1915,3.55,2021-11-26 08:21:00,0.0538067264378439,5983.03499923989,"moving",29,-14.69295,145.44156,"run_day_11652_liz21_del_07_29.json","07",11652
145.4418,-14.694154,1915,3.55,2021-11-26 08:33:00,0.0536807629917735,5969.0285030942,"moving",29,-14.69295,145.44156,"run_day_11652_liz21_del_07_29.json","07",11652
145.441942,-14.694593,1915,3.55,2021-11-26 08:45:00,0.051148161419816,5687.41605708049,"moving",29,-14.69295,145.44156,"run_day_11652_liz21_del_07_29.json","07",11652
145.441712,-14.693653,1916,3.55,2021-11-26 07:21:00,0.0553610765064501,6155.87084109853,"moving",29,-14.69295,145.44156,"run_day_11652_liz21_del_07_29.json","07",11652
145.441848,-14.69413,1916,3.55,2021-11-26 07:33:00,0.0550201388475602,6117.96030312789,"moving",29,-14.69295,145.44156,"run_day_11652_liz21_del_07_29.json","07",11652
145.441993,-14.694597,1916,3.55,2021-11-26 07:45:00,0.0542194888953631,6028.93209042536,"moving",29,-14.69295,145.44156,"run_day_11652_liz21_del_07_29.json","07",11652
145.441636,-14.693489,1917,3.55,2021-11-26 07:22:00,0.0548176807606003,6095.44799099979,"moving",29,-14.69295,145.44156,"run_day_11652_liz21_del_07_29.json","07",11652
145.441767,-14.693992,1917,3.55,2021-11-26 07:34:00,0.057678542727318,6413.56132752917,"moving",29,-14.69295,145.44156,"run_day_11652_liz21_del_07_29.json","07",11652
145.441915,-14.694475,1917,3.55,2021-11-26 07:46:00,0.0560166022837678,6228.76198182098,"moving",29,-14.69295,145.44156,"run_day_11652_liz21_del_07_29.json","07",11652
145.441519,-14.693471,1918,3.55,2021-11-26 07:35:00,0.0566597635671987,6300.2782535527,"moving",29,-14.69295,145.44156,"run_day_11652_liz21_del_07_29.json","07",11652
145.441658,-14.693996,1918,3.55,2021-11-26 07:47:00,0.0602613821912975,6700.75997226104,"moving",29,-14.69295,145.44156,"run_day_11652_liz21_del_07_29.json","07",11652
145.441826,-14.694516,1918,3.55,2021-11-26 07:59:00,0.0605790897259762,6736.08743827407,"moving",29,-14.69295,145.44156,"run_day_11652_liz21_del_07_29.json","07",11652
145.441585,-14.693264,1919,3.55,2021-11-26 07:52:00,0.0528791781185158,5879.89633191292,"moving",29,-14.69295,145.44156,"run_day_11652_liz21_del_07_29.json","07",11652
145.441686,-14.69376,1919,3.55,2021-11-26 08:04:00,0.0562123835938513,6250.5318702341,"moving",29,-14.69295,145.44156,"run_day_11652_liz21_del_07_29.json","07",11652
145.441815,-14.694242,1919,3.55,2021-11-26 08:16:00,0.0553628238902108,6156.06514130761,"moving",29,-14.69295,145.44156,"run_day_11652_liz21_del_07_29.json","07",11652
145.441967,-14.694692,1919,3.55,2021-11-26 08:28:00,0.0526408288529094,5853.39310280803,"moving",29,-14.69295,145.44156,"run_day_11652_liz21_del_07_29.json","07",11652
145.441503,-14.693259,1920,3.55,2021-11-26 08:03:00,0.0547880989595382,6092.15864480067,"moving",29,-14.69295,145.44156,"run_day_11652_liz21_del_07_29.json","07",11652
145.441612,-14.693758,1920,3.55,2021-11-26 08:15:00,0.0567113319019095,6306.01239074805,"moving",29,-14.69295,145.44156,"run_day_11652_liz21_del_07_29.json","07",11652
145.441747,-14.69426,1920,3.55,2021-11-26 08:27:00,0.0576775245753213,6413.44811419259,"moving",29,-14.69295,145.44156,"run_day_11652_liz21_del_07_29.json","07",11652
145.44191,-14.694729,1920,3.55,2021-11-26 08:39:00,0.0550185028114767,6117.7783842156,"moving",29,-14.69295,145.44156,"run_day_11652_liz21_del_07_29.json","07",11652
145.441676,-14.69356,1921,3.55,2021-11-26 07:29:00,0.0543589349559805,6044.43778490659,"moving",29,-14.69295,145.44156,"run_day_11652_liz21_del_07_29.json","07",11652
145.441806,-14.694052,1921,3.55,2021-11-26 07:41:00,0.0564665150851534,6278.7900027675,"moving",29,-14.69295,145.44156,"run_day_11652_liz21_del_07_29.json","07",11652
145.441951,-14.694521,1921,3.55,2021-11-26 07:53:00,0.0544325191310156,6052.61997185182,"moving",29,-14.69295,145.44156,"run_day_11652_liz21_del_07_29.json","07",11652
145.44154,-14.693633,1922,3.55,2021-11-26 07:52:00,0.0582321423946788,6475.11880193181,"moving",29,-14.69295,145.44156,"run_day_11652_liz21_del_07_29.json","07",11652
145.441683,-14.694161,1922,3.55,2021-11-26 08:04:00,0.0606921930377575,6748.66395273085,"moving",29,-14.69295,145.44156,"run_day_11652_liz21_del_07_29.json","07",11652
145.441856,-14.694665,1922,3.55,2021-11-26 08:16:00,0.0590506006701254,6566.12720983173,"moving",29,-14.69295,145.44156,"run_day_11652_liz21_del_07_29.json","07",11652
145.441735,-14.693576,1923,3.55,2021-11-26 07:12:00,0.0544121165747422,6050.35131110364,"moving",29,-14.69295,145.44156,"run_day_11652_liz21_del_07_29.json","07",11652
145.441862,-14.694034,1923,3.55,2021-11-26 07:24:00,0.0527274171661851,5863.021283951,"moving",29,-14.69295,145.44156,"run_day_11652_liz21_del_07_29.json","07",11652
145.441996,-14.694488,1923,3.55,2021-11-26 07:36:00,0.0524996269228279,5837.69216455055,"moving",29,-14.69295,145.44156,"run_day_11652_liz21_del_07_29.json","07",11652
145.44174,-14.693258,1924,3.55,2021-11-26 07:38:00,0.0484534995962983,5387.78333328255,"moving",29,-14.69295,145.44156,"run_day_11652_liz21_del_07_29.json","07",11652
145.441816,-14.693674,1924,3.55,2021-11-26 07:50:00,0.0469738211660731,5223.25059877612,"moving",29,-14.69295,145.44156,"run_day_11652_liz21_del_07_29.json","07",11652
145.441919,-14.694074,1924,3.55,2021-11-26 08:02:00,0.0458369185932617,5096.83280059035,"moving",29,-14.69295,145.44156,"run_day_11652_liz21_del_07_29.json","07",11652
145.442035,-14.694472,1924,3.55,2021-11-26 08:14:00,0.0459807070929425,5112.82135226468,"moving",29,-14.69295,145.44156,"run_day_11652_liz21_del_07_29.json","07",11652
145.44158,-14.693224,1925,3.55,2021-11-26 07:20:00,0.0529097031711105,5883.29056289701,"moving",29,-14.69295,145.44156,"run_day_11652_liz21_del_07_29.json","07",11652
145.441689,-14.693716,1925,3.55,2021-11-26 07:32:00,0.0559500132639149,6221.35762064311,"moving",29,-14.69295,145.44156,"run_day_11652_liz21_del_07_29.json","07",11652
145.441831,-14.694212,1925,3.55,2021-11-26 07:44:00,0.0572284132551762,6363.50921389381,"moving",29,-14.69295,145.44156,"run_day_11652_liz21_del_07_29.json","07",11652
145.441988,-14.694684,1925,3.55,2021-11-26 07:56:00,0.0551337309211373,6130.5911654167,"moving",29,-14.69295,145.44156,"run_day_11652_liz21_del_07_29.json","07",11652
145.441617,-14.693333,1926,3.55,2021-11-26 07:49:00,0.0529433515974047,5887.0320971905,"moving",29,-14.69295,145.44156,"run_day_11652_liz21_del_07_29.json","07",11652
145.441719,-14.693831,1926,3.55,2021-11-26 08:01:00,0.056451401353968,6277.10943253701,"moving",29,-14.69295,145.44156,"run_day_11652_liz21_del_07_29.json","07",11652
145.44185,-14.694302,1926,3.55,2021-11-26 08:13:00,0.0542350701226938,6030.66464385543,"moving",29,-14.69295,145.44156,"run_day_11652_liz21_del_07_29.json","07",11652
145.441625,-14.693614,1927,3.55,2021-11-26 07:57:00,0.056057699953366,6233.33183417722,"moving",29,-14.69295,145.44156,"run_day_11652_liz21_del_07_29.json","07",11652
145.441752,-14.694121,1927,3.55,2021-11-26 08:09:00,0.0580071279554208,6450.09833786455,"moving",29,-14.69295,145.44156,"run_day_11652_liz21_del_07_29.json","07",11652
145.441905,-14.694591,1927,3.55,2021-11-26 08:21:00,0.0547913216934025,6092.51699645631,"moving",29,-14.69295,145.44156,"run_day_11652_liz21_del_07_29.json","07",11652
145.441576,-14.693446,1928,3.55,2021-11-26 08:04:00,0.0550127427183145,6117.13789107896,"moving",29,-14.69295,145.44156,"run_day_11652_liz21_del_07_29.json","07",11652
145.441688,-14.693947,1928,3.55,2021-11-26 08:16:00,0.0569962601355968,6337.69496479187,"moving",29,-14.69295,145.44156,"run_day_11652_liz21_del_07_29.json","07",11652
145.441833,-14.694429,1928,3.55,2021-11-26 08:28:00,0.0558189873074934,6206.78819903029,"moving",29,-14.69295,145.44156,"run_day_11652_liz21_del_07_29.json","07",11652
145.441539,-14.693305,1929,3.55,2021-11-26 07:51:00,0.0545231170776098,6062.69400387751,"moving",29,-14.69295,145.44156,"run_day_11652_liz21_del_07_29.json","07",11652
145.44165,-14.693811,1929,3.55,2021-11-26 08:03:00,0.0575173740407049,6395.64018724383,"moving",29,-14.69295,145.44156,"run_day_11652_liz21_del_07_29.json","07",11652
145.441791,-14.694312,1929,3.55,2021-11-26 08:15:00,0.0577360650631939,6419.95751944731,"moving",29,-14.69295,145.44156,"run_day_11652_liz21_del_07_29.json","07",11652
145.441572,-14.693668,1930,3.55,2021-11-26 07:17:00,0.0588653925923693,6545.53301121166,"moving",29,-14.69295,145.44156,"run_day_11652_liz21_del_07_29.json","07",11652
145.441733,-14.694197,1930,3.55,2021-11-26 07:29:00,0.0613181510636634,6818.26730950403,"moving",29,-14.69295,145.44156,"run_day_11652_liz21_del_07_29.json","07",11652
145.441909,-14.694707,1930,3.55,2021-11-26 07:41:00,0.0597855353863404,6647.84822168979,"moving",29,-14.69295,145.44156,"run_day_11652_liz21_del_07_29.json","07",11652
145.441699,-14.693598,1931,3.55,2021-11-26 07:43:00,0.0543227362974148,6040.41267772275,"moving",29,-14.69295,145.44156,"run_day_11652_liz21_del_07_29.json","07",11652
145.44182,-14.694077,1931,3.55,2021-11-26 07:55:00,0.0548293595655623,6096.74661486083,"moving",29,-14.69295,145.44156,"run_day_11652_liz21_del_07_29.json","07",11652
145.441961,-14.69453,1931,3.55,2021-11-26 08:07:00,0.0526048109738821,5849.3880973917,"moving",29,-14.69295,145.44156,"run_day_11652_liz21_del_07_29.json","07",11652
145.441756,-14.69344,1932,3.55,2021-11-26 08:00:00,0.0495863443741854,5513.74992525937,"moving",29,-14.69295,145.44156,"run_day_11652_liz21_del_07_29.json","07",11652
145.441839,-14.693852,1932,3.55,2021-11-26 08:12:00,0.0466740318402446,5189.91554668179,"moving",29,-14.69295,145.44156,"run_day_11652_liz21_del_07_29.json","07",11652
145.441945,-14.694245,1932,3.55,2021-11-26 08:24:00,0.0451623984294369,5021.82958045357,"moving",29,-14.69295,145.44156,"run_day_11652_liz21_del_07_29.json","07",11652
145.44207,-14.694639,1932,3.55,2021-11-26 08:36:00,0.0458273674463939,5095.77076151501,"moving",29,-14.69295,145.44156,"run_day_11652_liz21_del_07_29.json","07",11652
145.441549,-14.693435,1933,3.55,2021-11-26 07:37:00,0.055644029524248,6187.33378115642,"moving",29,-14.69295,145.44156,"run_day_11652_liz21_del_07_29.json","07",11652
145.441678,-14.693953,1933,3.55,2021-11-26 07:49:00,0.0592465866673263,6587.91985841384,"moving",29,-14.69295,145.44156,"run_day_11652_liz21_del_07_29.json","07",11652
145.441837,-14.694464,1933,3.55,2021-11-26 08:01:00,0.0593384443491051,6598.13396660097,"moving",29,-14.69295,145.44156,"run_day_11652_liz21_del_07_29.json","07",11652
145.441591,-14.6934,1934,3.55,2021-11-26 07:17:00,0.0551974918803644,6137.68106060075,"moving",29,-14.69295,145.44156,"run_day_11652_liz21_del_07_29.json","07",11652
145.441719,-14.693908,1934,3.55,2021-11-26 07:29:00,0.0581405803255229,6464.9375643686,"moving",29,-14.69295,145.44156,"run_day_11652_liz21_del_07_29.json","07",11652
145.441872,-14.694405,1934,3.55,2021-11-26 07:41:00,0.0576620259957283,6411.72475077165,"moving",29,-14.69295,145.44156,"run_day_11652_liz21_del_07_29.json","07",11652
145.441682,-14.693134,1935,3.55,2021-11-26 07:40:00,0.0487494098387768,5420.68705098832,"moving",29,-14.69295,145.44156,"run_day_11652_liz21_del_07_29.json","07",11652
145.441761,-14.693588,1935,3.55,2021-11-26 07:52:00,0.0511926126933904,5692.35881318485,"moving",29,-14.69295,145.44156,"run_day_11652_liz21_del_07_29.json","07",11652
145.441864,-14.694017,1935,3.55,2021-11-26 08:04:00,0.0489721717328962,5445.45704346413,"moving",29,-14.69295,145.44156,"run_day_11652_liz21_del_07_29.json","07",11652
145.441985,-14.69443,1935,3.55,2021-11-26 08:16:00,0.0477320260699191,5307.55913744082,"moving",29,-14.69295,145.44156,"run_day_11652_liz21_del_07_29.json","07",11652
145.441653,-14.693362,1936,3.55,2021-11-26 07:19:00,0.0531610287934763,5911.23669703988,"moving",29,-14.69295,145.44156,"run_day_11652_liz21_del_07_29.json","07",11652
145.441765,-14.69385,1936,3.55,2021-11-26 07:31:00,0.0555842228871967,6180.68358653664,"moving",29,-14.69295,145.44156,"run_day_11652_liz21_del_07_29.json","07",11652
145.441904,-14.694319,1936,3.55,2021-11-26 07:43:00,0.0542511420926622,6032.45176537711,"moving",29,-14.69295,145.44156,"run_day_11652_liz21_del_07_29.json","07",11652
145.441708,-14.693366,1937,3.55,2021-11-26 07:26:00,0.0512728485477935,5701.28063312946,"moving",29,-14.69295,145.44156,"run_day_11652_liz21_del_07_29.json","07",11652
145.441807,-14.693822,1937,3.55,2021-11-26 07:38:00,0.0518109203278114,5761.11148523807,"moving",29,-14.69295,145.44156,"run_day_11652_liz21_del_07_29.json","07",11652
145.441933,-14.694259,1937,3.55,2021-11-26 07:50:00,0.050446664728338,5609.4131839302,"moving",29,-14.69295,145.44156,"run_day_11652_liz21_del_07_29.json","07",11652
145.44162,-14.693551,1938,3.55,2021-11-26 07:16:00,0.0564992673940516,6282.43189335288,"moving",29,-14.69295,145.44156,"run_day_11652_liz21_del_07_29.json","07",11652
145.441764,-14.694063,1938,3.55,2021-11-26 07:28:00,0.0590010219137996,6560.61430365894,"moving",29,-14.69295,145.44156,"run_day_11652_liz21_del_07_29.json","07",11652
145.44192,-14.694555,1938,3.55,2021-11-26 07:40:00,0.0572231733029489,6362.92655779027,"moving",29,-14.69295,145.44156,"run_day_11652_liz21_del_07_29.json","07",11652
145.44173,-14.693186,1939,3.55,2021-11-26 08:09:00,0.0474669730490959,5278.08658623346,"moving",29,-14.69295,145.44156,"run_day_11652_liz21_del_07_29.json","07",11652
145.441797,-14.693592,1939,3.55,2021-11-26 08:21:00,0.045716694853974,5083.46453071931,"moving",29,-14.69295,145.44156,"run_day_11652_liz21_del_07_29.json","07",11652
145.441881,-14.693976,1939,3.55,2021-11-26 08:33:00,0.043644259149189,4853.02019455018,"moving",29,-14.69295,145.44156,"run_day_11652_liz21_del_07_29.json","07",11652
145.441988,-14.694354,1939,3.55,2021-11-26 08:45:00,0.0435788133479994,4845.74295348771,"moving",29,-14.69295,145.44156,"run_day_11652_liz21_del_07_29.json","07",11652
145.44156,-14.693315,1940,3.55,2021-11-26 07:43:00,0.0540416887923689,6009.16162101553,"moving",29,-14.69295,145.44156,"run_day_11652_liz21_del_07_29.json","07",11652
145.441672,-14.693821,1940,3.55,2021-11-26 07:55:00,0.0575397962248816,6398.13342036856,"moving",29,-14.69295,145.44156,"run_day_11652_liz21_del_07_29.json","07",11652
145.441816,-14.694322,1940,3.55,2021-11-26 08:07:00,0.0578216609979561,6429.47535313428,"moving",29,-14.69295,145.44156,"run_day_11652_liz21_del_07_29.json","07",11652
145.441594,-14.693676,1941,3.55,2021-11-26 07:22:00,0.0580900207987051,6459.31560149291,"moving",29,-14.69295,145.44156,"run_day_11652_liz21_del_07_29.json","07",11652
145.441752,-14.6942,1941,3.55,2021-11-26 07:34:00,0.0606938729493134,6748.85075037307,"moving",29,-14.69295,145.44156,"run_day_11652_liz21_del_07_29.json","07",11652
145.441924,-14.694704,1941,3.55,2021-11-26 07:46:00,0.0590167951216327,6562.36820434689,"moving",29,-14.69295,145.44156,"run_day_11652_liz21_del_07_29.json","07",11652
145.441619,-14.693295,1942,3.55,2021-11-26 08:04:00,0.0522904828341542,5814.43640295234,"moving",29,-14.69295,145.44156,"run_day_11652_liz21_del_07_29.json","07",11652
145.441712,-14.693777,1942,3.55,2021-11-26 08:16:00,0.0545214185314454,6062.50513416136,"moving",29,-14.69295,145.44156,"run_day_11652_liz21_del_07_29.json","07",11652
145.441833,-14.694239,1942,3.55,2021-11-26 08:28:00,0.0529949668511685,5892.7714515465,"moving",29,-14.69295,145.44156,"run_day_11652_liz21_del_07_29.json","07",11652
145.441978,-14.694674,1942,3.55,2021-11-26 08:40:00,0.0508219369539998,5651.1415515344,"moving",29,-14.69295,145.44156,"run_day_11652_liz21_del_07_29.json","07",11652
145.44177,-14.693584,1943,3.55,2021-11-26 07:16:00,0.0518892098619089,5769.81688423907,"moving",29,-14.69295,145.44156,"run_day_11652_liz21_del_07_29.json","07",11652
145.441889,-14.694016,1943,3.55,2021-11-26 07:28:00,0.049712201457616,5527.74459441913,"moving",29,-14.69295,145.44156,"run_day_11652_liz21_del_07_29.json","07",11652
145.442014,-14.694456,1943,3.55,2021-11-26 07:40:00,0.0507394560715832,5641.9700958645,"moving",29,-14.69295,145.44156,"run_day_11652_liz21_del_07_29.json","07",11652
145.441522,-14.693385,1944,3.55,2021-11-26 07:33:00,0.0556365552383003,6186.50267847874,"moving",29,-14.69295,145.44156,"run_day_11652_liz21_del_07_29.json","07",11652
145.441652,-14.693903,1944,3.55,2021-11-26 07:45:00,0.059271868886916,6590.73111296652,"moving",29,-14.69295,145.44156,"run_day_11652_liz21_del_07_29.json","07",11652
145.441813,-14.694422,1944,3.55,2021-11-26 07:57:00,0.060252278228896,6699.74765782963,"moving",29,-14.69295,145.44156,"run_day_11652_liz21_del_07_29.json","07",11652
145.441598,-14.693562,1945,3.55,2021-11-26 07:49:00,0.0561900362933532,6248.0469637945,"moving",29,-14.69295,145.44156,"run_day_11652_liz21_del_07_29.json","07",11652
145.441728,-14.694078,1945,3.55,2021-11-26 08:01:00,0.0590557764298156,6566.7027280508,"moving",29,-14.69295,145.44156,"run_day_11652_liz21_del_07_29.json","07",11652
145.441885,-14.694563,1945,3.55,2021-11-26 08:13:00,0.0565115299749746,6283.79543013909,"moving",29,-14.69295,145.44156,"run_day_11652_liz21_del_07_29.json","07",11652
145.441513,-14.69355,1946,3.55,2021-11-26 07:52:00,0.0579568561149232,6444.50836424813,"moving",29,-14.69295,145.44156,"run_day_11652_liz21_del_07_29.json","07",11652
145.441651,-14.694078,1946,3.55,2021-11-26 08:04:00,0.0605581400365953,6733.75793910013,"moving",29,-14.69295,145.44156,"run_day_11652_liz21_del_07_29.json","07",11652
145.44182,-14.694588,1946,3.55,2021-11-26 08:16:00,0.0595514242916663,6621.81625569083,"moving",29,-14.69295,145.44156,"run_day_11652_liz21_del_07_29.json","07",11652
145.441664,-14.693217,1947,3.55,2021-11-26 07:23:00,0.0505916855760148,5625.53876644955,"moving",29,-14.69295,145.44156,"run_day_11652_liz21_del_07_29.json","07",11652
145.441757,-14.693688,1947,3.55,2021-11-26 07:35:00,0.0533195093326755,5928.85892897072,"moving",29,-14.69295,145.44156,"run_day_11652_liz21_del_07_29.json","07",11652
145.441881,-14.694138,1947,3.55,2021-11-26 07:47:00,0.0517846954695376,5758.19541404605,"moving",29,-14.69295,145.44156,"run_day_11652_liz21_del_07_29.json","07",11652
145.442019,-14.694582,1947,3.55,2021-11-26 07:59:00,0.0515535246212084,5732.49038852372,"moving",29,-14.69295,145.44156,"run_day_11652_liz21_del_07_29.json","07",11652
145.441638,-14.693219,1948,3.55,2021-11-26 07:30:00,0.0507653378976888,5644.84802361974,"moving",29,-14.69295,145.44156,"run_day_11652_liz21_del_07_29.json","07",11652
145.441734,-14.693703,1948,3.55,2021-11-26 07:42:00,0.0547999317796764,6093.47439436794,"moving",29,-14.69295,145.44156,"run_day_11652_liz21_del_07_29.json","07",11652
145.44186,-14.694167,1948,3.55,2021-11-26 07:54:00,0.0533446601882443,5931.65557651074,"moving",29,-14.69295,145.44156,"run_day_11652_liz21_del_07_29.json","07",11652
145.442003,-14.694614,1948,3.55,2021-11-26 08:06:00,0.0520295080665589,5785.41733281349,"moving",29,-14.69295,145.44156,"run_day_11652_liz21_del_07_29.json","07",11652
145.441684,-14.693334,1949,3.55,2021-11-26 07:34:00,0.051204297808484,5693.65813870052,"moving",29,-14.69295,145.44156,"run_day_11652_liz21_del_07_29.json","07",11652
145.441781,-14.693806,1949,3.55,2021-11-26 07:46:00,0.0535109504148341,5950.1462060581,"moving",29,-14.69295,145.44156,"run_day_11652_liz21_del_07_29.json","07",11652
145.441906,-14.69425,1949,3.55,2021-11-26 07:58:00,0.0511684761626295,5689.67495341744,"moving",29,-14.69295,145.44156,"run_day_11652_liz21_del_07_29.json","07",11652
145.442048,-14.694684,1949,3.55,2021-11-26 08:10:00,0.0506178229120259,5628.44510560998,"moving",29,-14.69295,145.44156,"run_day_11652_liz21_del_07_29.json","07",11652
145.441686,-14.693631,1950,3.55,2021-11-26 07:33:00,0.0549251888487204,6107.402344972,"moving",29,-14.69295,145.44156,"run_day_11652_liz21_del_07_29.json","07",11652
145.44182,-14.694122,1950,3.55,2021-11-26 07:45:00,0.0564670675452406,6278.85143352638,"moving",29,-14.69295,145.44156,"run_day_11652_liz21_del_07_29.json","07",11652
145.441968,-14.694589,1950,3.55,2021-11-26 07:57:00,0.0543131835782634,6039.35046381745,"moving",29,-14.69295,145.44156,"run_day_11652_liz21_del_07_29.json","07",11652
145.441528,-14.69342,1951,3.55,2021-11-26 08:04:00,0.0559803428281725,6224.73011431589,"moving",29,-14.69295,145.44156,"run_day_11652_liz21_del_07_29.json","07",11652
145.441645,-14.693926,1951,3.55,2021-11-26 08:16:00,0.0576547855120563,6410.91964572087,"moving",29,-14.69295,145.44156,"run_day_11652_liz21_del_07_29.json","07",11652
145.441795,-14.694424,1951,3.55,2021-11-26 08:28:00,0.0576775146000967,6413.44700499822,"moving",29,-14.69295,145.44156,"run_day_11652_liz21_del_07_29.json","07",11652
145.441519,-14.693574,1952,3.55,2021-11-26 07:23:00,0.0584045236865311,6494.28672703421,"moving",29,-14.69295,145.44156,"run_day_11652_liz21_del_07_29.json","07",11652
145.441675,-14.694104,1952,3.55,2021-11-26 07:35:00,0.0612753880748916,6813.51228210444,"moving",29,-14.69295,145.44156,"run_day_11652_liz21_del_07_29.json","07",11652
145.441852,-14.694629,1952,3.55,2021-11-26 07:47:00,0.0614031776350578,6827.72183287307,"moving",29,-14.69295,145.44156,"run_day_11652_liz21_del_07_29.json","07",11652
145.441764,-14.693337,1953,3.55,2021-11-26 07:35:00,0.0476309546643906,5296.32050991721,"moving",29,-14.69295,145.44156,"run_day_11652_liz21_del_07_29.json","07",11652
145.441844,-14.693739,1953,3.55,2021-11-26 07:47:00,0.0455210135740967,5061.70576515765,"moving",29,-14.69295,145.44156,"run_day_11652_liz21_del_07_29.json","07",11652
145.44195,-14.694131,1953,3.55,2021-11-26 07:59:00,0.0450548153050752,5009.86688283198,"moving",29,-14.69295,145.44156,"run_day_11652_liz21_del_07_29.json","07",11652
145.442068,-14.694531,1953,3.55,2021-11-26 08:11:00,0.0462533561167331,5143.13854046479,"moving",29,-14.69295,145.44156,"run_day_11652_liz21_del_07_29.json","07",11652
145.441719,-14.693509,1954,3.55,2021-11-26 07:40:00,0.0526550005357636,5854.96892204344,"moving",29,-14.69295,145.44156,"run_day_11652_liz21_del_07_29.json","07",11652
145.441828,-14.693968,1954,3.55,2021-11-26 07:52:00,0.0523676851876266,5823.02091298349,"moving",29,-14.69295,145.44156,"run_day_11652_liz21_del_07_29.json","07",11652
145.441956,-14.694406,1954,3.55,2021-11-26 08:04:00,0.0506118704881336,5627.78322627193,"moving",29,-14.69295,145.44156,"run_day_11652_liz21_del_07_29.json","07",11652
145.441735,-14.693523,1955,3.55,2021-11-26 07:40:00,0.0520509910132357,5787.80612749333,"moving",29,-14.69295,145.44156,"run_day_11652_liz21_del_07_29.json","07",11652
145.441842,-14.69397,1955,3.55,2021-11-26 07:52:00,0.0510191329245192,5673.0687430109,"moving",29,-14.69295,145.44156,"run_day_11652_liz21_del_07_29.json","07",11652
145.441968,-14.694401,1955,3.55,2021-11-26 08:04:00,0.0498043412066973,5537.99006705929,"moving",29,-14.69295,145.44156,"run_day_11652_liz21_del_07_29.json","07",11652
145.441571,-14.693645,1956,3.55,2021-11-26 08:05:00,0.0572363922495934,6364.39643759273,"moving",29,-14.69295,145.44156,"run_day_11652_liz21_del_07_29.json","07",11652
145.441704,-14.694157,1956,3.55,2021-11-26 08:17:00,0.0587015357843506,6527.31296546381,"moving",29,-14.69295,145.44156,"run_day_11652_liz21_del_07_29.json","07",11652
145.441868,-14.694643,1956,3.55,2021-11-26 08:29:00,0.0568467544574601,6321.07069187852,"moving",29,-14.69295,145.44156,"run_day_11652_liz21_del_07_29.json","07",11652
145.441757,-14.693326,1957,3.55,2021-11-26 07:35:00,0.0481062449780407,5349.17038147841,"moving",29,-14.69295,145.44156,"run_day_11652_liz21_del_07_29.json","07",11652
145.441837,-14.693735,1957,3.55,2021-11-26 07:47:00,0.0462855796060203,5146.72162899231,"moving",29,-14.69295,145.44156,"run_day_11652_liz21_del_07_29.json","07",11652
145.441944,-14.694131,1957,3.55,2021-11-26 07:59:00,0.0455123372818266,5060.74100547513,"moving",29,-14.69295,145.44156,"run_day_11652_liz21_del_07_29.json","07",11652
145.442064,-14.694534,1957,3.55,2021-11-26 08:11:00,0.0466333067118299,5185.38711901513,"moving",29,-14.69295,145.44156,"run_day_11652_liz21_del_07_29.json","07",11652
145.441775,-14.693249,1958,3.55,2021-11-26 07:52:00,0.0456768531282437,5079.03433294935,"moving",29,-14.69295,145.44156,"run_day_11652_liz21_del_07_29.json","07",11652
145.44184,-14.693629,1958,3.55,2021-11-26 08:04:00,0.0428285526170204,4762.3177665422,"moving",29,-14.69295,145.44156,"run_day_11652_liz21_del_07_29.json","07",11652
145.441925,-14.693991,1958,3.55,2021-11-26 08:16:00,0.0412777588920063,4589.87737204843,"moving",29,-14.69295,145.44156,"run_day_11652_liz21_del_07_29.json","07",11652
145.442028,-14.694356,1958,3.55,2021-11-26 08:28:00,0.0420709914727682,4678.08081067831,"moving",29,-14.69295,145.44156,"run_day_11652_liz21_del_07_29.json","07",11652
145.441668,-14.693584,1959,3.55,2021-11-26 07:31:00,0.0547289702334201,6085.58383043739,"moving",29,-14.69295,145.44156,"run_day_11652_liz21_del_07_29.json","07",11652
145.441801,-14.694081,1959,3.55,2021-11-26 07:43:00,0.0570853446525104,6347.60071111524,"moving",29,-14.69295,145.44156,"run_day_11652_liz21_del_07_29.json","07",11652
145.44195,-14.694553,1959,3.55,2021-11-26 07:55:00,0.054876300514684,6101.96621025505,"moving",29,-14.69295,145.44156,"run_day_11652_liz21_del_07_29.json","07",11652
145.44158,-14.693579,1960,3.55,2021-11-26 08:00:00,0.0566474929920135,6298.9138278451,"moving",29,-14.69295,145.44156,"run_day_11652_liz21_del_07_29.json","07",11652
145.441707,-14.694091,1960,3.55,2021-11-26 08:12:00,0.0585476141043679,6510.19765554912,"moving",29,-14.69295,145.44156,"run_day_11652_liz21_del_07_29.json","07",11652
145.441865,-14.694575,1960,3.55,2021-11-26 08:24:00,0.0564377189576678,6275.58801948409,"moving",29,-14.69295,145.44156,"run_day_11652_liz21_del_07_29.json","07",11652
145.441537,-14.693492,1961,3.55,2021-11-26 07:33:00,0.0565262755166621,6285.43505956536,"moving",29,-14.69295,145.44156,"run_day_11652_liz21_del_07_29.json","07",11652
145.441677,-14.694016,1961,3.55,2021-11-26 07:45:00,0.0601804924623396,6691.76544478327,"moving",29,-14.69295,145.44156,"run_day_11652_liz21_del_07_29.json","07",11652
145.441844,-14.694532,1961,3.55,2021-11-26 07:57:00,0.0601224818348669,6685.31495731684,"moving",29,-14.69295,145.44156,"run_day_11652_liz21_del_07_29.json","07",11652
145.441616,-14.693397,1962,3.55,2021-11-26 07:55:00,0.0537926825578454,5981.47339103365,"moving",29,-14.69295,145.44156,"run_day_11652_liz21_del_07_29.json","07",11652
145.441722,-14.693896,1962,3.55,2021-11-26 08:07:00,0.0566455038913092,6298.69264993819,"moving",29,-14.69295,145.44156,"run_day_11652_liz21_del_07_29.json","07",11652
145.441858,-14.694365,1962,3.55,2021-11-26 08:19:00,0.0541631064437614,6022.66264785547,"moving",29,-14.69295,145.44156,"run_day_11652_liz21_del_07_29.json","07",11652
145.441503,-14.693447,1963,3.55,2021-11-26 07:57:00,0.0570168118337263,6339.9802093578,"moving",29,-14.69295,145.44156,"run_day_11652_liz21_del_07_29.json","07",11652
145.441629,-14.693965,1963,3.55,2021-11-26 08:09:00,0.0591718503767957,6579.6095620706,"moving",29,-14.69295,145.44156,"run_day_11652_liz21_del_07_29.json","07",11652
145.441788,-14.694473,1963,3.55,2021-11-26 08:21:00,0.0590190922394193,6562.62363219068,"moving",29,-14.69295,145.44156,"run_day_11652_liz21_del_07_29.json","07",11652
145.441778,-14.693242,1964,3.55,2021-11-26 07:24:00,0.0455129283468887,5060.80672891135,"moving",29,-14.69295,145.44156,"run_day_11652_liz21_del_07_29.json","07",11652
145.441849,-14.693618,1964,3.55,2021-11-26 07:36:00,0.0425010048232969,4725.89611364653,"moving",29,-14.69295,145.44156,"run_day_11652_liz21_del_07_29.json","07",11652
145.441947,-14.693991,1964,3.55,2021-11-26 07:48:00,0.0427941701502261,4758.49461066916,"moving",29,-14.69295,145.44156,"run_day_11652_liz21_del_07_29.json","07",11652
145.442055,-14.694377,1964,3.55,2021-11-26 08:00:00,0.0444653899622321,4944.32577507209,"moving",29,-14.69295,145.44156,"run_day_11652_liz21_del_07_29.json","07",11652
145.441505,-14.693324,1965,3.55,2021-11-26 07:52:00,0.0556688705441036,6190.09597653704,"moving",29,-14.69295,145.44156,"run_day_11652_liz21_del_07_29.json","07",11652
145.441622,-14.693836,1965,3.55,2021-11-26 08:04:00,0.0583060515141825,6483.33712105338,"moving",29,-14.69295,145.44156,"run_day_11652_liz21_del_07_29.json","07",11652
145.44177,-14.694345,1965,3.55,2021-11-26 08:16:00,0.0587942207260405,6537.61906075607,"moving",29,-14.69295,145.44156,"run_day_11652_liz21_del_07_29.json","07",11652
145.441495,-14.693475,1966,3.55,2021-11-26 07:19:00,0.0581080998210381,6461.32589705503,"moving",29,-14.69295,145.44156,"run_day_11652_liz21_del_07_29.json","07",11652
145.441645,-14.694002,1966,3.55,2021-11-26 07:31:00,0.060780143928748,6758.44364560286,"moving",29,-14.69295,145.44156,"run_day_11652_liz21_del_07_29.json","07",11652
145.441818,-14.694531,1966,3.55,2021-11-26 07:43:00,0.0616950747943278,6860.17931608584,"moving",29,-14.69295,145.44156,"run_day_11652_liz21_del_07_29.json","07",11652
145.441507,-14.693602,1967,3.55,2021-11-26 07:13:00,0.0598306167897416,6652.86104503402,"moving",29,-14.69295,145.44156,"run_day_11652_liz21_del_07_29.json","07",11652
145.441671,-14.694138,1967,3.55,2021-11-26 07:25:00,0.0621560240876159,6911.43453893987,"moving",29,-14.69295,145.44156,"run_day_11652_liz21_del_07_29.json","07",11652
145.441853,-14.694664,1967,3.55,2021-11-26 07:37:00,0.061677474561767,6858.22225951732,"moving",29,-14.69295,145.44156,"run_day_11652_liz21_del_07_29.json","07",11652
145.441681,-14.693193,1968,3.55,2021-11-26 07:50:00,0.0496436555050472,5520.12263225146,"moving",29,-14.69295,145.44156,"run_day_11652_liz21_del_07_29.json","07",11652
145.441761,-14.693654,1968,3.55,2021-11-26 08:02:00,0.0519780378031175,5779.69410064575,"moving",29,-14.69295,145.44156,"run_day_11652_liz21_del_07_29.json","07",11652
145.441865,-14.694081,1968,3.55,2021-11-26 08:14:00,0.0487801247234723,5424.10239033893,"moving",29,-14.69295,145.44156,"run_day_11652_liz21_del_07_29.json","07",11652
145.44199,-14.694493,1968,3.55,2021-11-26 08:26:00,0.0477444164048601,5308.93687982569,"moving",29,-14.69295,145.44156,"run_day_11652_liz21_del_07_29.json","07",11652
145.441757,-14.693232,1969,3.55,2021-11-26 07:50:00,0.0470283779270237,5229.31703380799,"moving",29,-14.69295,145.44156,"run_day_11652_liz21_del_07_29.json","07",11652
145.441825,-14.693629,1969,3.55,2021-11-26 08:02:00,0.0447461850900511,4975.54876871209,"moving",29,-14.69295,145.44156,"run_day_11652_liz21_del_07_29.json","07",11652
145.441914,-14.694004,1969,3.55,2021-11-26 08:14:00,0.0427827970426584,4757.22997880744,"moving",29,-14.69295,145.44156,"run_day_11652_liz21_del_07_29.json","07",11652
145.442021,-14.694379,1969,3.55,2021-11-26 08:26:00,0.0432571608005202,4809.97682206573,"moving",29,-14.69295,145.44156,"run_day_11652_liz21_del_07_29.json","07",11652
145.441459,-14.69348,1970,3.55,2021-11-26 07:40:00,0.0582698014395399,6479.30629666264,"moving",29,-14.69295,145.44156,"run_day_11652_liz21_del_07_29.json","07",11652
145.441604,-14.694015,1970,3.55,2021-11-26 07:52:00,0.0614996674004941,6838.4510052627,"moving",29,-14.69295,145.44156,"run_day_11652_liz21_del_07_29.json","07",11652
145.441781,-14.694548,1970,3.55,2021-11-26 08:04:00,0.062249514374531,6921.83018453538,"moving",29,-14.69295,145.44156,"run_day_11652_liz21_del_07_29.json","07",11652
145.441764,-14.693307,1971,3.55,2021-11-26 08:08:00,0.0467735207081798,5200.9782040538,"moving",29,-14.69295,145.44156,"run_day_11652_liz21_del_07_29.json","07",11652
145.441831,-14.693694,1971,3.55,2021-11-26 08:20:00,0.0436316748568352,4851.62088508503,"moving",29,-14.69295,145.44156,"run_day_11652_liz21_del_07_29.json","07",11652
145.44192,-14.694064,1971,3.55,2021-11-26 08:32:00,0.0422411009471643,4696.99612120534,"moving",29,-14.69295,145.44156,"run_day_11652_liz21_del_07_29.json","07",11652
145.442029,-14.694438,1971,3.55,2021-11-26 08:44:00,0.0432078547996505,4804.49424491588,"moving",29,-14.69295,145.44156,"run_day_11652_liz21_del_07_29.json","07",11652
145.441702,-14.693184,1972,3.55,2021-11-26 07:32:00,0.0487494094646829,5420.68700939098,"moving",29,-14.69295,145.44156,"run_day_11652_liz21_del_07_29.json","07",11652
145.441783,-14.693627,1972,3.55,2021-11-26 07:44:00,0.0500238635860918,5562.39984193289,"moving",29,-14.69295,145.44156,"run_day_11652_liz21_del_07_29.json","07",11652
145.441891,-14.694048,1972,3.55,2021-11-26 07:56:00,0.0482327825943735,5363.24072244431,"moving",29,-14.69295,145.44156,"run_day_11652_liz21_del_07_29.json","07",11652
145.442013,-14.694465,1972,3.55,2021-11-26 08:08:00,0.0481892828463865,5358.40377115784,"moving",29,-14.69295,145.44156,"run_day_11652_liz21_del_07_29.json","07",11652
145.441507,-14.693377,1973,3.55,2021-11-26 07:30:00,0.0558482374865533,6210.04067054519,"moving",29,-14.69295,145.44156,"run_day_11652_liz21_del_07_29.json","07",11652
145.44164,-14.693896,1973,3.55,2021-11-26 07:42:00,0.0594567408845094,6611.28794117756,"moving",29,-14.69295,145.44156,"run_day_11652_liz21_del_07_29.json","07",11652
145.441803,-14.69442,1973,3.55,2021-11-26 07:54:00,0.0608466390393955,6765.83756455352,"moving",29,-14.69295,145.44156,"run_day_11652_liz21_del_07_29.json","07",11652
145.441466,-14.693438,1974,3.55,2021-11-26 07:46:00,0.057812704226973,6428.47940564183,"moving",29,-14.69295,145.44156,"run_day_11652_liz21_del_07_29.json","07",11652
145.441602,-14.693968,1974,3.55,2021-11-26 07:58:00,0.0607215919451583,6751.93296208271,"moving",29,-14.69295,145.44156,"run_day_11652_liz21_del_07_29.json","07",11652
145.441771,-14.694493,1974,3.55,2021-11-26 08:10:00,0.0611418709600679,6798.66585631583,"moving",29,-14.69295,145.44156,"run_day_11652_liz21_del_07_29.json","07",11652
145.441661,-14.693281,1975,3.55,2021-11-26 07:12:00,0.0526601775284511,5855.54457736556,"moving",29,-14.69295,145.44156,"run_day_11652_liz21_del_07_29.json","07",11652
145.441764,-14.693762,1975,3.55,2021-11-26 07:24:00,0.0546200800996309,6073.47579999838,"moving",29,-14.69295,145.44156,"run_day_11652_liz21_del_07_29.json","07",11652
145.441899,-14.69422,1975,3.55,2021-11-26 07:36:00,0.0529568536564906,5888.5334576601,"moving",29,-14.69295,145.44156,"run_day_11652_liz21_del_07_29.json","07",11652
145.442044,-14.694676,1975,3.55,2021-11-26 07:48:00,0.0530492029263235,5898.80222794485,"moving",29,-14.69295,145.44156,"run_day_11652_liz21_del_07_29.json","07",11652
145.441645,-14.693148,1976,3.55,2021-11-26 08:07:00,0.0495740101711649,5512.37842445929,"moving",29,-14.69295,145.44156,"run_day_11652_liz21_del_07_29.json","07",11652
145.441725,-14.69361,1976,3.55,2021-11-26 08:19:00,0.0520877020386683,5791.88820727335,"moving",29,-14.69295,145.44156,"run_day_11652_liz21_del_07_29.json","07",11652
145.441825,-14.694051,1976,3.55,2021-11-26 08:31:00,0.0502027050530601,5582.28610573344,"moving",29,-14.69295,145.44156,"run_day_11652_liz21_del_07_29.json","07",11652
145.441951,-14.69447,1976,3.55,2021-11-26 08:43:00,0.0485217095484368,5395.36793390702,"moving",29,-14.69295,145.44156,"run_day_11652_liz21_del_07_29.json","07",11652
145.441598,-14.693679,1977,3.55,2021-11-26 07:54:00,0.0574765789717664,6391.10398254575,"moving",29,-14.69295,145.44156,"run_day_11652_liz21_del_07_29.json","07",11652
145.441738,-14.694198,1977,3.55,2021-11-26 08:06:00,0.0596423624994847,6631.92812303838,"moving",29,-14.69295,145.44156,"run_day_11652_liz21_del_07_29.json","07",11652
145.441903,-14.694681,1977,3.55,2021-11-26 08:18:00,0.056563384234067,6289.56136067506,"moving",29,-14.69295,145.44156,"run_day_11652_liz21_del_07_29.json","07",11652
145.441651,-14.693493,1978,3.55,2021-11-26 07:55:00,0.0541244516609218,6018.36443211317,"moving",29,-14.69295,145.44156,"run_day_11652_liz21_del_07_29.json","07",11652
145.441762,-14.693987,1978,3.55,2021-11-26 08:07:00,0.0562127773601523,6250.57565504904,"moving",29,-14.69295,145.44156,"run_day_11652_liz21_del_07_29.json","07",11652
145.4419,-14.694443,1978,3.55,2021-11-26 08:19:00,0.0528327621819878,5874.73511525555,"moving",29,-14.69295,145.44156,"run_day_11652_liz21_del_07_29.json","07",11652
145.441558,-14.693235,1979,3.55,2021-11-26 07:12:00,0.0542466241273408,6031.94939055461,"moving",29,-14.69295,145.44156,"run_day_11652_liz21_del_07_29.json","07",11652
145.441674,-14.693736,1979,3.55,2021-11-26 07:24:00,0.0570887442368262,6347.97872764387,"moving",29,-14.69295,145.44156,"run_day_11652_liz21_del_07_29.json","07",11652
145.441824,-14.694239,1979,3.55,2021-11-26 07:36:00,0.0582115067423366,6472.82422208335,"moving",29,-14.69295,145.44156,"run_day_11652_liz21_del_07_29.json","07",11652
145.441688,-14.693501,1980,3.55,2021-11-26 07:24:00,0.0535109532548993,5950.14652185894,"moving",29,-14.69295,145.44156,"run_day_11652_liz21_del_07_29.json","07",11652
145.441811,-14.693982,1980,3.55,2021-11-26 07:36:00,0.0550966774973868,6126.47101268083,"moving",29,-14.69295,145.44156,"run_day_11652_liz21_del_07_29.json","07",11652
145.441949,-14.694444,1980,3.55,2021-11-26 07:48:00,0.0534733895758285,5945.96963132016,"moving",29,-14.69295,145.44156,"run_day_11652_liz21_del_07_29.json","07",11652
145.44167,-14.693499,1981,3.55,2021-11-26 07:27:00,0.0536622901489962,5966.97441669666,"moving",29,-14.69295,145.44156,"run_day_11652_liz21_del_07_29.json","07",11652
145.441794,-14.69399,1981,3.55,2021-11-26 07:39:00,0.0562021571593864,6249.39474260393,"moving",29,-14.69295,145.44156,"run_day_11652_liz21_del_07_29.json","07",11652
145.441936,-14.694457,1981,3.55,2021-11-26 07:51:00,0.0541275585670512,6018.70990431232,"moving",29,-14.69295,145.44156,"run_day_11652_liz21_del_07_29.json","07",11652
145.441711,-14.693631,1982,3.55,2021-11-26 07:23:00,0.0548616474616523,6100.33686509807,"moving",29,-14.69295,145.44156,"run_day_11652_liz21_del_07_29.json","07",11652
145.441845,-14.694107,1982,3.55,2021-11-26 07:35:00,0.0548560424206057,6099.71361297006,"moving",29,-14.69295,145.44156,"run_day_11652_liz21_del_07_29.json","07",11652
145.441988,-14.694571,1982,3.55,2021-11-26 07:47:00,0.0538382384244233,5986.53897227601,"moving",29,-14.69295,145.44156,"run_day_11652_liz21_del_07_29.json","07",11652
145.44174,-14.693561,1983,3.55,2021-11-26 07:30:00,0.0523461006104297,5820.62081750542,"moving",29,-14.69295,145.44156,"run_day_11652_liz21_del_07_29.json","07",11652
145.441856,-14.69401,1983,3.55,2021-11-26 07:42:00,0.0514619013682803,5722.30234763545,"moving",29,-14.69295,145.44156,"run_day_11652_liz21_del_07_29.json","07",11652
145.441986,-14.694451,1983,3.55,2021-11-26 07:54:00,0.0509915240211131,5669.99877302192,"moving",29,-14.69295,145.44156,"run_day_11652_liz21_del_07_29.json","07",11652
145.441768,-14.693594,1984,3.55,2021-11-26 07:43:00,0.0509000639602633,5659.82887826483,"moving",29,-14.69295,145.44156,"run_day_11652_liz21_del_07_29.json","07",11652
145.441875,-14.694022,1984,3.55,2021-11-26 07:55:00,0.0489632021790166,5444.45967457845,"moving",29,-14.69295,145.44156,"run_day_11652_liz21_del_07_29.json","07",11652
145.441998,-14.694442,1984,3.55,2021-11-26 08:07:00,0.048539552423104,5397.35197104676,"moving",29,-14.69295,145.44156,"run_day_11652_liz21_del_07_29.json","07",11652
145.44154,-14.693637,1985,3.55,2021-11-26 07:43:00,0.0583313915297503,6486.15480222562,"moving",29,-14.69295,145.44156,"run_day_11652_liz21_del_07_29.json","07",11652
145.441689,-14.694169,1985,3.55,2021-11-26 07:55:00,0.0612881348141444,6814.92965484061,"moving",29,-14.69295,145.44156,"run_day_11652_liz21_del_07_29.json","07",11652
145.441866,-14.694681,1985,3.55,2021-11-26 08:07:00,0.0600305484181084,6675.09242778419,"moving",29,-14.69295,145.44156,"run_day_11652_liz21_del_07_29.json","07",11652
145.441752,-14.693475,1986,3.55,2021-11-26 07:20:00,0.0511751683059626,5690.41908580446,"moving",29,-14.69295,145.44156,"run_day_11652_liz21_del_07_29.json","07",11652
145.441859,-14.693905,1986,3.55,2021-11-26 07:32:00,0.0491793906989002,5468.4987411883,"moving",29,-14.69295,145.44156,"run_day_11652_liz21_del_07_29.json","07",11652
145.441982,-14.694334,1986,3.55,2021-11-26 07:44:00,0.0495031719735936,5504.50157627671,"moving",29,-14.69295,145.44156,"run_day_11652_liz21_del_07_29.json","07",11652
145.441554,-14.693242,1987,3.55,2021-11-26 07:42:00,0.05323504664761,5919.46710690065,"moving",29,-14.69295,145.44156,"run_day_11652_liz21_del_07_29.json","07",11652
145.441662,-14.693743,1987,3.55,2021-11-26 07:54:00,0.0569068833687949,6327.75672176361,"moving",29,-14.69295,145.44156,"run_day_11652_liz21_del_07_29.json","07",11652
145.441799,-14.694245,1987,3.55,2021-11-26 08:06:00,0.0577320559292428,6419.51172409171,"moving",29,-14.69295,145.44156,"run_day_11652_liz21_del_07_29.json","07",11652
145.441958,-14.694709,1987,3.55,2021-11-26 08:18:00,0.0543549047902173,6043.98965092019,"moving",29,-14.69295,145.44156,"run_day_11652_liz21_del_07_29.json","07",11652
145.441526,-14.69363,1988,3.55,2021-11-26 07:50:00,0.0585476208285691,6510.19840324618,"moving",29,-14.69295,145.44156,"run_day_11652_liz21_del_07_29.json","07",11652
145.441672,-14.694162,1988,3.55,2021-11-26 08:02:00,0.0612045514114018,6805.63560450395,"moving",29,-14.69295,145.44156,"run_day_11652_liz21_del_07_29.json","07",11652
145.441848,-14.694671,1988,3.55,2021-11-26 08:14:00,0.0596800730909678,6636.12134949206,"moving",29,-14.69295,145.44156,"run_day_11652_liz21_del_07_29.json","07",11652
145.441771,-14.693155,1989,3.55,2021-11-26 08:04:00,0.0445092624405769,4949.20417208336,"moving",29,-14.69295,145.44156,"run_day_11652_liz21_del_07_29.json","07",11652
145.441831,-14.69352,1989,3.55,2021-11-26 08:16:00,0.0410960248155363,4569.66946474652,"moving",29,-14.69295,145.44156,"run_day_11652_liz21_del_07_29.json","07",11652
145.441903,-14.693869,1989,3.55,2021-11-26 08:28:00,0.0395721898168074,4400.22674384445,"moving",29,-14.69295,145.44156,"run_day_11652_liz21_del_07_29.json","07",11652
145.441995,-14.694215,1989,3.55,2021-11-26 08:40:00,0.0397256086202368,4417.28613643768,"moving",29,-14.69295,145.44156,"run_day_11652_liz21_del_07_29.json","07",11652
145.442106,-14.69458,1989,3.55,2021-11-26 08:52:00,0.0423057175285871,4704.18115723667,"moving",29,-14.69295,145.44156,"run_day_11652_liz21_del_07_29.json","07",11652
145.441606,-14.693549,1990,3.55,2021-11-26 07:38:00,0.0556927837968157,6192.75500891819,"moving",29,-14.69295,145.44156,"run_day_11652_liz21_del_07_29.json","07",11652
145.44174,-14.694066,1990,3.55,2021-11-26 07:50:00,0.0592669699720901,6590.18637849183,"moving",29,-14.69295,145.44156,"run_day_11652_liz21_del_07_29.json","07",11652
145.441898,-14.694557,1990,3.55,2021-11-26 08:02:00,0.0571804390103406,6358.17472125849,"moving",29,-14.69295,145.44156,"run_day_11652_liz21_del_07_29.json","07",11652
145.44148,-14.693463,1991,3.55,2021-11-26 07:15:00,0.0586197470718575,6518.21847557778,"moving",29,-14.69295,145.44156,"run_day_11652_liz21_del_07_29.json","07",11652
145.441632,-14.693993,1991,3.55,2021-11-26 07:27:00,0.061158978968625,6800.56818007237,"moving",29,-14.69295,145.44156,"run_day_11652_liz21_del_07_29.json","07",11652
145.441808,-14.694524,1991,3.55,2021-11-26 07:39:00,0.0620048957301111,6894.62983231322,"moving",29,-14.69295,145.44156,"run_day_11652_liz21_del_07_29.json","07",11652
145.441734,-14.69319,1992,3.55,2021-11-26 07:37:00,0.0478872797612074,5324.82256025491,"moving",29,-14.69295,145.44156,"run_day_11652_liz21_del_07_29.json","07",11652
145.441807,-14.693605,1992,3.55,2021-11-26 07:49:00,0.046809122025067,5204.93688987352,"moving",29,-14.69295,145.44156,"run_day_11652_liz21_del_07_29.json","07",11652
145.441904,-14.694002,1992,3.55,2021-11-26 08:01:00,0.0453605287209567,5043.86066368517,"moving",29,-14.69295,145.44156,"run_day_11652_liz21_del_07_29.json","07",11652
145.442016,-14.694395,1992,3.55,2021-11-26 08:13:00,0.0453296148036589,5040.42319291895,"moving",29,-14.69295,145.44156,"run_day_11652_liz21_del_07_29.json","07",11652
145.441646,-14.693586,1993,3.55,2021-11-26 07:44:00,0.0553824925232109,6158.25219351125,"moving",29,-14.69295,145.44156,"run_day_11652_liz21_del_07_29.json","07",11652
145.441775,-14.694091,1993,3.55,2021-11-26 07:56:00,0.0578422405834422,6431.76369863278,"moving",29,-14.69295,145.44156,"run_day_11652_liz21_del_07_29.json","07",11652
145.441926,-14.694563,1993,3.55,2021-11-26 08:08:00,0.0549395083380153,6108.99459953373,"moving",29,-14.69295,145.44156,"run_day_11652_liz21_del_07_29.json","07",11652
145.441507,-14.693459,1994,3.55,2021-11-26 07:39:00,0.0569270614567691,6330.00042277572,"moving",29,-14.69295,145.44156,"run_day_11652_liz21_del_07_29.json","07",11652
145.441644,-14.693985,1994,3.55,2021-11-26 07:51:00,0.0603161928585778,6706.85464038862,"moving",29,-14.69295,145.44156,"run_day_11652_liz21_del_07_29.json","07",11652
145.441812,-14.694507,1994,3.55,2021-11-26 08:03:00,0.0607913922157318,6759.69439804889,"moving",29,-14.69295,145.44156,"run_day_11652_liz21_del_07_29.json","07",11652
145.441507,-14.69359,1995,3.55,2021-11-26 07:55:00,0.0585476214112915,6510.19846804196,"moving",29,-14.69295,145.44156,"run_day_11652_liz21_del_07_29.json","07",11652
145.441647,-14.694119,1995,3.55,2021-11-26 08:07:00,0.0607189391013922,6751.63797931474,"moving",29,-14.69295,145.44156,"run_day_11652_liz21_del_07_29.json","07",11652
145.441821,-14.694629,1995,3.55,2021-11-26 08:19:00,0.0597177727768016,6640.31336329288,"moving",29,-14.69295,145.44156,"run_day_11652_liz21_del_07_29.json","07",11652
145.441688,-14.693642,1996,3.55,2021-11-26 07:28:00,0.0551863160901398,6136.43836942653,"moving",29,-14.69295,145.44156,"run_day_11652_liz21_del_07_29.json","07",11652
145.441825,-14.694133,1996,3.55,2021-11-26 07:40:00,0.0565502883870669,6288.10516892855,"moving",29,-14.69295,145.44156,"run_day_11652_liz21_del_07_29.json","07",11652
145.441975,-14.694604,1996,3.55,2021-11-26 07:52:00,0.0548015304719537,6093.65216083844,"moving",29,-14.69295,145.44156,"run_day_11652_liz21_del_07_29.json","07",11652
145.441709,-14.693651,1997,3.55,2021-11-26 07:59:00,0.054572570635662,6068.19298863743,"moving",29,-14.69295,145.44156,"run_day_11652_liz21_del_07_29.json","07",11652
145.441824,-14.694118,1997,3.55,2021-11-26 08:11:00,0.0533808723605881,5935.68218635814,"moving",29,-14.69295,145.44156,"run_day_11652_liz21_del_07_29.json","07",11652
145.441962,-14.694555,1997,3.55,2021-11-26 08:23:00,0.0508086138163328,5649.66008621884,"moving",29,-14.69295,145.44156,"run_day_11652_liz21_del_07_29.json","07",11652
145.441514,-14.693589,1998,3.55,2021-11-26 07:45:00,0.0583821425323403,6491.79805623576,"moving",29,-14.69295,145.44156,"run_day_11652_liz21_del_07_29.json","07",11652
145.44166,-14.694122,1998,3.55,2021-11-26 07:57:00,0.061312031420243,6817.5868362028,"moving",29,-14.69295,145.44156,"run_day_11652_liz21_del_07_29.json","07",11652
145.441837,-14.694639,1998,3.55,2021-11-26 08:09:00,0.0605580818279165,6733.75146659036,"moving",29,-14.69295,145.44156,"run_day_11652_liz21_del_07_29.json","07",11652
145.44163,-14.693296,1999,3.55,2021-11-26 07:28:00,0.0520955852484161,5792.76478020299,"moving",29,-14.69295,145.44156,"run_day_11652_liz21_del_07_29.json","07",11652
145.441735,-14.693788,1999,3.55,2021-11-26 07:40:00,0.0558614445228619,6211.50922597872,"moving",29,-14.69295,145.44156,"run_day_11652_liz21_del_07_29.json","07",11652
145.441871,-14.694261,1999,3.55,2021-11-26 07:52:00,0.0545914923206258,6070.29698400898,"moving",29,-14.69295,145.44156,"run_day_11652_liz21_del_07_29.json","07",11652
145.44148,-14.693451,2000,3.55,2021-11-26 08:02:00,0.0575243036635718,6396.41072615018,"moving",29,-14.69295,145.44156,"run_day_11652_liz21_del_07_29.json","07",11652
145.441607,-14.693969,2000,3.55,2021-11-26 08:14:00,0.0591965774102976,6582.35908274698,"moving",29,-14.69295,145.44156,"run_day_11652_liz21_del_07_29.json","07",11652
145.441768,-14.694479,2000,3.55,2021-11-26 08:26:00,0.0592944430129335,6593.24124125311,"moving",29,-14.69295,145.44156,"run_day_11652_liz21_del_07_29.json","07",11652
145.441469,-14.693499,2001,3.55,2021-11-26 07:21:00,0.0588097080906995,6539.34117713324,"moving",29,-14.69295,145.44156,"run_day_11652_liz21_del_07_29.json","07",11652
145.441624,-14.694031,2001,3.55,2021-11-26 07:33:00,0.0614600461840546,6834.04532700714,"moving",29,-14.69295,145.44156,"run_day_11652_liz21_del_07_29.json","07",11652
145.441803,-14.694567,2001,3.55,2021-11-26 07:45:00,0.062632988687293,6964.47058261303,"moving",29,-14.69295,145.44156,"run_day_11652_liz21_del_07_29.json","07",11652
145.441526,-14.693407,2002,3.55,2021-11-26 07:28:00,0.0558781659745779,6213.36856657567,"moving",29,-14.69295,145.44156,"run_day_11652_liz21_del_07_29.json","07",11652
145.44166,-14.693925,2002,3.55,2021-11-26 07:40:00,0.0593748352533479,6602.18045052878,"moving",29,-14.69295,145.44156,"run_day_11652_liz21_del_07_29.json","07",11652
145.441823,-14.694445,2002,3.55,2021-11-26 07:52:00,0.0604208576629958,6718.49283563814,"moving",29,-14.69295,145.44156,"run_day_11652_liz21_del_07_29.json","07",11652
145.44162,-14.693427,2003,3.55,2021-11-26 07:25:00,0.0541885175664391,6025.48823577758,"moving",29,-14.69295,145.44156,"run_day_11652_liz21_del_07_29.json","07",11652
145.441745,-14.693931,2003,3.55,2021-11-26 07:37:00,0.0576324177907782,6408.43246859415,"moving",29,-14.69295,145.44156,"run_day_11652_liz21_del_07_29.json","07",11652
145.441892,-14.694416,2003,3.55,2021-11-26 07:49:00,0.0561995053010082,6249.0998694061,"moving",29,-14.69295,145.44156,"run_day_11652_liz21_del_07_29.json","07",11652
145.441763,-14.693306,2004,3.55,2021-11-26 08:02:00,0.0472123880448431,5249.77802536077,"moving",29,-14.69295,145.44156,"run_day_11652_liz21_del_07_29.json","07",11652
145.441832,-14.693697,2004,3.55,2021-11-26 08:14:00,0.0441060937788523,4904.37386231751,"moving",29,-14.69295,145.44156,"run_day_11652_liz21_del_07_29.json","07",11652
145.441922,-14.694069,2004,3.55,2021-11-26 08:26:00,0.0424821145504654,4723.79561114474,"moving",29,-14.69295,145.44156,"run_day_11652_liz21_del_07_29.json","07",11652
145.442032,-14.694445,2004,3.55,2021-11-26 08:38:00,0.0434511073659599,4831.54269618275,"moving",29,-14.69295,145.44156,"run_day_11652_liz21_del_07_29.json","07",11652
145.441697,-14.693163,2005,3.55,2021-11-26 07:39:00,0.0488587283900497,5432.84271927799,"moving",29,-14.69295,145.44156,"run_day_11652_liz21_del_07_29.json","07",11652
145.441775,-14.693609,2005,3.55,2021-11-26 07:51:00,0.0502975568616285,5592.8331456293,"moving",29,-14.69295,145.44156,"run_day_11652_liz21_del_07_29.json","07",11652
145.441878,-14.694031,2005,3.55,2021-11-26 08:03:00,0.0482143067948681,5361.18630727361,"moving",29,-14.69295,145.44156,"run_day_11652_liz21_del_07_29.json","07",11652
145.441998,-14.694441,2005,3.55,2021-11-26 08:15:00,0.047381755350009,5268.61081043468,"moving",29,-14.69295,145.44156,"run_day_11652_liz21_del_07_29.json","07",11652
145.441748,-14.693565,2006,3.55,2021-11-26 07:41:00,0.0520324287108654,5785.74209364291,"moving",29,-14.69295,145.44156,"run_day_11652_liz21_del_07_29.json","07",11652
145.441857,-14.694005,2006,3.55,2021-11-26 07:53:00,0.0503108297005171,5594.30901797589,"moving",29,-14.69295,145.44156,"run_day_11652_liz21_del_07_29.json","07",11652
145.441983,-14.694433,2006,3.55,2021-11-26 08:05:00,0.049483426674355,5502.3059991763,"moving",29,-14.69295,145.44156,"run_day_11652_liz21_del_07_29.json","07",11652
145.441564,-14.693535,2007,3.55,2021-11-26 07:47:00,0.0566312128260477,6297.10355598477,"moving",29,-14.69295,145.44156,"run_day_11652_liz21_del_07_29.json","07",11652
145.441697,-14.694056,2007,3.55,2021-11-26 07:59:00,0.0596726194088533,6635.29253785611,"moving",29,-14.69295,145.44156,"run_day_11652_liz21_del_07_29.json","07",11652
145.441858,-14.694554,2007,3.55,2021-11-26 08:11:00,0.0580195832060932,6451.4832985494,"moving",29,-14.69295,145.44156,"run_day_11652_liz21_del_07_29.json","07",11652
145.441747,-14.693557,2008,3.55,2021-11-26 07:50:00,0.0518683810054949,5767.50082107803,"moving",29,-14.69295,145.44156,"run_day_11652_liz21_del_07_29.json","07",11652
145.44185,-14.693994,2008,3.55,2021-11-26 08:02:00,0.049839076898548,5541.85249976657,"moving",29,-14.69295,145.44156,"run_day_11652_liz21_del_07_29.json","07",11652
145.441972,-14.694413,2008,3.55,2021-11-26 08:14:00,0.0484033076761274,5382.20224640099,"moving",29,-14.69295,145.44156,"run_day_11652_liz21_del_07_29.json","07",11652
145.441519,-14.693465,2009,3.55,2021-11-26 08:04:00,0.056678587776563,6302.37141013211,"moving",29,-14.69295,145.44156,"run_day_11652_liz21_del_07_29.json","07",11652
145.441641,-14.693975,2009,3.55,2021-11-26 08:16:00,0.0582077959025724,6472.41159552799,"moving",29,-14.69295,145.44156,"run_day_11652_liz21_del_07_29.json","07",11652
145.441797,-14.694475,2009,3.55,2021-11-26 08:28:00,0.0580742193842965,6457.55856437686,"moving",29,-14.69295,145.44156,"run_day_11652_liz21_del_07_29.json","07",11652
145.441527,-14.693458,2010,3.55,2021-11-26 08:08:00,0.056197257021994,6248.84987218604,"moving",29,-14.69295,145.44156,"run_day_11652_liz21_del_07_29.json","07",11652
145.441645,-14.693964,2010,3.55,2021-11-26 08:20:00,0.0576783573423095,6413.54071365675,"moving",29,-14.69295,145.44156,"run_day_11652_liz21_del_07_29.json","07",11652
145.441798,-14.694461,2010,3.55,2021-11-26 08:32:00,0.0576620247930349,6411.72461703824,"moving",29,-14.69295,145.44156,"run_day_11652_liz21_del_07_29.json","07",11652
145.441625,-14.693624,2011,3.55,2021-11-26 07:53:00,0.0562318156493289,6252.69261621748,"moving",29,-14.69295,145.44156,"run_day_11652_liz21_del_07_29.json","07",11652
145.441755,-14.694135,2011,3.55,2021-11-26 08:05:00,0.0585157575581911,6506.65536923384,"moving",29,-14.69295,145.44156,"run_day_11652_liz21_del_07_29.json","07",11652
145.441911,-14.694608,2011,3.55,2021-11-26 08:17:00,0.0552068088787811,6138.71706355623,"moving",29,-14.69295,145.44156,"run_day_11652_liz21_del_07_29.json","07",11652
145.441712,-14.693249,2012,3.55,2021-11-26 07:17:00,0.0505773226546754,5623.94168246481,"moving",29,-14.69295,145.44156,"run_day_11652_liz21_del_07_29.json","07",11652
145.4418,-14.693688,2012,3.55,2021-11-26 07:29:00,0.0497237520225958,5529.02895864477,"moving",29,-14.69295,145.44156,"run_day_11652_liz21_del_07_29.json","07",11652
145.441919,-14.694113,2012,3.55,2021-11-26 07:41:00,0.0489604873045175,5444.15779430767,"moving",29,-14.69295,145.44156,"run_day_11652_liz21_del_07_29.json","07",11652
145.442046,-14.694545,2012,3.55,2021-11-26 07:53:00,0.0499406593169624,5553.14794933053,"moving",29,-14.69295,145.44156,"run_day_11652_liz21_del_07_29.json","07",11652
145.441476,-14.693481,2013,3.55,2021-11-26 07:44:00,0.0580283086283633,6452.45352123868,"moving",29,-14.69295,145.44156,"run_day_11652_liz21_del_07_29.json","07",11652
145.441616,-14.694013,2013,3.55,2021-11-26 07:56:00,0.0610421607823938,6787.57859042364,"moving",29,-14.69295,145.44156,"run_day_11652_liz21_del_07_29.json","07",11652
145.441789,-14.694539,2013,3.55,2021-11-26 08:08:00,0.0613771062945588,6824.82283207875,"moving",29,-14.69295,145.44156,"run_day_11652_liz21_del_07_29.json","07",11652
145.441462,-14.693402,2014,3.55,2021-11-26 08:09:00,0.0572253891256836,6363.17294603672,"moving",29,-14.69295,145.44156,"run_day_11652_liz21_del_07_29.json","07",11652
145.441584,-14.693914,2014,3.55,2021-11-26 08:21:00,0.0584244833496647,6496.50614031221,"moving",29,-14.69295,145.44156,"run_day_11652_liz21_del_07_29.json","07",11652
145.44174,-14.694424,2014,3.55,2021-11-26 08:33:00,0.0591396199657736,6576.02570388128,"moving",29,-14.69295,145.44156,"run_day_11652_liz21_del_07_29.json","07",11652
145.441576,-14.693248,2015,3.55,2021-11-26 07:37:00,0.0526690374614015,5856.52975696006,"moving",29,-14.69295,145.44156,"run_day_11652_liz21_del_07_29.json","07",11652
145.441682,-14.693746,2015,3.55,2021-11-26 07:49:00,0.0565365905426728,6286.58203812596,"moving",29,-14.69295,145.44156,"run_day_11652_liz21_del_07_29.json","07",11652
145.44182,-14.694243,2015,3.55,2021-11-26 08:01:00,0.0572224777168035,6362.84921213986,"moving",29,-14.69295,145.44156,"run_day_11652_liz21_del_07_29.json","07",11652
145.44171,-14.693539,2016,3.55,2021-11-26 07:37:00,0.0532795727940117,5924.41818848356,"moving",29,-14.69295,145.44156,"run_day_11652_liz21_del_07_29.json","07",11652
145.441826,-14.694007,2016,3.55,2021-11-26 07:49:00,0.0535140235190658,5950.48791965771,"moving",29,-14.69295,145.44156,"run_day_11652_liz21_del_07_29.json","07",11652
145.44196,-14.694455,2016,3.55,2021-11-26 08:01:00,0.0518584152198012,5766.39267626887,"moving",29,-14.69295,145.44156,"run_day_11652_liz21_del_07_29.json","07",11652
145.441576,-14.693552,2017,3.55,2021-11-26 08:06:00,0.0560363506930789,6230.95790474567,"moving",29,-14.69295,145.44156,"run_day_11652_liz21_del_07_29.json","07",11652
145.441698,-14.694058,2017,3.55,2021-11-26 08:18:00,0.0577745515522269,6424.23702177215,"moving",29,-14.69295,145.44156,"run_day_11652_liz21_del_07_29.json","07",11652
145.441852,-14.69454,2017,3.55,2021-11-26 08:30:00,0.0560971529959032,6237.71881234805,"moving",29,-14.69295,145.44156,"run_day_11652_liz21_del_07_29.json","07",11652
145.441489,-14.693427,2018,3.55,2021-11-26 07:38:00,0.0569790631369864,6335.78274579288,"moving",29,-14.69295,145.44156,"run_day_11652_liz21_del_07_29.json","07",11652
145.441626,-14.693953,2018,3.55,2021-11-26 07:50:00,0.0603161933867479,6706.85469911845,"moving",29,-14.69295,145.44156,"run_day_11652_liz21_del_07_29.json","07",11652
145.441794,-14.694479,2018,3.55,2021-11-26 08:02:00,0.0612162123277915,6806.9322392465,"moving",29,-14.69295,145.44156,"run_day_11652_liz21_del_07_29.json","07",11652
145.44147,-14.693347,2019,3.55,2021-11-26 08:04:00,0.0566343390968594,6297.45118143834,"moving",29,-14.69295,145.44156,"run_day_11652_liz21_del_07_29.json","07",11652
145.441589,-14.693856,2019,3.55,2021-11-26 08:16:00,0.0580274435508006,6452.35732900255,"moving",29,-14.69295,145.44156,"run_day_11652_liz21_del_07_29.json","07",11652
145.441738,-14.694366,2019,3.55,2021-11-26 08:28:00,0.0589304293070933,6552.76476393459,"moving",29,-14.69295,145.44156,"run_day_11652_liz21_del_07_29.json","07",11652
145.44164,-14.693575,2020,3.55,2021-11-26 07:50:00,0.0553610772825644,6155.8709273985,"moving",29,-14.69295,145.44156,"run_day_11652_liz21_del_07_29.json","07",11652
145.441764,-14.69408,2020,3.55,2021-11-26 08:02:00,0.0577155983832038,6417.68172846716,"moving",29,-14.69295,145.44156,"run_day_11652_liz21_del_07_29.json","07",11652
145.441913,-14.694548,2020,3.55,2021-11-26 08:14:00,0.0544510656754247,6054.6822534969,"moving",29,-14.69295,145.44156,"run_day_11652_liz21_del_07_29.json","07",11652
145.441555,-14.693383,2021,3.55,2021-11-26 07:38:00,0.0548124805216306,6094.86975080902,"moving",29,-14.69295,145.44156,"run_day_11652_liz21_del_07_29.json","07",11652
145.441677,-14.693897,2021,3.55,2021-11-26 07:50:00,0.0586412129025404,6520.60536704593,"moving",29,-14.69295,145.44156,"run_day_11652_liz21_del_07_29.json","07",11652
145.441831,-14.694404,2021,3.55,2021-11-26 08:02:00,0.0587588168216244,6533.68232620159,"moving",29,-14.69295,145.44156,"run_day_11652_liz21_del_07_29.json","07",11652
145.441532,-14.693556,2022,3.55,2021-11-26 08:00:00,0.0574852973578407,6392.07342284574,"moving",29,-14.69295,145.44156,"run_day_11652_liz21_del_07_29.json","07",11652
145.441663,-14.694074,2022,3.55,2021-11-26 08:12:00,0.0592973320617169,6593.56248882066,"moving",29,-14.69295,145.44156,"run_day_11652_liz21_del_07_29.json","07",11652
145.441827,-14.694574,2022,3.55,2021-11-26 08:24:00,0.0583286436287842,6485.84924957926,"moving",29,-14.69295,145.44156,"run_day_11652_liz21_del_07_29.json","07",11652
145.4416,-14.693649,2023,3.55,2021-11-26 07:40:00,0.0571361449260648,6353.24944380665,"moving",29,-14.69295,145.44156,"run_day_11652_liz21_del_07_29.json","07",11652
145.441745,-14.694172,2023,3.55,2021-11-26 07:52:00,0.0602098947511829,6695.03483013439,"moving",29,-14.69295,145.44156,"run_day_11652_liz21_del_07_29.json","07",11652
145.441913,-14.694667,2023,3.55,2021-11-26 08:04:00,0.0579316943794789,6441.71050692115,"moving",29,-14.69295,145.44156,"run_day_11652_liz21_del_07_29.json","07",11652
145.4415,-14.693417,2024,3.55,2021-11-26 07:19:00,0.0572739188541875,6368.56920563779,"moving",29,-14.69295,145.44156,"run_day_11652_liz21_del_07_29.json","07",11652
145.441642,-14.693938,2024,3.55,2021-11-26 07:31:00,0.0599120565555392,6661.91673381784,"moving",29,-14.69295,145.44156,"run_day_11652_liz21_del_07_29.json","07",11652
145.441811,-14.694465,2024,3.55,2021-11-26 07:43:00,0.061354241777193,6822.2804137475,"moving",29,-14.69295,145.44156,"run_day_11652_liz21_del_07_29.json","07",11652
145.441508,-14.693354,2025,3.55,2021-11-26 07:53:00,0.0558852238064803,6214.15336167633,"moving",29,-14.69295,145.44156,"run_day_11652_liz21_del_07_29.json","07",11652
145.441627,-14.693868,2025,3.55,2021-11-26 08:05:00,0.058569852699795,6512.67047453632,"moving",29,-14.69295,145.44156,"run_day_11652_liz21_del_07_29.json","07",11652
145.441777,-14.694377,2025,3.55,2021-11-26 08:17:00,0.0588528274278413,6544.13582866369,"moving",29,-14.69295,145.44156,"run_day_11652_liz21_del_07_29.json","07",11652
145.441609,-14.693167,2026,3.55,2021-11-26 07:29:00,0.0508545925823836,5654.77269173706,"moving",29,-14.69295,145.44156,"run_day_11652_liz21_del_07_29.json","07",11652
145.441706,-14.693651,2026,3.55,2021-11-26 07:41:00,0.0548203006075921,6095.73930469386,"moving",29,-14.69295,145.44156,"run_day_11652_liz21_del_07_29.json","07",11652
145.441834,-14.69413,2026,3.55,2021-11-26 07:53:00,0.0550129346251136,6117.15923014142,"moving",29,-14.69295,145.44156,"run_day_11652_liz21_del_07_29.json","07",11652
145.441978,-14.694586,2026,3.55,2021-11-26 08:05:00,0.0530176835374359,5895.29743180961,"moving",29,-14.69295,145.44156,"run_day_11652_liz21_del_07_29.json","07",11652
145.441572,-14.693561,2027,3.55,2021-11-26 07:29:00,0.0566674328884303,6301.13104316446,"moving",29,-14.69295,145.44156,"run_day_11652_liz21_del_07_29.json","07",11652
145.441718,-14.694084,2027,3.55,2021-11-26 07:41:00,0.0602378464063521,6698.14291238052,"moving",29,-14.69295,145.44156,"run_day_11652_liz21_del_07_29.json","07",11652
145.441884,-14.694591,2027,3.55,2021-11-26 07:53:00,0.059135624014603,6575.58137438398,"moving",29,-14.69295,145.44156,"run_day_11652_liz21_del_07_29.json","07",11652
145.441624,-14.693605,2028,3.55,2021-11-26 07:24:00,0.0563057285476751,6260.91135552717,"moving",29,-14.69295,145.44156,"run_day_11652_liz21_del_07_29.json","07",11652
145.44177,-14.694119,2028,3.55,2021-11-26 07:36:00,0.0592722694801526,6590.77565690209,"moving",29,-14.69295,145.44156,"run_day_11652_liz21_del_07_29.json","07",11652
145.44193,-14.694611,2028,3.55,2021-11-26 07:48:00,0.0573508003099329,6377.11803346973,"moving",29,-14.69295,145.44156,"run_day_11652_liz21_del_07_29.json","07",11652
145.441616,-14.693672,2029,3.55,2021-11-26 07:49:00,0.0571049510991577,6349.78084851195,"moving",29,-14.69295,145.44156,"run_day_11652_liz21_del_07_29.json","07",11652
145.441756,-14.694189,2029,3.55,2021-11-26 08:01:00,0.059427203932666,6608.00358198403,"moving",29,-14.69295,145.44156,"run_day_11652_liz21_del_07_29.json","07",11652
145.441919,-14.69467,2029,3.55,2021-11-26 08:13:00,0.0562848912943209,6258.59435866898,"moving",29,-14.69295,145.44156,"run_day_11652_liz21_del_07_29.json","07",11652
145.441526,-14.693518,2030,3.55,2021-11-26 07:20:00,0.0577602505692375,6422.64682501769,"moving",29,-14.69295,145.44156,"run_day_11652_liz21_del_07_29.json","07",11652
145.441677,-14.694044,2030,3.55,2021-11-26 07:32:00,0.0607016340927693,6749.71375015033,"moving",29,-14.69295,145.44156,"run_day_11652_liz21_del_07_29.json","07",11652
145.441848,-14.694565,2030,3.55,2021-11-26 07:44:00,0.0607820912997537,6758.66018337898,"moving",29,-14.69295,145.44156,"run_day_11652_liz21_del_07_29.json","07",11652
145.441746,-14.693517,2031,3.55,2021-11-26 07:11:00,0.0531118217335587,5905.76512162194,"moving",29,-14.69295,145.44156,"run_day_11652_liz21_del_07_29.json","07",11652
145.441863,-14.69396,2031,3.55,2021-11-26 07:23:00,0.05084141120471,5653.30698941358,"moving",29,-14.69295,145.44156,"run_day_11652_liz21_del_07_29.json","07",11652
145.441991,-14.694402,2031,3.55,2021-11-26 07:35:00,0.0510400217657165,5675.39147617553,"moving",29,-14.69295,145.44156,"run_day_11652_liz21_del_07_29.json","07",11652
145.441657,-14.693149,2032,3.55,2021-11-26 08:05:00,0.0494447715267204,5498.00774287065,"moving",29,-14.69295,145.44156,"run_day_11652_liz21_del_07_29.json","07",11652
145.441735,-14.693607,2032,3.55,2021-11-26 08:17:00,0.051613683116475,5739.17970799194,"moving",29,-14.69295,145.44156,"run_day_11652_liz21_del_07_29.json","07",11652
145.441833,-14.694041,2032,3.55,2021-11-26 08:29:00,0.0493963455292113,5492.62301762993,"moving",29,-14.69295,145.44156,"run_day_11652_liz21_del_07_29.json","07",11652
145.441957,-14.694455,2032,3.55,2021-11-26 08:41:00,0.0479278059993453,5329.32887233184,"moving",29,-14.69295,145.44156,"run_day_11652_liz21_del_07_29.json","07",11652
145.441718,-14.693188,2033,3.55,2021-11-26 07:44:00,0.0486724592164542,5412.1305321839,"moving",29,-14.69295,145.44156,"run_day_11652_liz21_del_07_29.json","07",11652
145.441792,-14.693618,2033,3.55,2021-11-26 07:56:00,0.0484717667428728,5389.8145473059,"moving",29,-14.69295,145.44156,"run_day_11652_liz21_del_07_29.json","07",11652
145.441889,-14.694023,2033,3.55,2021-11-26 08:08:00,0.0462266911308223,5140.17352931245,"moving",29,-14.69295,145.44156,"run_day_11652_liz21_del_07_29.json","07",11652
145.442005,-14.69442,2033,3.55,2021-11-26 08:20:00,0.0458736947536333,5100.92212304514,"moving",29,-14.69295,145.44156,"run_day_11652_liz21_del_07_29.json","07",11652
145.441516,-14.693466,2034,3.55,2021-11-26 08:02:00,0.0568109450942993,6317.08887236867,"moving",29,-14.69295,145.44156,"run_day_11652_liz21_del_07_29.json","07",11652
145.44164,-14.693979,2034,3.55,2021-11-26 08:14:00,0.0585814426441255,6513.95921754596,"moving",29,-14.69295,145.44156,"run_day_11652_liz21_del_07_29.json","07",11652
145.441797,-14.694481,2034,3.55,2021-11-26 08:26:00,0.0583182136431285,6484.68948808937,"moving",29,-14.69295,145.44156,"run_day_11652_liz21_del_07_29.json","07",11652
145.441624,-14.693585,2035,3.55,2021-11-26 07:44:00,0.0557965257941953,6204.29059270678,"moving",29,-14.69295,145.44156,"run_day_11652_liz21_del_07_29.json","07",11652
145.441757,-14.694097,2035,3.55,2021-11-26 07:56:00,0.0587015367422167,6527.31307197365,"moving",29,-14.69295,145.44156,"run_day_11652_liz21_del_07_29.json","07",11652
145.441912,-14.694578,2035,3.55,2021-11-26 08:08:00,0.0560228380622127,6229.45536874773,"moving",29,-14.69295,145.44156,"run_day_11652_liz21_del_07_29.json","07",11652
145.441776,-14.693225,2036,3.55,2021-11-26 07:24:00,0.0456224139694536,5072.98097468108,"moving",29,-14.69295,145.44156,"run_day_11652_liz21_del_07_29.json","07",11652
145.441846,-14.6936,2036,3.55,2021-11-26 07:36:00,0.0423723803527659,4711.59372508114,"moving",29,-14.69295,145.44156,"run_day_11652_liz21_del_07_29.json","07",11652
145.441942,-14.693972,2036,3.55,2021-11-26 07:48:00,0.0426338001302392,4740.66227806072,"moving",29,-14.69295,145.44156,"run_day_11652_liz21_del_07_29.json","07",11652
145.442049,-14.694356,2036,3.55,2021-11-26 08:00:00,0.0442226481239876,4917.33411417494,"moving",29,-14.69295,145.44156,"run_day_11652_liz21_del_07_29.json","07",11652
145.441547,-14.693559,2037,3.55,2021-11-26 07:52:00,0.0572445682592383,6365.30556838544,"moving",29,-14.69295,145.44156,"run_day_11652_liz21_del_07_29.json","07",11652
145.441682,-14.694082,2037,3.55,2021-11-26 08:04:00,0.0599402954149999,6665.05675172409,"moving",29,-14.69295,145.44156,"run_day_11652_liz21_del_07_29.json","07",11652
145.441847,-14.694582,2037,3.55,2021-11-26 08:16:00,0.0583612607726482,6489.47611049858,"moving",29,-14.69295,145.44156,"run_day_11652_liz21_del_07_29.json","07",11652
145.441614,-14.693326,2038,3.55,2021-11-26 07:24:00,0.0530563121900105,5899.59274199902,"moving",29,-14.69295,145.44156,"run_day_11652_liz21_del_07_29.json","07",11652
145.441727,-14.693823,2038,3.55,2021-11-26 07:36:00,0.0565846134804397,6291.9219451682,"moving",29,-14.69295,145.44156,"run_day_11652_liz21_del_07_29.json","07",11652
145.44187,-14.694306,2038,3.55,2021-11-26 07:48:00,0.0558661576600812,6212.03330292608,"moving",29,-14.69295,145.44156,"run_day_11652_liz21_del_07_29.json","07",11652
145.441598,-14.69344,2039,3.55,2021-11-26 07:47:00,0.0547089695625948,6083.35985731213,"moving",29,-14.69295,145.44156,"run_day_11652_liz21_del_07_29.json","07",11652
145.441716,-14.69395,2039,3.55,2021-11-26 07:59:00,0.0581123179038358,6461.7949264623,"moving",29,-14.69295,145.44156,"run_day_11652_liz21_del_07_29.json","07",11652
145.441862,-14.694434,2039,3.55,2021-11-26 08:11:00,0.0560625872723862,6233.87527925715,"moving",29,-14.69295,145.44156,"run_day_11652_liz21_del_07_29.json","07",11652
145.441715,-14.693226,2040,3.55,2021-11-26 07:40:00,0.0492575841295833,5477.1934539772,"moving",29,-14.69295,145.44156,"run_day_11652_liz21_del_07_29.json","07",11652
145.441794,-14.693662,2040,3.55,2021-11-26 07:52:00,0.0492199884789113,5473.01300835857,"moving",29,-14.69295,145.44156,"run_day_11652_liz21_del_07_29.json","07",11652
145.441898,-14.694075,2040,3.55,2021-11-26 08:04:00,0.0472662274910064,5255.76469862748,"moving",29,-14.69295,145.44156,"run_day_11652_liz21_del_07_29.json","07",11652
145.442018,-14.69448,2040,3.55,2021-11-26 08:16:00,0.0468470501363736,5209.15430342803,"moving",29,-14.69295,145.44156,"run_day_11652_liz21_del_07_29.json","07",11652
145.441522,-14.693487,2041,3.55,2021-11-26 08:02:00,0.0569193347727388,6329.14125471178,"moving",29,-14.69295,145.44156,"run_day_11652_liz21_del_07_29.json","07",11652
145.441646,-14.693999,2041,3.55,2021-11-26 08:14:00,0.0584731730744387,6501.92019068679,"moving",29,-14.69295,145.44156,"run_day_11652_liz21_del_07_29.json","07",11652
145.441804,-14.6945,2041,3.55,2021-11-26 08:26:00,0.0582430832073202,6476.3353647909,"moving",29,-14.69295,145.44156,"run_day_11652_liz21_del_07_29.json","07",11652
145.441505,-14.69332,2042,3.55,2021-11-26 07:29:00,0.0552565826260924,6144.25165173734,"moving",29,-14.69295,145.44156,"run_day_11652_liz21_del_07_29.json","07",11652
145.441633,-14.693834,2042,3.55,2021-11-26 07:41:00,0.058788988539713,6537.03726818119,"moving",29,-14.69295,145.44156,"run_day_11652_liz21_del_07_29.json","07",11652
145.441791,-14.694357,2042,3.55,2021-11-26 07:53:00,0.0605871303400659,6736.98151376795,"moving",29,-14.69295,145.44156,"run_day_11652_liz21_del_07_29.json","07",11652
145.441594,-14.693271,2043,3.55,2021-11-26 08:02:00,0.0527036581372473,5860.37940047111,"moving",29,-14.69295,145.44156,"run_day_11652_liz21_del_07_29.json","07",11652
145.44169,-14.693757,2043,3.55,2021-11-26 08:14:00,0.055018353629107,6117.76179589295,"moving",29,-14.69295,145.44156,"run_day_11652_liz21_del_07_29.json","07",11652
145.441813,-14.694232,2043,3.55,2021-11-26 08:26:00,0.0544492587087596,6054.48132797113,"moving",29,-14.69295,145.44156,"run_day_11652_liz21_del_07_29.json","07",11652
145.441962,-14.694674,2043,3.55,2021-11-26 08:38:00,0.0516950540312778,5748.22774089443,"moving",29,-14.69295,145.44156,"run_day_11652_liz21_del_07_29.json","07",11652
145.441736,-14.693189,2044,3.55,2021-11-26 07:56:00,0.0478137813290012,5316.64990747726,"moving",29,-14.69295,145.44156,"run_day_11652_liz21_del_07_29.json","07",11652
145.441804,-14.693598,2044,3.55,2021-11-26 08:08:00,0.0460630950013399,5121.98246969533,"moving",29,-14.69295,145.44156,"run_day_11652_liz21_del_07_29.json","07",11652
145.441891,-14.693981,2044,3.55,2021-11-26 08:20:00,0.0436035860505808,4848.49755233403,"moving",29,-14.69295,145.44156,"run_day_11652_liz21_del_07_29.json","07",11652
145.441999,-14.694359,2044,3.55,2021-11-26 08:32:00,0.0436073416824717,4848.91515954665,"moving",29,-14.69295,145.44156,"run_day_11652_liz21_del_07_29.json","07",11652
145.441616,-14.693278,2045,3.55,2021-11-26 07:54:00,0.0523333864166948,5819.20706366573,"moving",29,-14.69295,145.44156,"run_day_11652_liz21_del_07_29.json","07",11652
145.441712,-14.693769,2045,3.55,2021-11-26 08:06:00,0.0555645470556059,6178.49573388624,"moving",29,-14.69295,145.44156,"run_day_11652_liz21_del_07_29.json","07",11652
145.441836,-14.694236,2045,3.55,2021-11-26 08:18:00,0.0536134478877319,5961.54340503822,"moving",29,-14.69295,145.44156,"run_day_11652_liz21_del_07_29.json","07",11652
145.441982,-14.694675,2045,3.55,2021-11-26 08:30:00,0.0512782742496663,5701.88394365121,"moving",29,-14.69295,145.44156,"run_day_11652_liz21_del_07_29.json","07",11652
145.441525,-14.693395,2046,3.55,2021-11-26 07:23:00,0.056145689755241,6243.11585374218,"moving",29,-14.69295,145.44156,"run_day_11652_liz21_del_07_29.json","07",11652
145.44166,-14.693911,2046,3.55,2021-11-26 07:35:00,0.0591854179567203,6581.11820812506,"moving",29,-14.69295,145.44156,"run_day_11652_liz21_del_07_29.json","07",11652
145.441823,-14.694431,2046,3.55,2021-11-26 07:47:00,0.0604208579889625,6718.49287188399,"moving",29,-14.69295,145.44156,"run_day_11652_liz21_del_07_29.json","07",11652
145.441627,-14.693435,2047,3.55,2021-11-26 07:39:00,0.0538581292823078,5988.75073475937,"moving",29,-14.69295,145.44156,"run_day_11652_liz21_del_07_29.json","07",11652
145.441744,-14.693939,2047,3.55,2021-11-26 07:51:00,0.0574377781822071,6386.78953159695,"moving",29,-14.69295,145.44156,"run_day_11652_liz21_del_07_29.json","07",11652
145.441888,-14.694416,2047,3.55,2021-11-26 08:03:00,0.0552551275756691,6144.08985751226,"moving",29,-14.69295,145.44156,"run_day_11652_liz21_del_07_29.json","07",11652
145.441667,-14.693495,2048,3.55,2021-11-26 07:17:00,0.0547072999568384,6083.17420562252,"moving",29,-14.69295,145.44156,"run_day_11652_liz21_del_07_29.json","07",11652
145.441795,-14.693987,2048,3.55,2021-11-26 07:29:00,0.0564136325922749,6272.90973785109,"moving",29,-14.69295,145.44156,"run_day_11652_liz21_del_07_29.json","07",11652
145.441938,-14.69446,2048,3.55,2021-11-26 07:41:00,0.0547980328783381,6093.26324617292,"moving",29,-14.69295,145.44156,"run_day_11652_liz21_del_07_29.json","07",11652
145.441626,-14.693317,2049,3.55,2021-11-26 07:18:00,0.053250612938109,5921.19799943082,"moving",29,-14.69295,145.44156,"run_day_11652_liz21_del_07_29.json","07",11652
145.441737,-14.693811,2049,3.55,2021-11-26 07:30:00,0.0562127794020234,6250.57588209476,"moving",29,-14.69295,145.44156,"run_day_11652_liz21_del_07_29.json","07",11652
145.441879,-14.694289,2049,3.55,2021-11-26 07:42:00,0.0553020794105872,6149.3106633518,"moving",29,-14.69295,145.44156,"run_day_11652_liz21_del_07_29.json","07",11652
145.441489,-14.693284,2050,3.55,2021-11-26 07:35:00,0.0551487366136437,6132.25972229421,"moving",29,-14.69295,145.44156,"run_day_11652_liz21_del_07_29.json","07",11652
145.441613,-14.693798,2050,3.55,2021-11-26 07:47:00,0.0586897253862107,6525.99970910899,"moving",29,-14.69295,145.44156,"run_day_11652_liz21_del_07_29.json","07",11652
145.441769,-14.694323,2050,3.55,2021-11-26 07:59:00,0.0607408500817206,6754.07436916506,"moving",29,-14.69295,145.44156,"run_day_11652_liz21_del_07_29.json","07",11652
145.441649,-14.693682,2051,3.55,2021-11-26 07:45:00,0.0564937655992782,6281.82012168664,"moving",29,-14.69295,145.44156,"run_day_11652_liz21_del_07_29.json","07",11652
145.441787,-14.694191,2051,3.55,2021-11-26 07:57:00,0.0585121700495459,6506.25645647321,"moving",29,-14.69295,145.44156,"run_day_11652_liz21_del_07_29.json","07",11652
145.441946,-14.694665,2051,3.55,2021-11-26 08:09:00,0.05541148842802,6161.4763910195,"moving",29,-14.69295,145.44156,"run_day_11652_liz21_del_07_29.json","07",11652
145.441677,-14.693361,2052,3.55,2021-11-26 07:57:00,0.0519087163189747,5771.9859033016,"moving",29,-14.69295,145.44156,"run_day_11652_liz21_del_07_29.json","07",11652
145.441768,-14.693834,2052,3.55,2021-11-26 08:09:00,0.0534981909959487,5948.72742341111,"moving",29,-14.69295,145.44156,"run_day_11652_liz21_del_07_29.json","07",11652
145.441887,-14.694269,2052,3.55,2021-11-26 08:21:00,0.0500346097353707,5563.59475921367,"moving",29,-14.69295,145.44156,"run_day_11652_liz21_del_07_29.json","07",11652
145.442026,-14.69469,2052,3.55,2021-11-26 08:33:00,0.049142468536215,5464.39318401696,"moving",29,-14.69295,145.44156,"run_day_11652_liz21_del_07_29.json","07",11652
145.44158,-14.693367,2053,3.55,2021-11-26 07:29:00,0.054113889549946,6017.189978958,"moving",29,-14.69295,145.44156,"run_day_11652_liz21_del_07_29.json","07",11652
145.441701,-14.693875,2053,3.55,2021-11-26 07:41:00,0.0579669103898591,6445.62634861209,"moving",29,-14.69295,145.44156,"run_day_11652_liz21_del_07_29.json","07",11652
145.441851,-14.694374,2053,3.55,2021-11-26 07:53:00,0.0577842801247681,6425.31878968222,"moving",29,-14.69295,145.44156,"run_day_11652_liz21_del_07_29.json","07",11652
145.441739,-14.693463,2054,3.55,2021-11-26 07:44:00,0.0512287586181726,5696.37805663951,"moving",29,-14.69295,145.44156,"run_day_11652_liz21_del_07_29.json","07",11652
145.441835,-14.6939,2054,3.55,2021-11-26 07:56:00,0.049677141089321,5523.84605933845,"moving",29,-14.69295,145.44156,"run_day_11652_liz21_del_07_29.json","07",11652
145.441954,-14.694318,2054,3.55,2021-11-26 08:08:00,0.0482096173085476,5360.66486018619,"moving",29,-14.69295,145.44156,"run_day_11652_liz21_del_07_29.json","07",11652
145.441588,-14.693673,2055,3.55,2021-11-26 07:31:00,0.057524300470178,6396.410371061,"moving",29,-14.69295,145.44156,"run_day_11652_liz21_del_07_29.json","07",11652
145.441742,-14.694201,2055,3.55,2021-11-26 07:43:00,0.0610027655561768,6783.19804113429,"moving",29,-14.69295,145.44156,"run_day_11652_liz21_del_07_29.json","07",11652
145.441916,-14.694704,2055,3.55,2021-11-26 07:55:00,0.0589791217234762,6558.17911360243,"moving",29,-14.69295,145.44156,"run_day_11652_liz21_del_07_29.json","07",11652
145.44165,-14.693293,2056,3.55,2021-11-26 07:52:00,0.0516614405060492,5744.49008742237,"moving",29,-14.69295,145.44156,"run_day_11652_liz21_del_07_29.json","07",11652
145.441743,-14.693777,2056,3.55,2021-11-26 08:04:00,0.054740048683088,6086.81569783555,"moving",29,-14.69295,145.44156,"run_day_11652_liz21_del_07_29.json","07",11652
145.441862,-14.694227,2056,3.55,2021-11-26 08:16:00,0.0516487994389656,5743.08446489531,"moving",29,-14.69295,145.44156,"run_day_11652_liz21_del_07_29.json","07",11652
145.442003,-14.694657,2056,3.55,2021-11-26 08:28:00,0.0501613301213295,5577.68542323473,"moving",29,-14.69295,145.44156,"run_day_11652_liz21_del_07_29.json","07",11652
145.441778,-14.693557,2057,3.55,2021-11-26 07:27:00,0.0494764810986858,5501.53368639926,"moving",29,-14.69295,145.44156,"run_day_11652_liz21_del_07_29.json","07",11652
145.441887,-14.693978,2057,3.55,2021-11-26 07:39:00,0.0482588005638847,5366.13378865555,"moving",29,-14.69295,145.44156,"run_day_11652_liz21_del_07_29.json","07",11652
145.442009,-14.6944,2057,3.55,2021-11-26 07:51:00,0.0487244843511738,5417.91546322272,"moving",29,-14.69295,145.44156,"run_day_11652_liz21_del_07_29.json","07",11652
145.441688,-14.693538,2058,3.55,2021-11-26 08:09:00,0.0530739072679021,5901.54922539449,"moving",29,-14.69295,145.44156,"run_day_11652_liz21_del_07_29.json","07",11652
145.44179,-14.694005,2058,3.55,2021-11-26 08:21:00,0.0530743075435127,5901.59373401165,"moving",29,-14.69295,145.44156,"run_day_11652_liz21_del_07_29.json","07",11652
145.44192,-14.694439,2058,3.55,2021-11-26 08:33:00,0.0502434486073069,5586.81658225915,"moving",29,-14.69295,145.44156,"run_day_11652_liz21_del_07_29.json","07",11652
145.441625,-14.69367,2059,3.55,2021-11-26 07:34:00,0.0567632712953713,6311.787787794,"moving",29,-14.69295,145.44156,"run_day_11652_liz21_del_07_29.json","07",11652
145.441772,-14.694187,2059,3.55,2021-11-26 07:46:00,0.0596224307406641,6629.71181257843,"moving",29,-14.69295,145.44156,"run_day_11652_liz21_del_07_29.json","07",11652
145.441938,-14.694677,2059,3.55,2021-11-26 07:58:00,0.0573363674533459,6375.51317304027,"moving",29,-14.69295,145.44156,"run_day_11652_liz21_del_07_29.json","07",11652
145.441743,-14.693477,2060,3.55,2021-11-26 07:21:00,0.0516319579474679,5741.21177648363,"moving",29,-14.69295,145.44156,"run_day_11652_liz21_del_07_29.json","07",11652
145.441852,-14.693914,2060,3.55,2021-11-26 07:33:00,0.0499864901111354,5558.24410112667,"moving",29,-14.69295,145.44156,"run_day_11652_liz21_del_07_29.json","07",11652
145.441977,-14.694347,2060,3.55,2021-11-26 07:45:00,0.0499893415453341,5558.56116614322,"moving",29,-14.69295,145.44156,"run_day_11652_liz21_del_07_29.json","07",11652
145.441523,-14.69345,2061,3.55,2021-11-26 07:41:00,0.0565009945478143,6282.62394408883,"moving",29,-14.69295,145.44156,"run_day_11652_liz21_del_07_29.json","07",11652
145.441655,-14.693973,2061,3.55,2021-11-26 07:53:00,0.0598629485987476,6656.45617816473,"moving",29,-14.69295,145.44156,"run_day_11652_liz21_del_07_29.json","07",11652
145.441819,-14.694489,2061,3.55,2021-11-26 08:05:00,0.060026870514614,6674.68346357493,"moving",29,-14.69295,145.44156,"run_day_11652_liz21_del_07_29.json","07",11652
145.441568,-14.693284,2062,3.55,2021-11-26 07:13:00,0.0545714735909949,6068.07100283615,"moving",29,-14.69295,145.44156,"run_day_11652_liz21_del_07_29.json","07",11652
145.441687,-14.693787,2062,3.55,2021-11-26 07:25:00,0.0573768960764523,6380.01975031359,"moving",29,-14.69295,145.44156,"run_day_11652_liz21_del_07_29.json","07",11652
145.441838,-14.694289,2062,3.55,2021-11-26 07:37:00,0.0581346322120565,6464.27616432802,"moving",29,-14.69295,145.44156,"run_day_11652_liz21_del_07_29.json","07",11652
145.441587,-14.69342,2063,3.55,2021-11-26 07:56:00,0.0546864444640638,6080.85518063331,"moving",29,-14.69295,145.44156,"run_day_11652_liz21_del_07_29.json","07",11652
145.441699,-14.693925,2063,3.55,2021-11-26 08:08:00,0.0574310690450631,6386.04350958438,"moving",29,-14.69295,145.44156,"run_day_11652_liz21_del_07_29.json","07",11652
145.441842,-14.694407,2063,3.55,2021-11-26 08:20:00,0.0557592664147456,6200.14753874204,"moving",29,-14.69295,145.44156,"run_day_11652_liz21_del_07_29.json","07",11652
145.441585,-14.693451,2064,3.55,2021-11-26 07:26:00,0.0551131201918017,6128.29935688014,"moving",29,-14.69295,145.44156,"run_day_11652_liz21_del_07_29.json","07",11652
145.441717,-14.693965,2064,3.55,2021-11-26 07:38:00,0.0588912260036156,6548.40555548016,"moving",29,-14.69295,145.44156,"run_day_11652_liz21_del_07_29.json","07",11652
145.441873,-14.694465,2064,3.55,2021-11-26 07:50:00,0.0580742196051071,6457.55858892988,"moving",29,-14.69295,145.44156,"run_day_11652_liz21_del_07_29.json","07",11652
145.441779,-14.693592,2065,3.55,2021-11-26 07:18:00,0.0508660788319195,5656.04990441163,"moving",29,-14.69295,145.44156,"run_day_11652_liz21_del_07_29.json","07",11652
145.441896,-14.694017,2065,3.55,2021-11-26 07:30:00,0.04890469293866,5437.95374388897,"moving",29,-14.69295,145.44156,"run_day_11652_liz21_del_07_29.json","07",11652
145.44202,-14.694453,2065,3.55,2021-11-26 07:42:00,0.050282076708086,5591.11183109169,"moving",29,-14.69295,145.44156,"run_day_11652_liz21_del_07_29.json","07",11652
145.441526,-14.693487,2066,3.55,2021-11-26 07:48:00,0.0568839020998559,6325.20132124973,"moving",29,-14.69295,145.44156,"run_day_11652_liz21_del_07_29.json","07",11652
145.441658,-14.694011,2066,3.55,2021-11-26 08:00:00,0.0599709761470747,6668.46829347656,"moving",29,-14.69295,145.44156,"run_day_11652_liz21_del_07_29.json","07",11652
145.441821,-14.69452,2066,3.55,2021-11-26 08:12:00,0.0592513980433862,6588.45485902188,"moving",29,-14.69295,145.44156,"run_day_11652_liz21_del_07_29.json","07",11652
145.441677,-14.693239,2067,3.55,2021-11-26 08:08:00,0.0498623473865487,5544.44005997279,"moving",29,-14.69295,145.44156,"run_day_11652_liz21_del_07_29.json","07",11652
145.441755,-14.693695,2067,3.55,2021-11-26 08:20:00,0.0513942629648262,5714.78130032501,"moving",29,-14.69295,145.44156,"run_day_11652_liz21_del_07_29.json","07",11652
145.441858,-14.69412,2067,3.55,2021-11-26 08:32:00,0.0485390255100156,5397.29338098456,"moving",29,-14.69295,145.44156,"run_day_11652_liz21_del_07_29.json","07",11652
145.441985,-14.694531,2067,3.55,2021-11-26 08:44:00,0.0476988893870698,5303.87450642214,"moving",29,-14.69295,145.44156,"run_day_11652_liz21_del_07_29.json","07",11652
145.441645,-14.693517,2068,3.55,2021-11-26 07:58:00,0.0544928509832274,6059.32856773284,"moving",29,-14.69295,145.44156,"run_day_11652_liz21_del_07_29.json","07",11652
145.441757,-14.694011,2068,3.55,2021-11-26 08:10:00,0.0562357195091318,6253.12670562189,"moving",29,-14.69295,145.44156,"run_day_11652_liz21_del_07_29.json","07",11652
145.441897,-14.694469,2068,3.55,2021-11-26 08:22:00,0.0531068253028439,5905.20954387512,"moving",29,-14.69295,145.44156,"run_day_11652_liz21_del_07_29.json","07",11652
145.44154,-14.693351,2069,3.55,2021-11-26 07:37:00,0.0547288428206724,6085.56966278625,"moving",29,-14.69295,145.44156,"run_day_11652_liz21_del_07_29.json","07",11652
145.441662,-14.693864,2069,3.55,2021-11-26 07:49:00,0.0585328433769203,6508.5552255941,"moving",29,-14.69295,145.44156,"run_day_11652_liz21_del_07_29.json","07",11652
145.441815,-14.694376,2069,3.55,2021-11-26 08:01:00,0.0592624939585083,6589.68866848994,"moving",29,-14.69295,145.44156,"run_day_11652_liz21_del_07_29.json","07",11652
145.441522,-14.693529,2070,3.55,2021-11-26 08:05:00,0.0571361464744133,6353.24961597515,"moving",29,-14.69295,145.44156,"run_day_11652_liz21_del_07_29.json","07",11652
145.441649,-14.694042,2070,3.55,2021-11-26 08:17:00,0.0586557467035764,6522.221451986,"moving",29,-14.69295,145.44156,"run_day_11652_liz21_del_07_29.json","07",11652
145.44181,-14.694542,2070,3.55,2021-11-26 08:29:00,0.0582318747532082,6475.08904155812,"moving",29,-14.69295,145.44156,"run_day_11652_liz21_del_07_29.json","07",11652
145.441573,-14.693386,2071,3.55,2021-11-26 08:08:00,0.0542290159794042,6029.99145383645,"moving",29,-14.69295,145.44156,"run_day_11652_liz21_del_07_29.json","07",11652
145.441679,-14.69388,2071,3.55,2021-11-26 08:20:00,0.0561010188810856,6238.14867916732,"moving",29,-14.69295,145.44156,"run_day_11652_liz21_del_07_29.json","07",11652
145.441817,-14.694362,2071,3.55,2021-11-26 08:32:00,0.0556133237935867,6183.91945968796,"moving",29,-14.69295,145.44156,"run_day_11652_liz21_del_07_29.json","07",11652
145.441521,-14.693578,2072,3.55,2021-11-26 07:18:00,0.0588620905866232,6545.16584492494,"moving",29,-14.69295,145.44156,"run_day_11652_liz21_del_07_29.json","07",11652
145.441679,-14.694109,2072,3.55,2021-11-26 07:30:00,0.0614414917248392,6831.98216527575,"moving",29,-14.69295,145.44156,"run_day_11652_liz21_del_07_29.json","07",11652
145.441856,-14.694632,2072,3.55,2021-11-26 07:42:00,0.0611917855031268,6804.21610026975,"moving",29,-14.69295,145.44156,"run_day_11652_liz21_del_07_29.json","07",11652
145.441749,-14.693442,2073,3.55,2021-11-26 07:11:00,0.0518508488651263,5765.55133601582,"moving",29,-14.69295,145.44156,"run_day_11652_liz21_del_07_29.json","07",11652
145.441855,-14.693872,2073,3.55,2021-11-26 07:23:00,0.0491543319927954,5465.71234020117,"moving",29,-14.69295,145.44156,"run_day_11652_liz21_del_07_29.json","07",11652
145.441979,-14.694301,2073,3.55,2021-11-26 07:35:00,0.0495320257254243,5507.70996709495,"moving",29,-14.69295,145.44156,"run_day_11652_liz21_del_07_29.json","07",11652
145.441481,-14.693452,2074,3.55,2021-11-26 07:58:00,0.0576576114300177,6411.23387346129,"moving",29,-14.69295,145.44156,"run_day_11652_liz21_del_07_29.json","07",11652
145.44161,-14.693973,2074,3.55,2021-11-26 08:10:00,0.0595709455918259,6623.98692523009,"moving",29,-14.69295,145.44156,"run_day_11652_liz21_del_07_29.json","07",11652
145.441772,-14.694485,2074,3.55,2021-11-26 08:22:00,0.0595385615949424,6620.38598907216,"moving",29,-14.69295,145.44156,"run_day_11652_liz21_del_07_29.json","07",11652
145.441726,-14.693414,2075,3.55,2021-11-26 07:26:00,0.0513424497993905,5709.01993919516,"moving",29,-14.69295,145.44156,"run_day_11652_liz21_del_07_29.json","07",11652
145.441827,-14.69386,2075,3.55,2021-11-26 07:38:00,0.050768817719784,5645.23496218236,"moving",29,-14.69295,145.44156,"run_day_11652_liz21_del_07_29.json","07",11652
145.441952,-14.694292,2075,3.55,2021-11-26 07:50:00,0.0498822536446863,5546.65353488616,"moving",29,-14.69295,145.44156,"run_day_11652_liz21_del_07_29.json","07",11652
145.441559,-14.693366,2076,3.55,2021-11-26 07:59:00,0.0547777579907966,6091.00878154002,"moving",29,-14.69295,145.44156,"run_day_11652_liz21_del_07_29.json","07",11652
145.441668,-14.693868,2076,3.55,2021-11-26 08:11:00,0.057037751162243,6342.30855645621,"moving",29,-14.69295,145.44156,"run_day_11652_liz21_del_07_29.json","07",11652
145.441809,-14.694358,2076,3.55,2021-11-26 08:23:00,0.0565567833126517,6288.82737170251,"moving",29,-14.69295,145.44156,"run_day_11652_liz21_del_07_29.json","07",11652
145.441558,-14.69343,2077,3.55,2021-11-26 07:44:00,0.0554382458499984,6164.45168059359,"moving",29,-14.69295,145.44156,"run_day_11652_liz21_del_07_29.json","07",11652
145.441682,-14.693946,2077,3.55,2021-11-26 07:56:00,0.0589063163736382,6550.08352806787,"moving",29,-14.69295,145.44156,"run_day_11652_liz21_del_07_29.json","07",11652
145.441836,-14.694448,2077,3.55,2021-11-26 08:08:00,0.0582255999100873,6474.39131083758,"moving",29,-14.69295,145.44156,"run_day_11652_liz21_del_07_29.json","07",11652
145.441751,-14.693598,2078,3.55,2021-11-26 07:28:00,0.0524554662178697,5832.78171820216,"moving",29,-14.69295,145.44156,"run_day_11652_liz21_del_07_29.json","07",11652
145.441871,-14.694043,2078,3.55,2021-11-26 07:40:00,0.0511373972896611,5686.21914041752,"moving",29,-14.69295,145.44156,"run_day_11652_liz21_del_07_29.json","07",11652
145.442001,-14.694485,2078,3.55,2021-11-26 07:52:00,0.0510984652340412,5681.89009334874,"moving",29,-14.69295,145.44156,"run_day_11652_liz21_del_07_29.json","07",11652
145.441665,-14.693449,2079,3.55,2021-11-26 07:56:00,0.0531901799074447,5914.4781530192,"moving",29,-14.69295,145.44156,"run_day_11652_liz21_del_07_29.json","07",11652
145.441768,-14.693934,2079,3.55,2021-11-26 08:08:00,0.0550556868959788,6121.91306576416,"moving",29,-14.69295,145.44156,"run_day_11652_liz21_del_07_29.json","07",11652
145.441898,-14.694381,2079,3.55,2021-11-26 08:20:00,0.0516334456087378,5741.37719686941,"moving",29,-14.69295,145.44156,"run_day_11652_liz21_del_07_29.json","07",11652
145.44155,-14.693339,2080,3.55,2021-11-26 07:54:00,0.0547161518890277,6084.15849557297,"moving",29,-14.69295,145.44156,"run_day_11652_liz21_del_07_29.json","07",11652
145.441661,-14.693845,2080,3.55,2021-11-26 08:06:00,0.0575173736550786,6395.64014436414,"moving",29,-14.69295,145.44156,"run_day_11652_liz21_del_07_29.json","07",11652
145.441803,-14.694341,2080,3.55,2021-11-26 08:18:00,0.0572284108477395,6363.50894619906,"moving",29,-14.69295,145.44156,"run_day_11652_liz21_del_07_29.json","07",11652
145.441531,-14.693317,2081,3.55,2021-11-26 07:46:00,0.0548124813792831,6094.86984617562,"moving",29,-14.69295,145.44156,"run_day_11652_liz21_del_07_29.json","07",11652
145.441647,-14.693827,2081,3.55,2021-11-26 07:58:00,0.0580657167998014,6456.61312011763,"moving",29,-14.69295,145.44156,"run_day_11652_liz21_del_07_29.json","07",11652
145.441793,-14.694335,2081,3.55,2021-11-26 08:10:00,0.058629203265575,6519.26995634453,"moving",29,-14.69295,145.44156,"run_day_11652_liz21_del_07_29.json","07",11652
145.441581,-14.693384,2082,3.55,2021-11-26 08:08:00,0.0540979213535666,6015.41439653295,"moving",29,-14.69295,145.44156,"run_day_11652_liz21_del_07_29.json","07",11652
145.441685,-14.693876,2082,3.55,2021-11-26 08:20:00,0.055839797636973,6209.10220209021,"moving",29,-14.69295,145.44156,"run_day_11652_liz21_del_07_29.json","07",11652
145.441821,-14.694355,2082,3.55,2021-11-26 08:32:00,0.0552345526284006,6141.80202776003,"moving",29,-14.69295,145.44156,"run_day_11652_liz21_del_07_29.json","07",11652
145.441593,-14.693246,2083,3.55,2021-11-26 07:16:00,0.0533435171188732,5931.52847299586,"moving",29,-14.69295,145.44156,"run_day_11652_liz21_del_07_29.json","07",11652
145.441703,-14.693739,2083,3.55,2021-11-26 07:28:00,0.0560813371407529,6235.96016949479,"moving",29,-14.69295,145.44156,"run_day_11652_liz21_del_07_29.json","07",11652
145.441846,-14.69423,2083,3.55,2021-11-26 07:40:00,0.0567218693432035,6307.18410075976,"moving",29,-14.69295,145.44156,"run_day_11652_liz21_del_07_29.json","07",11652
145.442003,-14.694701,2083,3.55,2021-11-26 07:52:00,0.055027890143713,6118.822207935,"moving",29,-14.69295,145.44156,"run_day_11652_liz21_del_07_29.json","07",11652
145.441608,-14.693515,2084,3.55,2021-11-26 08:05:00,0.0549038069877383,6105.02479050857,"moving",29,-14.69295,145.44156,"run_day_11652_liz21_del_07_29.json","07",11652
145.441722,-14.694014,2084,3.55,2021-11-26 08:17:00,0.0568249421592707,6318.6452749814,"moving",29,-14.69295,145.44156,"run_day_11652_liz21_del_07_29.json","07",11652
145.441867,-14.694483,2084,3.55,2021-11-26 08:29:00,0.0544325199090696,6052.62005836748,"moving",29,-14.69295,145.44156,"run_day_11652_liz21_del_07_29.json","07",11652
145.441552,-14.693575,2085,3.55,2021-11-26 07:39:00,0.0572332530520777,6364.04737475525,"moving",29,-14.69295,145.44156,"run_day_11652_liz21_del_07_29.json","07",11652
145.441696,-14.694102,2085,3.55,2021-11-26 07:51:00,0.060612031113821,6739.75035347903,"moving",29,-14.69295,145.44156,"run_day_11652_liz21_del_07_29.json","07",11652
145.441867,-14.694612,2085,3.55,2021-11-26 08:03:00,0.059617437055362,6629.15654010757,"moving",29,-14.69295,145.44156,"run_day_11652_liz21_del_07_29.json","07",11652
145.441669,-14.693338,2086,3.55,2021-11-26 07:24:00,0.0519635078120727,5778.07843935738,"moving",29,-14.69295,145.44156,"run_day_11652_liz21_del_07_29.json","07",11652
145.441774,-14.693818,2086,3.55,2021-11-26 07:36:00,0.0545553261416258,6066.27548838806,"moving",29,-14.69295,145.44156,"run_day_11652_liz21_del_07_29.json","07",11652
145.441906,-14.694274,2086,3.55,2021-11-26 07:48:00,0.0526551013631923,5854.98013354197,"moving",29,-14.69295,145.44156,"run_day_11652_liz21_del_07_29.json","07",11652
145.441741,-14.69351,2087,3.55,2021-11-26 07:26:00,0.0517798424604554,5757.65578405715,"moving",29,-14.69295,145.44156,"run_day_11652_liz21_del_07_29.json","07",11652
145.441852,-14.693954,2087,3.55,2021-11-26 07:38:00,0.0507936032361639,5647.99098585806,"moving",29,-14.69295,145.44156,"run_day_11652_liz21_del_07_29.json","07",11652
145.441979,-14.69439,2087,3.55,2021-11-26 07:50:00,0.0503686272539014,5600.73581268469,"moving",29,-14.69295,145.44156,"run_day_11652_liz21_del_07_29.json","07",11652
145.441527,-14.693323,2088,3.55,2021-11-26 07:18:00,0.0555285568932415,6174.49381042219,"moving",29,-14.69295,145.44156,"run_day_11652_liz21_del_07_29.json","07",11652
145.441655,-14.693832,2088,3.55,2021-11-26 07:30:00,0.0582486198828185,6476.95101501679,"moving",29,-14.69295,145.44156,"run_day_11652_liz21_del_07_29.json","07",11652
145.441814,-14.69435,2088,3.55,2021-11-26 07:42:00,0.0600842028290419,6681.05852607211,"moving",29,-14.69295,145.44156,"run_day_11652_liz21_del_07_29.json","07",11652
145.441623,-14.693415,2089,3.55,2021-11-26 07:27:00,0.0538396410562423,5986.69493781824,"moving",29,-14.69295,145.44156,"run_day_11652_liz21_del_07_29.json","07",11652
145.441744,-14.693918,2089,3.55,2021-11-26 07:39:00,0.0574252647699915,6385.39810364357,"moving",29,-14.69295,145.44156,"run_day_11652_liz21_del_07_29.json","07",11652
145.44189,-14.694401,2089,3.55,2021-11-26 07:51:00,0.055955852917237,6222.00696046589,"moving",29,-14.69295,145.44156,"run_day_11652_liz21_del_07_29.json","07",11652
145.441567,-14.693592,2090,3.55,2021-11-26 07:53:00,0.0571972580550672,6360.0449137031,"moving",29,-14.69295,145.44156,"run_day_11652_liz21_del_07_29.json","07",11652
145.441702,-14.694112,2090,3.55,2021-11-26 08:05:00,0.0596167008680768,6629.07467981641,"moving",29,-14.69295,145.44156,"run_day_11652_liz21_del_07_29.json","07",11652
145.441865,-14.694606,2090,3.55,2021-11-26 08:17:00,0.0576602708743877,6411.52959018292,"moving",29,-14.69295,145.44156,"run_day_11652_liz21_del_07_29.json","07",11652
145.441667,-14.693602,2091,3.55,2021-11-26 08:08:00,0.0544121163559266,6050.35128677245,"moving",29,-14.69295,145.44156,"run_day_11652_liz21_del_07_29.json","07",11652
145.44178,-14.694084,2091,3.55,2021-11-26 08:20:00,0.0549567848604431,6110.91566117777,"moving",29,-14.69295,145.44156,"run_day_11652_liz21_del_07_29.json","07",11652
145.44192,-14.694531,2091,3.55,2021-11-26 08:32:00,0.0519350366375931,5774.91258919964,"moving",29,-14.69295,145.44156,"run_day_11652_liz21_del_07_29.json","07",11652
145.44171,-14.693515,2092,3.55,2021-11-26 07:15:00,0.0541042487640329,6016.11797247559,"moving",29,-14.69295,145.44156,"run_day_11652_liz21_del_07_29.json","07",11652
145.441834,-14.693982,2092,3.55,2021-11-26 07:27:00,0.0536134517447545,5961.54383391957,"moving",29,-14.69295,145.44156,"run_day_11652_liz21_del_07_29.json","07",11652
145.441968,-14.69444,2092,3.55,2021-11-26 07:39:00,0.0529274591421248,5885.26493679145,"moving",29,-14.69295,145.44156,"run_day_11652_liz21_del_07_29.json","07",11652
145.441752,-14.693247,2093,3.55,2021-11-26 07:49:00,0.0475945084583927,5292.26787671481,"moving",29,-14.69295,145.44156,"run_day_11652_liz21_del_07_29.json","07",11652
145.441822,-14.69365,2093,3.55,2021-11-26 08:01:00,0.0454396606986297,5052.65973813777,"moving",29,-14.69295,145.44156,"run_day_11652_liz21_del_07_29.json","07",11652
145.441914,-14.694032,2093,3.55,2021-11-26 08:13:00,0.0436138514893823,4849.63901704855,"moving",29,-14.69295,145.44156,"run_day_11652_liz21_del_07_29.json","07",11652
145.442024,-14.694413,2093,3.55,2021-11-26 08:25:00,0.0439863353256237,4891.05732989569,"moving",29,-14.69295,145.44156,"run_day_11652_liz21_del_07_29.json","07",11652
145.441677,-14.69369,2094,3.55,2021-11-26 07:18:00,0.0569104588010015,6328.15429168554,"moving",29,-14.69295,145.44156,"run_day_11652_liz21_del_07_29.json","07",11652
145.441825,-14.694189,2094,3.55,2021-11-26 07:30:00,0.0577245916310116,6418.68173199744,"moving",29,-14.69295,145.44156,"run_day_11652_liz21_del_07_29.json","07",11652
145.441982,-14.694669,2094,3.55,2021-11-26 07:42:00,0.0559812016025672,6224.82560567171,"moving",29,-14.69295,145.44156,"run_day_11652_liz21_del_07_29.json","07",11652
145.4415,-14.693355,2095,3.55,2021-11-26 07:24:00,0.0561167004110329,6239.89238573948,"moving",29,-14.69295,145.44156,"run_day_11652_liz21_del_07_29.json","07",11652
145.441634,-14.693872,2095,3.55,2021-11-26 07:36:00,0.0592669730843062,6590.18672455446,"moving",29,-14.69295,145.44156,"run_day_11652_liz21_del_07_29.json","07",11652
145.441798,-14.694398,2095,3.55,2021-11-26 07:48:00,0.0610906014474732,6792.96494662376,"moving",29,-14.69295,145.44156,"run_day_11652_liz21_del_07_29.json","07",11652
145.441723,-14.693628,2096,3.55,2021-11-26 07:31:00,0.0541448592770817,6020.63365549505,"moving",29,-14.69295,145.44156,"run_day_11652_liz21_del_07_29.json","07",11652
145.44185,-14.694096,2096,3.55,2021-11-26 07:43:00,0.0538021742135528,5982.52881499378,"moving",29,-14.69295,145.44156,"run_day_11652_liz21_del_07_29.json","07",11652
145.44199,-14.69455,2096,3.55,2021-11-26 07:55:00,0.052680449052199,5857.79866796169,"moving",29,-14.69295,145.44156,"run_day_11652_liz21_del_07_29.json","07",11652
145.441487,-14.693295,2097,3.55,2021-11-26 07:56:00,0.0556939071163786,6192.87991635458,"moving",29,-14.69295,145.44156,"run_day_11652_liz21_del_07_29.json","07",11652
145.441603,-14.693806,2097,3.55,2021-11-26 08:08:00,0.0581743195951461,6468.68919997939,"moving",29,-14.69295,145.44156,"run_day_11652_liz21_del_07_29.json","07",11652
145.441748,-14.694316,2097,3.55,2021-11-26 08:20:00,0.058814885436439,6539.91687171296,"moving",29,-14.69295,145.44156,"run_day_11652_liz21_del_07_29.json","07",11652
145.441624,-14.693585,2098,3.55,2021-11-26 07:14:00,0.0569567893630945,6333.30601513887,"moving",29,-14.69295,145.44156,"run_day_11652_liz21_del_07_29.json","07",11652
145.441772,-14.694099,2098,3.55,2021-11-26 07:26:00,0.0593296251595374,6597.15331746393,"moving",29,-14.69295,145.44156,"run_day_11652_liz21_del_07_29.json","07",11652
145.44193,-14.694591,2098,3.55,2021-11-26 07:38:00,0.0572866182924211,6369.9813187406,"moving",29,-14.69295,145.44156,"run_day_11652_liz21_del_07_29.json","07",11652
145.441754,-14.693485,2099,3.55,2021-11-26 07:15:00,0.0517413994880184,5753.38112055702,"moving",29,-14.69295,145.44156,"run_day_11652_liz21_del_07_29.json","07",11652
145.441863,-14.693915,2099,3.55,2021-11-26 07:27:00,0.0492301755043704,5474.14575390722,"moving",29,-14.69295,145.44156,"run_day_11652_liz21_del_07_29.json","07",11652
145.441987,-14.694348,2099,3.55,2021-11-26 07:39:00,0.0499605208737724,5555.35645368307,"moving",29,-14.69295,145.44156,"run_day_11652_liz21_del_07_29.json","07",11652
145.441672,-14.693541,2100,3.55,2021-11-26 07:48:00,0.0542336507025018,6030.50681153131,"moving",29,-14.69295,145.44156,"run_day_11652_liz21_del_07_29.json","07",11652
145.441789,-14.694033,2100,3.55,2021-11-26 08:00:00,0.0561366187434945,6242.10720325643,"moving",29,-14.69295,145.44156,"run_day_11652_liz21_del_07_29.json","07",11652
145.441929,-14.694488,2100,3.55,2021-11-26 08:12:00,0.0527870154614968,5869.64831202632,"moving",29,-14.69295,145.44156,"run_day_11652_liz21_del_07_29.json","07",11652
145.44178,-14.693444,2101,3.55,2021-11-26 07:26:00,0.0477590374156787,5310.56266205113,"moving",29,-14.69295,145.44156,"run_day_11652_liz21_del_07_29.json","07",11652
145.441873,-14.693847,2101,3.55,2021-11-26 07:38:00,0.0459144217549266,5105.45075896639,"moving",29,-14.69295,145.44156,"run_day_11652_liz21_del_07_29.json","07",11652
145.441988,-14.694249,2101,3.55,2021-11-26 07:50:00,0.0463801590989053,5157.23838876574,"moving",29,-14.69295,145.44156,"run_day_11652_liz21_del_07_29.json","07",11652
145.442117,-14.694663,2101,3.55,2021-11-26 08:02:00,0.048080231731233,5346.27784040784,"moving",29,-14.69295,145.44156,"run_day_11652_liz21_del_07_29.json","07",11652
145.441699,-14.693481,2102,3.55,2021-11-26 08:02:00,0.0527081605321382,5860.88004394074,"moving",29,-14.69295,145.44156,"run_day_11652_liz21_del_07_29.json","07",11652
145.441797,-14.693942,2102,3.55,2021-11-26 08:14:00,0.0523333799649539,5819.20634626487,"moving",29,-14.69295,145.44156,"run_day_11652_liz21_del_07_29.json","07",11652
145.44192,-14.69437,2102,3.55,2021-11-26 08:26:00,0.0493960298186086,5492.58791221261,"moving",29,-14.69295,145.44156,"run_day_11652_liz21_del_07_29.json","07",11652
145.441595,-14.693182,2103,3.55,2021-11-26 07:24:00,0.0515984211439076,5737.48265407186,"moving",29,-14.69295,145.44156,"run_day_11652_liz21_del_07_29.json","07",11652
145.441697,-14.693669,2103,3.55,2021-11-26 07:36:00,0.05525209109043,6143.75221575884,"moving",29,-14.69295,145.44156,"run_day_11652_liz21_del_07_29.json","07",11652
145.441831,-14.694156,2103,3.55,2021-11-26 07:48:00,0.0560371346633985,6231.04507826785,"moving",29,-14.69295,145.44156,"run_day_11652_liz21_del_07_29.json","07",11652
145.441981,-14.694621,2103,3.55,2021-11-26 08:00:00,0.0541642845402249,6022.79364620531,"moving",29,-14.69295,145.44156,"run_day_11652_liz21_del_07_29.json","07",11652
145.441737,-14.693476,2104,3.55,2021-11-26 07:55:00,0.0514119316532665,5716.74596884004,"moving",29,-14.69295,145.44156,"run_day_11652_liz21_del_07_29.json","07",11652
145.44183,-14.693912,2104,3.55,2021-11-26 08:07:00,0.0495021694380065,5504.39009940565,"moving",29,-14.69295,145.44156,"run_day_11652_liz21_del_07_29.json","07",11652
145.441945,-14.694322,2104,3.55,2021-11-26 08:19:00,0.0472380951163287,5252.63652128886,"moving",29,-14.69295,145.44156,"run_day_11652_liz21_del_07_29.json","07",11652
145.441696,-14.693556,2105,3.55,2021-11-26 07:51:00,0.053916111777913,5995.19809410487,"moving",29,-14.69295,145.44156,"run_day_11652_liz21_del_07_29.json","07",11652
145.441808,-14.694032,2105,3.55,2021-11-26 08:03:00,0.0542823657036892,6035.92367251483,"moving",29,-14.69295,145.44156,"run_day_11652_liz21_del_07_29.json","07",11652
145.441943,-14.694475,2105,3.55,2021-11-26 08:15:00,0.0513548845758655,5710.40262325314,"moving",29,-14.69295,145.44156,"run_day_11652_liz21_del_07_29.json","07",11652
145.441711,-14.693348,2106,3.55,2021-11-26 07:53:00,0.0509185860651063,5661.88844235415,"moving",29,-14.69295,145.44156,"run_day_11652_liz21_del_07_29.json","07",11652
145.441797,-14.693798,2106,3.55,2021-11-26 08:05:00,0.0508855194109232,5658.21159816787,"moving",29,-14.69295,145.44156,"run_day_11652_liz21_del_07_29.json","07",11652
145.441908,-14.694214,2106,3.55,2021-11-26 08:17:00,0.0477729750613841,5312.11245754294,"moving",29,-14.69295,145.44156,"run_day_11652_liz21_del_07_29.json","07",11652
145.442039,-14.694624,2106,3.55,2021-11-26 08:29:00,0.0477176247826379,5305.95778735799,"moving",29,-14.69295,145.44156,"run_day_11652_liz21_del_07_29.json","07",11652
145.441724,-14.693149,2107,3.55,2021-11-26 08:09:00,0.047357313741723,5265.89302759425,"moving",29,-14.69295,145.44156,"run_day_11652_liz21_del_07_29.json","07",11652
145.44179,-14.693557,2107,3.55,2021-11-26 08:21:00,0.0459195671725309,5106.02290329947,"moving",29,-14.69295,145.44156,"run_day_11652_liz21_del_07_29.json","07",11652
145.441872,-14.693942,2107,3.55,2021-11-26 08:33:00,0.0437091374592806,4860.23433348164,"moving",29,-14.69295,145.44156,"run_day_11652_liz21_del_07_29.json","07",11652
145.441977,-14.694319,2107,3.55,2021-11-26 08:45:00,0.0434151218620717,4827.54129071764,"moving",29,-14.69295,145.44156,"run_day_11652_liz21_del_07_29.json","07",11652
145.441634,-14.693405,2108,3.55,2021-11-26 07:58:00,0.0533809879792831,5935.69504257045,"moving",29,-14.69295,145.44156,"run_day_11652_liz21_del_07_29.json","07",11652
145.441737,-14.693897,2108,3.55,2021-11-26 08:10:00,0.0558183503237214,6206.71736966648,"moving",29,-14.69295,145.44156,"run_day_11652_liz21_del_07_29.json","07",11652
145.441868,-14.694356,2108,3.55,2021-11-26 08:22:00,0.0529476817581482,5887.51358909673,"moving",29,-14.69295,145.44156,"run_day_11652_liz21_del_07_29.json","07",11652
145.441681,-14.693156,2109,3.55,2021-11-26 07:23:00,0.0493963119264121,5492.61928116913,"moving",29,-14.69295,145.44156,"run_day_11652_liz21_del_07_29.json","07",11652
145.441766,-14.69361,2109,3.55,2021-11-26 07:35:00,0.0513036773992363,5704.70864500419,"moving",29,-14.69295,145.44156,"run_day_11652_liz21_del_07_29.json","07",11652
145.44188,-14.694045,2109,3.55,2021-11-26 07:47:00,0.0498997481740858,5548.59883779943,"moving",29,-14.69295,145.44156,"run_day_11652_liz21_del_07_29.json","07",11652
145.442008,-14.694476,2109,3.55,2021-11-26 07:59:00,0.0498633051306904,5544.54655626236,"moving",29,-14.69295,145.44156,"run_day_11652_liz21_del_07_29.json","07",11652
145.44146,-14.693486,2110,3.55,2021-11-26 08:00:00,0.0584336422908521,6497.52456810568,"moving",29,-14.69295,145.44156,"run_day_11652_liz21_del_07_29.json","07",11652
145.441593,-14.694011,2110,3.55,2021-11-26 08:12:00,0.0601045245831068,6683.31820202464,"moving",29,-14.69295,145.44156,"run_day_11652_liz21_del_07_29.json","07",11652
145.441761,-14.694528,2110,3.55,2021-11-26 08:24:00,0.0602607724639309,6700.69217367124,"moving",29,-14.69295,145.44156,"run_day_11652_liz21_del_07_29.json","07",11652
145.441675,-14.693317,2111,3.55,2021-11-26 08:06:00,0.0509948694251068,5670.37076497361,"moving",29,-14.69295,145.44156,"run_day_11652_liz21_del_07_29.json","07",11652
145.44176,-14.693781,2111,3.55,2021-11-26 08:18:00,0.0523982019646958,5826.41422377113,"moving",29,-14.69295,145.44156,"run_day_11652_liz21_del_07_29.json","07",11652
145.441871,-14.69421,2111,3.55,2021-11-26 08:30:00,0.0491739679511183,5467.89575914649,"moving",29,-14.69295,145.44156,"run_day_11652_liz21_del_07_29.json","07",11652
145.442006,-14.694627,2111,3.55,2021-11-26 08:42:00,0.0485886595974759,5402.81243969877,"moving",29,-14.69295,145.44156,"run_day_11652_liz21_del_07_29.json","07",11652
145.441629,-14.693615,2112,3.55,2021-11-26 07:58:00,0.0560576999431503,6233.33183304129,"moving",29,-14.69295,145.44156,"run_day_11652_liz21_del_07_29.json","07",11652
145.441755,-14.69412,2112,3.55,2021-11-26 08:10:00,0.0577656872551599,6423.25135691003,"moving",29,-14.69295,145.44156,"run_day_11652_liz21_del_07_29.json","07",11652
145.441907,-14.694588,2112,3.55,2021-11-26 08:22:00,0.0545469066529632,6065.33928396384,"moving",29,-14.69295,145.44156,"run_day_11652_liz21_del_07_29.json","07",11652
145.44168,-14.693471,2113,3.55,2021-11-26 07:28:00,0.0530537420516737,5899.3069556552,"moving",29,-14.69295,145.44156,"run_day_11652_liz21_del_07_29.json","07",11652
145.441798,-14.693955,2113,3.55,2021-11-26 07:40:00,0.0552946488709854,6148.48442504585,"moving",29,-14.69295,145.44156,"run_day_11652_liz21_del_07_29.json","07",11652
145.441936,-14.694416,2113,3.55,2021-11-26 07:52:00,0.0533665736998986,5934.09224783166,"moving",29,-14.69295,145.44156,"run_day_11652_liz21_del_07_29.json","07",11652
145.441678,-14.693352,2114,3.55,2021-11-26 07:50:00,0.0518191514008879,5762.02673880502,"moving",29,-14.69295,145.44156,"run_day_11652_liz21_del_07_29.json","07",11652
145.441771,-14.693828,2114,3.55,2021-11-26 08:02:00,0.0538657123362933,5989.59393189104,"moving",29,-14.69295,145.44156,"run_day_11652_liz21_del_07_29.json","07",11652
145.441892,-14.694267,2114,3.55,2021-11-26 08:14:00,0.0505197072312492,5617.53513968334,"moving",29,-14.69295,145.44156,"run_day_11652_liz21_del_07_29.json","07",11652
145.442033,-14.694691,2114,3.55,2021-11-26 08:26:00,0.0495257935670067,5507.01698269687,"moving",29,-14.69295,145.44156,"run_day_11652_liz21_del_07_29.json","07",11652
145.441767,-14.693582,2115,3.55,2021-11-26 08:08:00,0.0498982441520131,5548.43159817538,"moving",29,-14.69295,145.44156,"run_day_11652_liz21_del_07_29.json","07",11652
145.441859,-14.693994,2115,3.55,2021-11-26 08:20:00,0.0468688168638375,5211.57465309166,"moving",29,-14.69295,145.44156,"run_day_11652_liz21_del_07_29.json","07",11652
145.441974,-14.694392,2115,3.55,2021-11-26 08:32:00,0.0459516393334108,5109.58916487583,"moving",29,-14.69295,145.44156,"run_day_11652_liz21_del_07_29.json","07",11652
145.441528,-14.693435,2116,3.55,2021-11-26 07:30:00,0.056094152836201,6237.38520981004,"moving",29,-14.69295,145.44156,"run_day_11652_liz21_del_07_29.json","07",11652
145.441664,-14.693955,2116,3.55,2021-11-26 07:42:00,0.0596429918018925,6631.99809827345,"moving",29,-14.69295,145.44156,"run_day_11652_liz21_del_07_29.json","07",11652
145.441829,-14.694474,2116,3.55,2021-11-26 07:54:00,0.0603773346278126,6713.6532949336,"moving",29,-14.69295,145.44156,"run_day_11652_liz21_del_07_29.json","07",11652
145.441569,-14.693253,2117,3.55,2021-11-26 07:33:00,0.0528252640229036,5873.90135800621,"moving",29,-14.69295,145.44156,"run_day_11652_liz21_del_07_29.json","07",11652
145.441678,-14.693752,2117,3.55,2021-11-26 07:45:00,0.0567113319689021,6306.01239819728,"moving",29,-14.69295,145.44156,"run_day_11652_liz21_del_07_29.json","07",11652
145.441819,-14.694253,2117,3.55,2021-11-26 07:57:00,0.0577360661397091,6419.95763915035,"moving",29,-14.69295,145.44156,"run_day_11652_liz21_del_07_29.json","07",11652
145.441705,-14.693219,2118,3.55,2021-11-26 07:27:00,0.0493555428622339,5488.08596806848,"moving",29,-14.69295,145.44156,"run_day_11652_liz21_del_07_29.json","07",11652
145.441788,-14.693663,2118,3.55,2021-11-26 07:39:00,0.0501711931709997,5578.78214431929,"moving",29,-14.69295,145.44156,"run_day_11652_liz21_del_07_29.json","07",11652
145.441902,-14.694087,2118,3.55,2021-11-26 07:51:00,0.0487150328040353,5416.86449913198,"moving",29,-14.69295,145.44156,"run_day_11652_liz21_del_07_29.json","07",11652
145.442028,-14.694511,2118,3.55,2021-11-26 08:03:00,0.0490558029863642,5454.75641455869,"moving",29,-14.69295,145.44156,"run_day_11652_liz21_del_07_29.json","07",11652
145.441701,-14.693144,2119,3.55,2021-11-26 07:51:00,0.0485629760470784,5399.95655919634,"moving",29,-14.69295,145.44156,"run_day_11652_liz21_del_07_29.json","07",11652
145.441775,-14.693584,2119,3.55,2021-11-26 08:03:00,0.0495689590944356,5511.8167703529,"moving",29,-14.69295,145.44156,"run_day_11652_liz21_del_07_29.json","07",11652
145.441868,-14.693992,2119,3.55,2021-11-26 08:15:00,0.0464571983503527,5165.80476267919,"moving",29,-14.69295,145.44156,"run_day_11652_liz21_del_07_29.json","07",11652
145.441982,-14.694388,2119,3.55,2021-11-26 08:27:00,0.0457085264551702,5082.55624621352,"moving",29,-14.69295,145.44156,"run_day_11652_liz21_del_07_29.json","07",11652
145.441592,-14.693255,2120,3.55,2021-11-26 07:50:00,0.0526617444168466,5855.71880740576,"moving",29,-14.69295,145.44156,"run_day_11652_liz21_del_07_29.json","07",11652
145.441691,-14.69375,2120,3.55,2021-11-26 08:02:00,0.0560620327597202,6233.81362026194,"moving",29,-14.69295,145.44156,"run_day_11652_liz21_del_07_29.json","07",11652
145.441819,-14.694231,2120,3.55,2021-11-26 08:14:00,0.055228274290803,6141.10390847141,"moving",29,-14.69295,145.44156,"run_day_11652_liz21_del_07_29.json","07",11652
145.44197,-14.69468,2120,3.55,2021-11-26 08:26:00,0.0525017718858629,5837.93067355788,"moving",29,-14.69295,145.44156,"run_day_11652_liz21_del_07_29.json","07",11652
145.441701,-14.693299,2121,3.55,2021-11-26 07:25:00,0.0506380153261081,5630.69039961263,"moving",29,-14.69295,145.44156,"run_day_11652_liz21_del_07_29.json","07",11652
145.441793,-14.693754,2121,3.55,2021-11-26 07:37:00,0.0515523048321816,5732.35475417237,"moving",29,-14.69295,145.44156,"run_day_11652_liz21_del_07_29.json","07",11652
145.441916,-14.694189,2121,3.55,2021-11-26 07:49:00,0.0501463943318095,5576.02463921467,"moving",29,-14.69295,145.44156,"run_day_11652_liz21_del_07_29.json","07",11652
145.442052,-14.694623,2121,3.55,2021-11-26 08:01:00,0.0504268528503511,5607.21020361075,"moving",29,-14.69295,145.44156,"run_day_11652_liz21_del_07_29.json","07",11652
145.441614,-14.693437,2122,3.55,2021-11-26 07:15:00,0.0553438419971814,6153.95445110464,"moving",29,-14.69295,145.44156,"run_day_11652_liz21_del_07_29.json","07",11652
145.441745,-14.693944,2122,3.55,2021-11-26 07:27:00,0.0581099492456453,6461.53154368856,"moving",29,-14.69295,145.44156,"run_day_11652_liz21_del_07_29.json","07",11652
145.441895,-14.694434,2122,3.55,2021-11-26 07:39:00,0.0568240102175722,6318.5416477926,"moving",29,-14.69295,145.44156,"run_day_11652_liz21_del_07_29.json","07",11652
145.441678,-14.693631,2123,3.55,2021-11-26 07:22:00,0.0556877261569011,6192.19262501889,"moving",29,-14.69295,145.44156,"run_day_11652_liz21_del_07_29.json","07",11652
145.441818,-14.694126,2123,3.55,2021-11-26 07:34:00,0.0570641186678389,6345.24048930674,"moving",29,-14.69295,145.44156,"run_day_11652_liz21_del_07_29.json","07",11652
145.441969,-14.694603,2123,3.55,2021-11-26 07:46:00,0.0554708765474648,6168.08004860473,"moving",29,-14.69295,145.44156,"run_day_11652_liz21_del_07_29.json","07",11652
145.441668,-14.693685,2124,3.55,2021-11-26 07:13:00,0.0575852189531465,6403.18419730598,"moving",29,-14.69295,145.44156,"run_day_11652_liz21_del_07_29.json","07",11652
145.441819,-14.694189,2124,3.55,2021-11-26 07:25:00,0.0583482022136639,6488.02406499024,"moving",29,-14.69295,145.44156,"run_day_11652_liz21_del_07_29.json","07",11652
145.441978,-14.694671,2124,3.55,2021-11-26 07:37:00,0.0562582909482306,6255.63653513675,"moving",29,-14.69295,145.44156,"run_day_11652_liz21_del_07_29.json","07",11652
145.441672,-14.693288,2125,3.55,2021-11-26 07:19:00,0.0518545354554197,5765.96126615307,"moving",29,-14.69295,145.44156,"run_day_11652_liz21_del_07_29.json","07",11652
145.441771,-14.693761,2125,3.55,2021-11-26 07:31:00,0.0536622876153944,5966.97413497299,"moving",29,-14.69295,145.44156,"run_day_11652_liz21_del_07_29.json","07",11652
145.441902,-14.694214,2125,3.55,2021-11-26 07:43:00,0.0523048730279682,5816.03651949789,"moving",29,-14.69295,145.44156,"run_day_11652_liz21_del_07_29.json","07",11652
145.442045,-14.694662,2125,3.55,2021-11-26 07:55:00,0.0521357426892398,5797.23008388961,"moving",29,-14.69295,145.44156,"run_day_11652_liz21_del_07_29.json","07",11652
145.441507,-14.693612,2126,3.55,2021-11-26 08:00:00,0.058738986953736,6531.47734549637,"moving",29,-14.69295,145.44156,"run_day_11652_liz21_del_07_29.json","07",11652
145.441647,-14.694137,2126,3.55,2021-11-26 08:12:00,0.0602881546068923,6703.73692904921,"moving",29,-14.69295,145.44156,"run_day_11652_liz21_del_07_29.json","07",11652
145.44182,-14.694645,2126,3.55,2021-11-26 08:24:00,0.0594728866218665,6613.0832652586,"moving",29,-14.69295,145.44156,"run_day_11652_liz21_del_07_29.json","07",11652
145.441596,-14.693578,2127,3.55,2021-11-26 07:48:00,0.0564301179395129,6274.74282482794,"moving",29,-14.69295,145.44156,"run_day_11652_liz21_del_07_29.json","07",11652
145.441729,-14.694096,2127,3.55,2021-11-26 08:00:00,0.0593488152348308,6599.28715647848,"moving",29,-14.69295,145.44156,"run_day_11652_liz21_del_07_29.json","07",11652
145.441888,-14.694583,2127,3.55,2021-11-26 08:12:00,0.0567882085731319,6314.56068656531,"moving",29,-14.69295,145.44156,"run_day_11652_liz21_del_07_29.json","07",11652
145.441487,-14.693492,2128,3.55,2021-11-26 07:24:00,0.0580274596259653,6452.3591164793,"moving",29,-14.69295,145.44156,"run_day_11652_liz21_del_07_29.json","07",11652
145.441638,-14.694022,2128,3.55,2021-11-26 07:36:00,0.0611303140204065,6797.38078325795,"moving",29,-14.69295,145.44156,"run_day_11652_liz21_del_07_29.json","07",11652
145.441814,-14.694553,2128,3.55,2021-11-26 07:48:00,0.0620048949622572,6894.62974693176,"moving",29,-14.69295,145.44156,"run_day_11652_liz21_del_07_29.json","07",11652
145.441713,-14.693586,2129,3.55,2021-11-26 07:49:00,0.0537684422965625,5978.77799695845,"moving",29,-14.69295,145.44156,"run_day_11652_liz21_del_07_29.json","07",11652
145.441827,-14.694053,2129,3.55,2021-11-26 08:01:00,0.0533560528159407,5932.92237891172,"moving",29,-14.69295,145.44156,"run_day_11652_liz21_del_07_29.json","07",11652
145.44196,-14.694491,2129,3.55,2021-11-26 08:13:00,0.0507607968340905,5644.34308038604,"moving",29,-14.69295,145.44156,"run_day_11652_liz21_del_07_29.json","07",11652
145.441538,-14.693612,2130,3.55,2021-11-26 07:41:00,0.0580071354489365,6450.09917110548,"moving",29,-14.69295,145.44156,"run_day_11652_liz21_del_07_29.json","07",11652
145.441686,-14.694144,2130,3.55,2021-11-26 07:53:00,0.0612600979347963,6811.81209609816,"moving",29,-14.69295,145.44156,"run_day_11652_liz21_del_07_29.json","07",11652
145.441863,-14.694658,2130,3.55,2021-11-26 08:05:00,0.060241500567816,6698.54923659645,"moving",29,-14.69295,145.44156,"run_day_11652_liz21_del_07_29.json","07",11652
145.441752,-14.693439,2131,3.55,2021-11-26 07:57:00,0.0499330102086801,5552.29740729619,"moving",29,-14.69295,145.44156,"run_day_11652_liz21_del_07_29.json","07",11652
145.441837,-14.693857,2131,3.55,2021-11-26 08:09:00,0.0473701027932099,5267.31510523618,"moving",29,-14.69295,145.44156,"run_day_11652_liz21_del_07_29.json","07",11652
145.441944,-14.694254,2131,3.55,2021-11-26 08:21:00,0.0456199254222516,5072.7042608575,"moving",29,-14.69295,145.44156,"run_day_11652_liz21_del_07_29.json","07",11652
145.442072,-14.694651,2131,3.55,2021-11-26 08:33:00,0.0462414182536918,5141.81111065962,"moving",29,-14.69295,145.44156,"run_day_11652_liz21_del_07_29.json","07",11652
145.44148,-14.693337,2132,3.55,2021-11-26 07:23:00,0.0564125568688329,6272.79012286187,"moving",29,-14.69295,145.44156,"run_day_11652_liz21_del_07_29.json","07",11652
145.441615,-14.693855,2132,3.55,2021-11-26 07:35:00,0.059401037072934,6605.09395993561,"moving",29,-14.69295,145.44156,"run_day_11652_liz21_del_07_29.json","07",11652
145.44178,-14.694385,2132,3.55,2021-11-26 07:47:00,0.0615474987466617,6843.76960829112,"moving",29,-14.69295,145.44156,"run_day_11652_liz21_del_07_29.json","07",11652
145.441602,-14.693534,2133,3.55,2021-11-26 07:16:00,0.0566785868942273,6302.37131202086,"moving",29,-14.69295,145.44156,"run_day_11652_liz21_del_07_29.json","07",11652
145.441746,-14.694049,2133,3.55,2021-11-26 07:28:00,0.05932297249199,6596.41357458401,"moving",29,-14.69295,145.44156,"run_day_11652_liz21_del_07_29.json","07",11652
145.441904,-14.694547,2133,3.55,2021-11-26 07:40:00,0.0579240949094963,6440.8654844139,"moving",29,-14.69295,145.44156,"run_day_11652_liz21_del_07_29.json","07",11652
145.441551,-14.693529,2134,3.55,2021-11-26 07:31:00,0.0566091031849638,6294.64507606631,"moving",29,-14.69295,145.44156,"run_day_11652_liz21_del_07_29.json","07",11652
145.441694,-14.694053,2134,3.55,2021-11-26 07:43:00,0.0602620403040345,6700.83315105856,"moving",29,-14.69295,145.44156,"run_day_11652_liz21_del_07_29.json","07",11652
145.441862,-14.694566,2134,3.55,2021-11-26 07:55:00,0.0598366076413556,6653.52719733978,"moving",29,-14.69295,145.44156,"run_day_11652_liz21_del_07_29.json","07",11652
145.441622,-14.693201,2135,3.55,2021-11-26 07:23:00,0.0512893961798116,5703.12064585787,"moving",29,-14.69295,145.44156,"run_day_11652_liz21_del_07_29.json","07",11652
145.441721,-14.693685,2135,3.55,2021-11-26 07:35:00,0.0548616469508748,6100.3368083022,"moving",29,-14.69295,145.44156,"run_day_11652_liz21_del_07_29.json","07",11652
145.441853,-14.694158,2135,3.55,2021-11-26 07:47:00,0.0544777890908848,6057.65376171868,"moving",29,-14.69295,145.44156,"run_day_11652_liz21_del_07_29.json","07",11652
145.441998,-14.694615,2135,3.55,2021-11-26 07:59:00,0.0531554953382463,5910.62140489148,"moving",29,-14.69295,145.44156,"run_day_11652_liz21_del_07_29.json","07",11652
145.441726,-14.693448,2136,3.55,2021-11-26 07:44:00,0.0515943017091207,5737.02459382291,"moving",29,-14.69295,145.44156,"run_day_11652_liz21_del_07_29.json","07",11652
145.441823,-14.693895,2136,3.55,2021-11-26 07:56:00,0.050787317822972,5647.29207979926,"moving",29,-14.69295,145.44156,"run_day_11652_liz21_del_07_29.json","07",11652
145.441944,-14.694319,2136,3.55,2021-11-26 08:08:00,0.0489099653586129,5438.54001023887,"moving",29,-14.69295,145.44156,"run_day_11652_liz21_del_07_29.json","07",11652
145.441558,-14.693475,2137,3.55,2021-11-26 08:04:00,0.0557553078781083,6199.70736955104,"moving",29,-14.69295,145.44156,"run_day_11652_liz21_del_07_29.json","07",11652
145.441675,-14.69398,2137,3.55,2021-11-26 08:16:00,0.0575462761122249,6398.85395096637,"moving",29,-14.69295,145.44156,"run_day_11652_liz21_del_07_29.json","07",11652
145.441826,-14.694468,2137,3.55,2021-11-26 08:28:00,0.056641554119036,6298.25345530001,"moving",29,-14.69295,145.44156,"run_day_11652_liz21_del_07_29.json","07",11652
145.44155,-14.693504,2138,3.55,2021-11-26 07:27:00,0.0566343368402503,6297.45093051486,"moving",29,-14.69295,145.44156,"run_day_11652_liz21_del_07_29.json","07",11652
145.441693,-14.694026,2138,3.55,2021-11-26 07:39:00,0.0600470433717246,6676.92658294156,"moving",29,-14.69295,145.44156,"run_day_11652_liz21_del_07_29.json","07",11652
145.441859,-14.69454,2138,3.55,2021-11-26 07:51:00,0.0598781255764383,6658.14378108573,"moving",29,-14.69295,145.44156,"run_day_11652_liz21_del_07_29.json","07",11652
145.44161,-14.69365,2139,3.55,2021-11-26 08:02:00,0.0565803644871613,6291.4494786723,"moving",29,-14.69295,145.44156,"run_day_11652_liz21_del_07_29.json","07",11652
145.44174,-14.694158,2139,3.55,2021-11-26 08:14:00,0.0581918906538249,6470.64301256024,"moving",29,-14.69295,145.44156,"run_day_11652_liz21_del_07_29.json","07",11652
145.441897,-14.694631,2139,3.55,2021-11-26 08:26:00,0.0552395935855325,6142.36255661852,"moving",29,-14.69295,145.44156,"run_day_11652_liz21_del_07_29.json","07",11652
145.441599,-14.693618,2140,3.55,2021-11-26 08:06:00,0.056209900694792,6250.25578445533,"moving",29,-14.69295,145.44156,"run_day_11652_liz21_del_07_29.json","07",11652
145.441724,-14.694123,2140,3.55,2021-11-26 08:18:00,0.0577405477464506,6420.45597108322,"moving",29,-14.69295,145.44156,"run_day_11652_liz21_del_07_29.json","07",11652
145.44188,-14.694597,2140,3.55,2021-11-26 08:30:00,0.0553127542199592,6150.49764799687,"moving",29,-14.69295,145.44156,"run_day_11652_liz21_del_07_29.json","07",11652
145.441652,-14.69322,2141,3.55,2021-11-26 07:39:00,0.0505705290105962,5623.18626370977,"moving",29,-14.69295,145.44156,"run_day_11652_liz21_del_07_29.json","07",11652
145.441743,-14.6937,2141,3.55,2021-11-26 07:51:00,0.0542636055180718,6033.83763505126,"moving",29,-14.69295,145.44156,"run_day_11652_liz21_del_07_29.json","07",11652
145.441862,-14.694154,2141,3.55,2021-11-26 08:03:00,0.0520798228406292,5791.01208042538,"moving",29,-14.69295,145.44156,"run_day_11652_liz21_del_07_29.json","07",11652
145.441999,-14.694588,2141,3.55,2021-11-26 08:15:00,0.0504581591099277,5610.69130084789,"moving",29,-14.69295,145.44156,"run_day_11652_liz21_del_07_29.json","07",11652
145.441556,-14.693593,2142,3.55,2021-11-26 08:08:00,0.0569104599533195,6328.15441981746,"moving",29,-14.69295,145.44156,"run_day_11652_liz21_del_07_29.json","07",11652
145.441683,-14.694102,2142,3.55,2021-11-26 08:20:00,0.0582232875162309,6474.13418437235,"moving",29,-14.69295,145.44156,"run_day_11652_liz21_del_07_29.json","07",11652
145.441844,-14.694591,2142,3.55,2021-11-26 08:32:00,0.0570652235652639,6345.36334829487,"moving",29,-14.69295,145.44156,"run_day_11652_liz21_del_07_29.json","07",11652
145.441607,-14.693641,2143,3.55,2021-11-26 07:20:00,0.0574252685092629,6385.39851943158,"moving",29,-14.69295,145.44156,"run_day_11652_liz21_del_07_29.json","07",11652
145.44176,-14.694161,2143,3.55,2021-11-26 07:32:00,0.0601175805447198,6684.76995871847,"moving",29,-14.69295,145.44156,"run_day_11652_liz21_del_07_29.json","07",11652
145.441927,-14.69466,2143,3.55,2021-11-26 07:44:00,0.0583212330139239,6485.02522680348,"moving",29,-14.69295,145.44156,"run_day_11652_liz21_del_07_29.json","07",11652
145.441596,-14.693665,2144,3.55,2021-11-26 07:52:00,0.0573910343271201,6381.59185205947,"moving",29,-14.69295,145.44156,"run_day_11652_liz21_del_07_29.json","07",11652
145.441736,-14.694186,2144,3.55,2021-11-26 08:04:00,0.0598575742898574,6655.85858228192,"moving",29,-14.69295,145.44156,"run_day_11652_liz21_del_07_29.json","07",11652
145.441901,-14.694671,2144,3.55,2021-11-26 08:16:00,0.0567745874067058,6313.04608196374,"moving",29,-14.69295,145.44156,"run_day_11652_liz21_del_07_29.json","07",11652
145.441656,-14.69318,2145,3.55,2021-11-26 07:21:00,0.0505041133166784,5615.80117549654,"moving",29,-14.69295,145.44156,"run_day_11652_liz21_del_07_29.json","07",11652
145.441747,-14.693651,2145,3.55,2021-11-26 07:33:00,0.0532795718723426,5924.41808599863,"moving",29,-14.69295,145.44156,"run_day_11652_liz21_del_07_29.json","07",11652
145.441871,-14.694104,2145,3.55,2021-11-26 07:45:00,0.0521070980107035,5794.044940961,"moving",29,-14.69295,145.44156,"run_day_11652_liz21_del_07_29.json","07",11652
145.442007,-14.694549,2145,3.55,2021-11-26 07:57:00,0.0515986256992747,5737.5053995909,"moving",29,-14.69295,145.44156,"run_day_11652_liz21_del_07_29.json","07",11652
145.441682,-14.693616,2146,3.55,2021-11-26 08:05:00,0.0545017888814458,6060.32241666959,"moving",29,-14.69295,145.44156,"run_day_11652_liz21_del_07_29.json","07",11652
145.441795,-14.694093,2146,3.55,2021-11-26 08:17:00,0.0544147159513576,6050.64034859571,"moving",29,-14.69295,145.44156,"run_day_11652_liz21_del_07_29.json","07",11652
145.441934,-14.694535,2146,3.55,2021-11-26 08:29:00,0.0513717916137721,5712.28260009295,"moving",29,-14.69295,145.44156,"run_day_11652_liz21_del_07_29.json","07",11652
145.441688,-14.69335,2147,3.55,2021-11-26 07:47:00,0.0515807599985816,5735.51882431287,"moving",29,-14.69295,145.44156,"run_day_11652_liz21_del_07_29.json","07",11652
145.441781,-14.69382,2147,3.55,2021-11-26 07:59:00,0.0532102916437444,5916.71447606174,"moving",29,-14.69295,145.44156,"run_day_11652_liz21_del_07_29.json","07",11652
145.4419,-14.694254,2147,3.55,2021-11-26 08:11:00,0.0499271229518176,5551.64277420123,"moving",29,-14.69295,145.44156,"run_day_11652_liz21_del_07_29.json","07",11652
145.442038,-14.694676,2147,3.55,2021-11-26 08:23:00,0.049215859459837,5472.55388238548,"moving",29,-14.69295,145.44156,"run_day_11652_liz21_del_07_29.json","07",11652
145.441581,-14.693341,2148,3.55,2021-11-26 07:25:00,0.0539812739907991,6002.44380158673,"moving",29,-14.69295,145.44156,"run_day_11652_liz21_del_07_29.json","07",11652
145.4417,-14.693845,2148,3.55,2021-11-26 07:37:00,0.0574852935884395,6392.07300370745,"moving",29,-14.69295,145.44156,"run_day_11652_liz21_del_07_29.json","07",11652
145.441849,-14.694344,2148,3.55,2021-11-26 07:49:00,0.0577543421866828,6421.98984285294,"moving",29,-14.69295,145.44156,"run_day_11652_liz21_del_07_29.json","07",11652
145.441617,-14.693496,2149,3.55,2021-11-26 07:14:00,0.056018518444987,6228.97504922719,"moving",29,-14.69295,145.44156,"run_day_11652_liz21_del_07_29.json","07",11652
145.441756,-14.694007,2149,3.55,2021-11-26 07:26:00,0.0587545927542025,6533.21263133447,"moving",29,-14.69295,145.44156,"run_day_11652_liz21_del_07_29.json","07",11652
145.441909,-14.694498,2149,3.55,2021-11-26 07:38:00,0.0570229196397182,6340.65936639703,"moving",29,-14.69295,145.44156,"run_day_11652_liz21_del_07_29.json","07",11652
145.44162,-14.69333,2150,3.55,2021-11-26 07:12:00,0.0541655633169297,6022.9358396872,"moving",29,-14.69295,145.44156,"run_day_11652_liz21_del_07_29.json","07",11652
145.441737,-14.693829,2150,3.55,2021-11-26 07:24:00,0.0568954435353669,6326.48467032475,"moving",29,-14.69295,145.44156,"run_day_11652_liz21_del_07_29.json","07",11652
145.441882,-14.69431,2150,3.55,2021-11-26 07:36:00,0.0557122318320177,6194.91753176586,"moving",29,-14.69295,145.44156,"run_day_11652_liz21_del_07_29.json","07",11652
145.44164,-14.69318,2151,3.55,2021-11-26 07:54:00,0.0505288765702917,5618.55472366554,"moving",29,-14.69295,145.44156,"run_day_11652_liz21_del_07_29.json","07",11652
145.441725,-14.693657,2151,3.55,2021-11-26 08:06:00,0.0538221543061324,5984.75049992251,"moving",29,-14.69295,145.44156,"run_day_11652_liz21_del_07_29.json","07",11652
145.441835,-14.694106,2151,3.55,2021-11-26 08:18:00,0.0513092573061098,5705.32910233967,"moving",29,-14.69295,145.44156,"run_day_11652_liz21_del_07_29.json","07",11652
145.441967,-14.694533,2151,3.55,2021-11-26 08:30:00,0.0495575046285706,5510.54309186129,"moving",29,-14.69295,145.44156,"run_day_11652_liz21_del_07_29.json","07",11652
145.441762,-14.693571,2152,3.55,2021-11-26 07:24:00,0.0515417177083282,5731.17751971211,"moving",29,-14.69295,145.44156,"run_day_11652_liz21_del_07_29.json","07",11652
145.441878,-14.694005,2152,3.55,2021-11-26 07:36:00,0.0498453807314569,5542.55345400445,"moving",29,-14.69295,145.44156,"run_day_11652_liz21_del_07_29.json","07",11652
145.442004,-14.694441,2152,3.55,2021-11-26 07:48:00,0.0503395632803253,5597.50404627489,"moving",29,-14.69295,145.44156,"run_day_11652_liz21_del_07_29.json","07",11652
145.441713,-14.693518,2153,3.55,2021-11-26 07:57:00,0.0529272722827277,5885.2441589745,"moving",29,-14.69295,145.44156,"run_day_11652_liz21_del_07_29.json","07",11652
145.441814,-14.693974,2153,3.55,2021-11-26 08:09:00,0.0518555573354763,5766.074894031,"moving",29,-14.69295,145.44156,"run_day_11652_liz21_del_07_29.json","07",11652
145.441938,-14.6944,2153,3.55,2021-11-26 08:21:00,0.0492108417860026,5471.99594251154,"moving",29,-14.69295,145.44156,"run_day_11652_liz21_del_07_29.json","07",11652
145.441693,-14.693495,2154,3.55,2021-11-26 07:34:00,0.0531010861030438,5904.57137397436,"moving",29,-14.69295,145.44156,"run_day_11652_liz21_del_07_29.json","07",11652
145.441809,-14.693972,2154,3.55,2021-11-26 07:46:00,0.0544876980672734,6058.75558962133,"moving",29,-14.69295,145.44156,"run_day_11652_liz21_del_07_29.json","07",11652
145.441944,-14.694426,2154,3.55,2021-11-26 07:58:00,0.052529257929556,5840.98698217008,"moving",29,-14.69295,145.44156,"run_day_11652_liz21_del_07_29.json","07",11652
145.441597,-14.693183,2155,3.55,2021-11-26 08:01:00,0.0515276749366696,5729.61603474764,"moving",29,-14.69295,145.44156,"run_day_11652_liz21_del_07_29.json","07",11652
145.441687,-14.693662,2155,3.55,2021-11-26 08:13:00,0.0541349017102877,6019.52642458583,"moving",29,-14.69295,145.44156,"run_day_11652_liz21_del_07_29.json","07",11652
145.441801,-14.694133,2155,3.55,2021-11-26 08:25:00,0.0537890245524148,5981.06663938813,"moving",29,-14.69295,145.44156,"run_day_11652_liz21_del_07_29.json","07",11652
145.441942,-14.694572,2155,3.55,2021-11-26 08:37:00,0.0511161472518443,5683.85624402129,"moving",29,-14.69295,145.44156,"run_day_11652_liz21_del_07_29.json","07",11652
145.441727,-14.693509,2156,3.55,2021-11-26 07:31:00,0.0523461010171801,5820.620862734,"moving",29,-14.69295,145.44156,"run_day_11652_liz21_del_07_29.json","07",11652
145.441839,-14.693962,2156,3.55,2021-11-26 07:43:00,0.0517917662930268,5758.98165374525,"moving",29,-14.69295,145.44156,"run_day_11652_liz21_del_07_29.json","07",11652
145.441968,-14.694402,2156,3.55,2021-11-26 07:55:00,0.0508551506093274,5654.83474150215,"moving",29,-14.69295,145.44156,"run_day_11652_liz21_del_07_29.json","07",11652
145.441609,-14.693595,2157,3.55,2021-11-26 07:58:00,0.0562318159621435,6252.69265100087,"moving",29,-14.69295,145.44156,"run_day_11652_liz21_del_07_29.json","07",11652
145.441735,-14.694104,2157,3.55,2021-11-26 08:10:00,0.0581981469001295,6471.33867540915,"moving",29,-14.69295,145.44156,"run_day_11652_liz21_del_07_29.json","07",11652
145.44189,-14.694579,2157,3.55,2021-11-26 08:22:00,0.0553862499396829,6158.66999916024,"moving",29,-14.69295,145.44156,"run_day_11652_liz21_del_07_29.json","07",11652
145.44148,-14.693545,2158,3.55,2021-11-26 07:13:00,0.0598045492442707,6649.96246622759,"moving",29,-14.69295,145.44156,"run_day_11652_liz21_del_07_29.json","07",11652
145.441641,-14.694081,2158,3.55,2021-11-26 07:25:00,0.0620652231261206,6901.33793268715,"moving",29,-14.69295,145.44156,"run_day_11652_liz21_del_07_29.json","07",11652
145.441823,-14.694613,2158,3.55,2021-11-26 07:37:00,0.0623105104175374,6928.61263506309,"moving",29,-14.69295,145.44156,"run_day_11652_liz21_del_07_29.json","07",11652
145.441654,-14.693475,2159,3.55,2021-11-26 07:47:00,0.0538381756304398,5986.53198990362,"moving",29,-14.69295,145.44156,"run_day_11652_liz21_del_07_29.json","07",11652
145.441767,-14.69397,2159,3.55,2021-11-26 07:59:00,0.0563674328685734,6267.77256296311,"moving",29,-14.69295,145.44156,"run_day_11652_liz21_del_07_29.json","07",11652
145.441905,-14.694431,2159,3.55,2021-11-26 08:11:00,0.053366573416474,5934.09221631628,"moving",29,-14.69295,145.44156,"run_day_11652_liz21_del_07_29.json","07",11652
145.441598,-14.693215,2160,3.55,2021-11-26 07:46:00,0.0519419187078744,5775.67784049972,"moving",29,-14.69295,145.44156,"run_day_11652_liz21_del_07_29.json","07",11652
145.441695,-14.693706,2160,3.55,2021-11-26 07:58:00,0.0555846357804761,6180.72949817456,"moving",29,-14.69295,145.44156,"run_day_11652_liz21_del_07_29.json","07",11652
145.44182,-14.694186,2160,3.55,2021-11-26 08:10:00,0.0550408898297684,6120.26770707234,"moving",29,-14.69295,145.44156,"run_day_11652_liz21_del_07_29.json","07",11652
145.441967,-14.694634,2160,3.55,2021-11-26 08:22:00,0.0522642846528988,5811.52329810942,"moving",29,-14.69295,145.44156,"run_day_11652_liz21_del_07_29.json","07",11652
145.441597,-14.693217,2161,3.55,2021-11-26 07:25:00,0.0520559412256359,5788.35656599805,"moving",29,-14.69295,145.44156,"run_day_11652_liz21_del_07_29.json","07",11652
145.441701,-14.693707,2161,3.55,2021-11-26 07:37:00,0.0556219352805301,6184.87701334694,"moving",29,-14.69295,145.44156,"run_day_11652_liz21_del_07_29.json","07",11652
145.441838,-14.694194,2161,3.55,2021-11-26 07:49:00,0.0561209925430923,6240.36964904898,"moving",29,-14.69295,145.44156,"run_day_11652_liz21_del_07_29.json","07",11652
145.441991,-14.694659,2161,3.55,2021-11-26 08:01:00,0.0542612716492381,6033.57812067751,"moving",29,-14.69295,145.44156,"run_day_11652_liz21_del_07_29.json","07",11652
145.441614,-14.693553,2162,3.55,2021-11-26 08:06:00,0.0552520922469277,6143.75234435552,"moving",29,-14.69295,145.44156,"run_day_11652_liz21_del_07_29.json","07",11652
145.44173,-14.694052,2162,3.55,2021-11-26 08:18:00,0.0568717473216154,6323.8497715749,"moving",29,-14.69295,145.44156,"run_day_11652_liz21_del_07_29.json","07",11652
145.441878,-14.69452,2162,3.55,2021-11-26 08:30:00,0.0544195066412855,6051.17304901081,"moving",29,-14.69295,145.44156,"run_day_11652_liz21_del_07_29.json","07",11652
145.441695,-14.693174,2163,3.55,2021-11-26 07:55:00,0.0490387166166319,5452.85649692969,"moving",29,-14.69295,145.44156,"run_day_11652_liz21_del_07_29.json","07",11652
145.44177,-14.693621,2163,3.55,2021-11-26 08:07:00,0.050354497852898,5599.16469497659,"moving",29,-14.69295,145.44156,"run_day_11652_liz21_del_07_29.json","07",11652
145.441867,-14.694034,2163,3.55,2021-11-26 08:19:00,0.0470937259279939,5236.58339998224,"moving",29,-14.69295,145.44156,"run_day_11652_liz21_del_07_29.json","07",11652
145.441985,-14.694435,2163,3.55,2021-11-26 08:31:00,0.0463602945198477,5155.0295483546,"moving",29,-14.69295,145.44156,"run_day_11652_liz21_del_07_29.json","07",11652
145.441619,-14.693429,2164,3.55,2021-11-26 07:51:00,0.0541410508392577,6020.21017653058,"moving",29,-14.69295,145.44156,"run_day_11652_liz21_del_07_29.json","07",11652
145.44173,-14.693932,2164,3.55,2021-11-26 08:03:00,0.0571910953310489,6359.35965005795,"moving",29,-14.69295,145.44156,"run_day_11652_liz21_del_07_29.json","07",11652
145.441869,-14.694402,2164,3.55,2021-11-26 08:15:00,0.0543580383958795,6044.33809197193,"moving",29,-14.69295,145.44156,"run_day_11652_liz21_del_07_29.json","07",11652
145.441686,-14.693467,2165,3.55,2021-11-26 07:25:00,0.0531628151079795,5911.43532615002,"moving",29,-14.69295,145.44156,"run_day_11652_liz21_del_07_29.json","07",11652
145.441804,-14.693947,2165,3.55,2021-11-26 07:37:00,0.0548618393472977,6100.35820180834,"moving",29,-14.69295,145.44156,"run_day_11652_liz21_del_07_29.json","07",11652
145.44194,-14.694406,2165,3.55,2021-11-26 07:49:00,0.053093325351507,5903.70841777651,"moving",29,-14.69295,145.44156,"run_day_11652_liz21_del_07_29.json","07",11652
145.441569,-14.693533,2166,3.55,2021-11-26 07:39:00,0.0562449956575192,6254.15816626137,"moving",29,-14.69295,145.44156,"run_day_11652_liz21_del_07_29.json","07",11652
145.441706,-14.694056,2166,3.55,2021-11-26 07:51:00,0.0599927702977316,6670.89169246013,"moving",29,-14.69295,145.44156,"run_day_11652_liz21_del_07_29.json","07",11652
145.44187,-14.694559,2166,3.55,2021-11-26 08:03:00,0.0586466958022861,6521.21503768095,"moving",29,-14.69295,145.44156,"run_day_11652_liz21_del_07_29.json","07",11652
145.4416,-14.693625,2167,3.55,2021-11-26 07:11:00,0.058364920000483,6489.88299806925,"moving",29,-14.69295,145.44156,"run_day_11652_liz21_del_07_29.json","07",11652
145.441756,-14.694149,2167,3.55,2021-11-26 07:23:00,0.0606339933762786,6742.19244564196,"moving",29,-14.69295,145.44156,"run_day_11652_liz21_del_07_29.json","07",11652
145.441923,-14.694649,2167,3.55,2021-11-26 07:35:00,0.0584270331406563,6496.78966413448,"moving",29,-14.69295,145.44156,"run_day_11652_liz21_del_07_29.json","07",11652
145.441728,-14.693593,2168,3.55,2021-11-26 07:52:00,0.0533838923003318,5936.01798833642,"moving",29,-14.69295,145.44156,"run_day_11652_liz21_del_07_29.json","07",11652
145.441838,-14.694048,2168,3.55,2021-11-26 08:04:00,0.0519586757926559,5777.54114331278,"moving",29,-14.69295,145.44156,"run_day_11652_liz21_del_07_29.json","07",11652
145.441967,-14.694478,2168,3.55,2021-11-26 08:16:00,0.0497863102556253,5535.9851167775,"moving",29,-14.69295,145.44156,"run_day_11652_liz21_del_07_29.json","07",11652
145.441766,-14.693177,2169,3.55,2021-11-26 07:28:00,0.0455129287609527,5060.80677495317,"moving",29,-14.69295,145.44156,"run_day_11652_liz21_del_07_29.json","07",11652
145.441834,-14.693557,2169,3.55,2021-11-26 07:40:00,0.0428824080225402,4768.3062144084,"moving",29,-14.69295,145.44156,"run_day_11652_liz21_del_07_29.json","07",11652
145.441925,-14.693929,2169,3.55,2021-11-26 07:52:00,0.0425067539247708,4726.5353845632,"moving",29,-14.69295,145.44156,"run_day_11652_liz21_del_07_29.json","07",11652
145.44203,-14.694306,2169,3.55,2021-11-26 08:04:00,0.0434151220358837,4827.54131004466,"moving",29,-14.69295,145.44156,"run_day_11652_liz21_del_07_29.json","07",11652
145.441636,-14.693184,2170,3.55,2021-11-26 07:50:00,0.0506795793934252,5635.31211302901,"moving",29,-14.69295,145.44156,"run_day_11652_liz21_del_07_29.json","07",11652
145.441723,-14.693664,2170,3.55,2021-11-26 08:02:00,0.0541876545634496,6025.39227422347,"moving",29,-14.69295,145.44156,"run_day_11652_liz21_del_07_29.json","07",11652
145.441835,-14.694119,2170,3.55,2021-11-26 08:14:00,0.0520080805125491,5783.0346975172,"moving",29,-14.69295,145.44156,"run_day_11652_liz21_del_07_29.json","07",11652
145.44197,-14.694549,2170,3.55,2021-11-26 08:26:00,0.049970005411363,5556.41108614471,"moving",29,-14.69295,145.44156,"run_day_11652_liz21_del_07_29.json","07",11652
145.441733,-14.693409,2171,3.55,2021-11-26 07:41:00,0.0508090751562868,5649.71138488119,"moving",29,-14.69295,145.44156,"run_day_11652_liz21_del_07_29.json","07",11652
145.441825,-14.693848,2171,3.55,2021-11-26 07:53:00,0.0498074384740216,5538.33446747221,"moving",29,-14.69295,145.44156,"run_day_11652_liz21_del_07_29.json","07",11652
145.441942,-14.694266,2171,3.55,2021-11-26 08:05:00,0.0481529523706006,5354.36400656786,"moving",29,-14.69295,145.44156,"run_day_11652_liz21_del_07_29.json","07",11652
145.442076,-14.694679,2171,3.55,2021-11-26 08:17:00,0.0481320707675579,5352.04207824931,"moving",29,-14.69295,145.44156,"run_day_11652_liz21_del_07_29.json","07",11652
145.441717,-14.693222,2172,3.55,2021-11-26 07:47:00,0.0491291938892612,5462.9171106227,"moving",29,-14.69295,145.44156,"run_day_11652_liz21_del_07_29.json","07",11652
145.441793,-14.693657,2172,3.55,2021-11-26 07:59:00,0.0490556668205962,5454.74127361611,"moving",29,-14.69295,145.44156,"run_day_11652_liz21_del_07_29.json","07",11652
145.441893,-14.694064,2172,3.55,2021-11-26 08:11:00,0.0465169187242442,5172.44536527324,"moving",29,-14.69295,145.44156,"run_day_11652_liz21_del_07_29.json","07",11652
145.442011,-14.694464,2172,3.55,2021-11-26 08:23:00,0.046253357184885,5143.13865923786,"moving",29,-14.69295,145.44156,"run_day_11652_liz21_del_07_29.json","07",11652
145.441452,-14.693444,2173,3.55,2021-11-26 07:55:00,0.0582702775310939,6479.35923562807,"moving",29,-14.69295,145.44156,"run_day_11652_liz21_del_07_29.json","07",11652
145.441586,-14.693972,2173,3.55,2021-11-26 08:07:00,0.0604541287425585,6722.1924108895,"moving",29,-14.69295,145.44156,"run_day_11652_liz21_del_07_29.json","07",11652
145.441752,-14.694493,2173,3.55,2021-11-26 08:19:00,0.0606215267726044,6740.8062225609,"moving",29,-14.69295,145.44156,"run_day_11652_liz21_del_07_29.json","07",11652
145.441579,-14.693457,2174,3.55,2021-11-26 07:23:00,0.0556193866398091,6184.59361742892,"moving",29,-14.69295,145.44156,"run_day_11652_liz21_del_07_29.json","07",11652
145.441714,-14.693971,2174,3.55,2021-11-26 07:35:00,0.0589698490659155,6557.14804112517,"moving",29,-14.69295,145.44156,"run_day_11652_liz21_del_07_29.json","07",11652
145.441871,-14.694474,2174,3.55,2021-11-26 07:47:00,0.0584246540031304,6496.52511611181,"moving",29,-14.69295,145.44156,"run_day_11652_liz21_del_07_29.json","07",11652
145.441566,-14.693551,2175,3.55,2021-11-26 08:08:00,0.056190036418769,6248.0469777401,"moving",29,-14.69295,145.44156,"run_day_11652_liz21_del_07_29.json","07",11652
145.441688,-14.694057,2175,3.55,2021-11-26 08:20:00,0.0577745515660598,6424.2370233103,"moving",29,-14.69295,145.44156,"run_day_11652_liz21_del_07_29.json","07",11652
145.441844,-14.694542,2175,3.55,2021-11-26 08:32:00,0.0564794835276177,6280.23202777601,"moving",29,-14.69295,145.44156,"run_day_11652_liz21_del_07_29.json","07",11652
145.4416,-14.693185,2176,3.55,2021-11-26 08:05:00,0.0512882783125907,5702.99634469424,"moving",29,-14.69295,145.44156,"run_day_11652_liz21_del_07_29.json","07",11652
145.441689,-14.693661,2176,3.55,2021-11-26 08:17:00,0.0537874800374541,5980.89489716038,"moving",29,-14.69295,145.44156,"run_day_11652_liz21_del_07_29.json","07",11652
145.441801,-14.694129,2176,3.55,2021-11-26 08:29:00,0.0534153518210542,5939.51612743542,"moving",29,-14.69295,145.44156,"run_day_11652_liz21_del_07_29.json","07",11652
145.441941,-14.694566,2176,3.55,2021-11-26 08:41:00,0.0508718726999333,5656.69415314041,"moving",29,-14.69295,145.44156,"run_day_11652_liz21_del_07_29.json","07",11652
145.441605,-14.693397,2177,3.55,2021-11-26 07:46:00,0.053989134266676,6003.31782438627,"moving",29,-14.69295,145.44156,"run_day_11652_liz21_del_07_29.json","07",11652
145.441717,-14.693902,2177,3.55,2021-11-26 07:58:00,0.0574310693110499,6386.04353916076,"moving",29,-14.69295,145.44156,"run_day_11652_liz21_del_07_29.json","07",11652
145.441859,-14.694383,2177,3.55,2021-11-26 08:10:00,0.0556227643535857,6184.96920206454,"moving",29,-14.69295,145.44156,"run_day_11652_liz21_del_07_29.json","07",11652
145.441634,-14.693332,2178,3.55,2021-11-26 07:45:00,0.0525297686938011,5841.04377656286,"moving",29,-14.69295,145.44156,"run_day_11652_liz21_del_07_29.json","07",11652
145.441735,-14.693826,2178,3.55,2021-11-26 07:57:00,0.0559942020189171,6226.27118601409,"moving",29,-14.69295,145.44156,"run_day_11652_liz21_del_07_29.json","07",11652
145.441866,-14.694291,2178,3.55,2021-11-26 08:09:00,0.0535910894762979,5959.05726311893,"moving",29,-14.69295,145.44156,"run_day_11652_liz21_del_07_29.json","07",11652
145.441642,-14.693222,2179,3.55,2021-11-26 07:31:00,0.0507653378690471,5644.84802043493,"moving",29,-14.69295,145.44156,"run_day_11652_liz21_del_07_29.json","07",11652
145.441737,-14.693704,2179,3.55,2021-11-26 07:43:00,0.0545612960327624,6066.93930999507,"moving",29,-14.69295,145.44156,"run_day_11652_liz21_del_07_29.json","07",11652
145.441862,-14.694167,2179,3.55,2021-11-26 07:55:00,0.0532098420368167,5916.6644820524,"moving",29,-14.69295,145.44156,"run_day_11652_liz21_del_07_29.json","07",11652
145.442004,-14.694612,2179,3.55,2021-11-26 08:07:00,0.0517852748546277,5758.25983872864,"moving",29,-14.69295,145.44156,"run_day_11652_liz21_del_07_29.json","07",11652
145.441587,-14.693463,2180,3.55,2021-11-26 07:55:00,0.0551438756851582,6131.71921170784,"moving",29,-14.69295,145.44156,"run_day_11652_liz21_del_07_29.json","07",11652
145.441704,-14.693971,2180,3.55,2021-11-26 08:07:00,0.0578718329830114,6435.05422333211,"moving",29,-14.69295,145.44156,"run_day_11652_liz21_del_07_29.json","07",11652
145.441851,-14.694454,2180,3.55,2021-11-26 08:19:00,0.0559861322065771,6225.37386382291,"moving",29,-14.69295,145.44156,"run_day_11652_liz21_del_07_29.json","07",11652
145.441752,-14.693398,2181,3.55,2021-11-26 07:24:00,0.049823816667339,5540.1556394767,"moving",29,-14.69295,145.44156,"run_day_11652_liz21_del_07_29.json","07",11652
145.441846,-14.693818,2181,3.55,2021-11-26 07:36:00,0.0477837484141397,5313.31039971231,"moving",29,-14.69295,145.44156,"run_day_11652_liz21_del_07_29.json","07",11652
145.441965,-14.694233,2181,3.55,2021-11-26 07:48:00,0.0478880873628651,5324.912361462,"moving",29,-14.69295,145.44156,"run_day_11652_liz21_del_07_29.json","07",11652
145.442097,-14.694656,2181,3.55,2021-11-26 08:00:00,0.0491315313668395,5463.17702627055,"moving",29,-14.69295,145.44156,"run_day_11652_liz21_del_07_29.json","07",11652
145.441575,-14.693287,2182,3.55,2021-11-26 07:58:00,0.053467964831102,5945.36642722824,"moving",29,-14.69295,145.44156,"run_day_11652_liz21_del_07_29.json","07",11652
145.441676,-14.693781,2182,3.55,2021-11-26 08:10:00,0.0559942024529798,6226.27123427966,"moving",29,-14.69295,145.44156,"run_day_11652_liz21_del_07_29.json","07",11652
145.441806,-14.694264,2182,3.55,2021-11-26 08:22:00,0.0554974783494946,6171.03803403004,"moving",29,-14.69295,145.44156,"run_day_11652_liz21_del_07_29.json","07",11652
145.44196,-14.694715,2182,3.55,2021-11-26 08:34:00,0.0528136072245849,5872.60518117225,"moving",29,-14.69295,145.44156,"run_day_11652_liz21_del_07_29.json","07",11652
145.441714,-14.693436,2183,3.55,2021-11-26 07:43:00,0.051960305382875,5777.72234547765,"moving",29,-14.69295,145.44156,"run_day_11652_liz21_del_07_29.json","07",11652
145.441813,-14.693892,2183,3.55,2021-11-26 07:55:00,0.051810919626503,5761.11140725613,"moving",29,-14.69295,145.44156,"run_day_11652_liz21_del_07_29.json","07",11652
145.441936,-14.694323,2183,3.55,2021-11-26 08:07:00,0.0497175086950084,5528.33473229167,"moving",29,-14.69295,145.44156,"run_day_11652_liz21_del_07_29.json","07",11652
145.441506,-14.693386,2184,3.55,2021-11-26 07:29:00,0.0560638988401209,6234.02111893521,"moving",29,-14.69295,145.44156,"run_day_11652_liz21_del_07_29.json","07",11652
145.44164,-14.693905,2184,3.55,2021-11-26 07:41:00,0.0594827108629028,6614.17567101998,"moving",29,-14.69295,145.44156,"run_day_11652_liz21_del_07_29.json","07",11652
145.441804,-14.69443,2184,3.55,2021-11-26 07:53:00,0.0609841504076256,6781.12813105667,"moving",29,-14.69295,145.44156,"run_day_11652_liz21_del_07_29.json","07",11652
145.441656,-14.693286,2185,3.55,2021-11-26 07:12:00,0.0527907170431806,5870.05990913013,"moving",29,-14.69295,145.44156,"run_day_11652_liz21_del_07_29.json","07",11652
145.44176,-14.69377,2185,3.55,2021-11-26 07:24:00,0.0549685598422254,6112.22497941329,"moving",29,-14.69295,145.44156,"run_day_11652_liz21_del_07_29.json","07",11652
145.441897,-14.694231,2185,3.55,2021-11-26 07:36:00,0.0533367617096128,5930.77730575871,"moving",29,-14.69295,145.44156,"run_day_11652_liz21_del_07_29.json","07",11652
145.442044,-14.694688,2185,3.55,2021-11-26 07:48:00,0.0532190065284812,5917.68352703076,"moving",29,-14.69295,145.44156,"run_day_11652_liz21_del_07_29.json","07",11652
145.441725,-14.693628,2186,3.55,2021-11-26 07:30:00,0.0540357091926293,6008.49671986113,"moving",29,-14.69295,145.44156,"run_day_11652_liz21_del_07_29.json","07",11652
145.441852,-14.694095,2186,3.55,2021-11-26 07:42:00,0.0536946302678528,5970.5704738406,"moving",29,-14.69295,145.44156,"run_day_11652_liz21_del_07_29.json","07",11652
145.441992,-14.694549,2186,3.55,2021-11-26 07:54:00,0.0526804490710253,5857.79867005507,"moving",29,-14.69295,145.44156,"run_day_11652_liz21_del_07_29.json","07",11652
145.441572,-14.693407,2187,3.55,2021-11-26 07:47:00,0.0549096190906563,6105.67106686619,"moving",29,-14.69295,145.44156,"run_day_11652_liz21_del_07_29.json","07",11652
145.44169,-14.693918,2187,3.55,2021-11-26 07:59:00,0.0582208339193945,6473.8613568521,"moving",29,-14.69295,145.44156,"run_day_11652_liz21_del_07_29.json","07",11652
145.441838,-14.694413,2187,3.55,2021-11-26 08:11:00,0.057297185370617,6371.15632422545,"moving",29,-14.69295,145.44156,"run_day_11652_liz21_del_07_29.json","07",11652
145.441477,-14.693341,2188,3.55,2021-11-26 07:11:00,0.0575428986396028,6398.47839314591,"moving",29,-14.69295,145.44156,"run_day_11652_liz21_del_07_29.json","07",11652
145.441617,-14.693864,2188,3.55,2021-11-26 07:23:00,0.0600728437248712,6679.7954513171,"moving",29,-14.69295,145.44156,"run_day_11652_liz21_del_07_29.json","07",11652
145.441786,-14.694393,2188,3.55,2021-11-26 07:35:00,0.0615666844257861,6845.90295847399,"moving",29,-14.69295,145.44156,"run_day_11652_liz21_del_07_29.json","07",11652
145.441532,-14.693651,2189,3.55,2021-11-26 08:04:00,0.0583161382254967,6484.45871217806,"moving",29,-14.69295,145.44156,"run_day_11652_liz21_del_07_29.json","07",11652
145.44167,-14.694171,2189,3.55,2021-11-26 08:16:00,0.0596961115955279,6637.90474983011,"moving",29,-14.69295,145.44156,"run_day_11652_liz21_del_07_29.json","07",11652
145.441842,-14.69467,2189,3.55,2021-11-26 08:28:00,0.058489103104754,6503.69152923916,"moving",29,-14.69295,145.44156,"run_day_11652_liz21_del_07_29.json","07",11652
145.441697,-14.693233,2190,3.55,2021-11-26 07:11:00,0.0512930398648853,5703.52580515235,"moving",29,-14.69295,145.44156,"run_day_11652_liz21_del_07_29.json","07",11652
145.441788,-14.693687,2190,3.55,2021-11-26 07:23:00,0.051422601433985,5717.93239432434,"moving",29,-14.69295,145.44156,"run_day_11652_liz21_del_07_29.json","07",11652
145.441912,-14.69412,2190,3.55,2021-11-26 07:35:00,0.0499605245891582,5555.35686681512,"moving",29,-14.69295,145.44156,"run_day_11652_liz21_del_07_29.json","07",11652
145.442043,-14.694562,2190,3.55,2021-11-26 07:47:00,0.0511280006576219,5685.17428260722,"moving",29,-14.69295,145.44156,"run_day_11652_liz21_del_07_29.json","07",11652
145.441707,-14.693191,2191,3.55,2021-11-26 08:08:00,0.0485257985110997,5395.82260581036,"moving",29,-14.69295,145.44156,"run_day_11652_liz21_del_07_29.json","07",11652
145.441778,-14.693619,2191,3.55,2021-11-26 08:20:00,0.0482002341109788,5359.62149622084,"moving",29,-14.69295,145.44156,"run_day_11652_liz21_del_07_29.json","07",11652
145.441869,-14.69402,2191,3.55,2021-11-26 08:32:00,0.0456507923016639,5076.13650124951,"moving",29,-14.69295,145.44156,"run_day_11652_liz21_del_07_29.json","07",11652
145.441983,-14.694413,2191,3.55,2021-11-26 08:44:00,0.045387256233615,5046.83262749461,"moving",29,-14.69295,145.44156,"run_day_11652_liz21_del_07_29.json","07",11652
145.44155,-14.693238,2192,3.55,2021-11-26 07:44:00,0.0532588375811571,5922.11253801123,"moving",29,-14.69295,145.44156,"run_day_11652_liz21_del_07_29.json","07",11652
145.441657,-14.693739,2192,3.55,2021-11-26 07:56:00,0.0568850251143038,6325.32619475889,"moving",29,-14.69295,145.44156,"run_day_11652_liz21_del_07_29.json","07",11652
145.441794,-14.694242,2192,3.55,2021-11-26 08:08:00,0.0578395748775212,6431.46728565843,"moving",29,-14.69295,145.44156,"run_day_11652_liz21_del_07_29.json","07",11652
145.441953,-14.694706,2192,3.55,2021-11-26 08:20:00,0.0543549048652492,6043.98965926335,"moving",29,-14.69295,145.44156,"run_day_11652_liz21_del_07_29.json","07",11652
145.441637,-14.693386,2193,3.55,2021-11-26 07:45:00,0.0530960294801934,5904.00910316744,"moving",29,-14.69295,145.44156,"run_day_11652_liz21_del_07_29.json","07",11652
145.441743,-14.693883,2193,3.55,2021-11-26 07:57:00,0.0564276830686265,6274.47207953833,"moving",29,-14.69295,145.44156,"run_day_11652_liz21_del_07_29.json","07",11652
145.441878,-14.694349,2193,3.55,2021-11-26 08:09:00,0.053812871138163,5983.71825874113,"moving",29,-14.69295,145.44156,"run_day_11652_liz21_del_07_29.json","07",11652
145.441655,-14.693626,2194,3.55,2021-11-26 07:46:00,0.0556004049264158,6182.48294720056,"moving",29,-14.69295,145.44156,"run_day_11652_liz21_del_07_29.json","07",11652
145.441786,-14.694129,2194,3.55,2021-11-26 07:58:00,0.0576785405690968,6413.56108754592,"moving",29,-14.69295,145.44156,"run_day_11652_liz21_del_07_29.json","07",11652
145.441938,-14.694598,2194,3.55,2021-11-26 08:10:00,0.0546529995721048,6077.1362783253,"moving",29,-14.69295,145.44156,"run_day_11652_liz21_del_07_29.json","07",11652
145.441609,-14.69361,2195,3.55,2021-11-26 07:42:00,0.0564760215360666,6279.84707187944,"moving",29,-14.69295,145.44156,"run_day_11652_liz21_del_07_29.json","07",11652
145.441747,-14.694128,2195,3.55,2021-11-26 07:54:00,0.0594807322852275,6613.95566322051,"moving",29,-14.69295,145.44156,"run_day_11652_liz21_del_07_29.json","07",11652
145.441909,-14.694617,2195,3.55,2021-11-26 08:06:00,0.0570979541625202,6349.00282465581,"moving",29,-14.69295,145.44156,"run_day_11652_liz21_del_07_29.json","07",11652
145.441711,-14.693623,2196,3.55,2021-11-26 08:04:00,0.0539686197519108,6001.0367144218,"moving",29,-14.69295,145.44156,"run_day_11652_liz21_del_07_29.json","07",11652
145.44182,-14.694082,2196,3.55,2021-11-26 08:16:00,0.0523676838188768,5823.02076078545,"moving",29,-14.69295,145.44156,"run_day_11652_liz21_del_07_29.json","07",11652
145.441954,-14.694514,2196,3.55,2021-11-26 08:28:00,0.0501518254184759,5576.62854849815,"moving",29,-14.69295,145.44156,"run_day_11652_liz21_del_07_29.json","07",11652
145.441712,-14.693188,2197,3.55,2021-11-26 07:56:00,0.0488728708318845,5434.41528706039,"moving",29,-14.69295,145.44156,"run_day_11652_liz21_del_07_29.json","07",11652
145.441784,-14.693619,2197,3.55,2021-11-26 08:08:00,0.0485466759291015,5398.1440687736,"moving",29,-14.69295,145.44156,"run_day_11652_liz21_del_07_29.json","07",11652
145.441877,-14.69402,2197,3.55,2021-11-26 08:20:00,0.0456973976555607,5081.3187801573,"moving",29,-14.69295,145.44156,"run_day_11652_liz21_del_07_29.json","07",11652
145.441992,-14.694413,2197,3.55,2021-11-26 08:32:00,0.0454164317367508,5050.07679542561,"moving",29,-14.69295,145.44156,"run_day_11652_liz21_del_07_29.json","07",11652
145.441648,-14.693262,2198,3.55,2021-11-26 07:56:00,0.0513340723448585,5708.08840875302,"moving",29,-14.69295,145.44156,"run_day_11652_liz21_del_07_29.json","07",11652
145.441737,-14.693742,2198,3.55,2021-11-26 08:08:00,0.0542252161866259,6029.5689361572,"moving",29,-14.69295,145.44156,"run_day_11652_liz21_del_07_29.json","07",11652
145.441852,-14.69419,2198,3.55,2021-11-26 08:20:00,0.0513280026964805,5707.41349464687,"moving",29,-14.69295,145.44156,"run_day_11652_liz21_del_07_29.json","07",11652
145.44199,-14.694617,2198,3.55,2021-11-26 08:32:00,0.0497462305065783,5531.52845202228,"moving",29,-14.69295,145.44156,"run_day_11652_liz21_del_07_29.json","07",11652
145.441659,-14.693525,2199,3.55,2021-11-26 07:19:00,0.0550774352194048,6124.33136899215,"moving",29,-14.69295,145.44156,"run_day_11652_liz21_del_07_29.json","07",11652
145.441792,-14.694021,2199,3.55,2021-11-26 07:31:00,0.0569777054996789,6335.63178341207,"moving",29,-14.69295,145.44156,"run_day_11652_liz21_del_07_29.json","07",11652
145.441938,-14.694498,2199,3.55,2021-11-26 07:43:00,0.0553158098062055,6150.83741368538,"moving",29,-14.69295,145.44156,"run_day_11652_liz21_del_07_29.json","07",11652
145.441664,-14.693511,2200,3.55,2021-11-26 07:37:00,0.0538591222049907,5988.86114272426,"moving",29,-14.69295,145.44156,"run_day_11652_liz21_del_07_29.json","07",11652
145.441786,-14.694006,2200,3.55,2021-11-26 07:49:00,0.0565840564478073,6291.8600059655,"moving",29,-14.69295,145.44156,"run_day_11652_liz21_del_07_29.json","07",11652
145.441929,-14.694472,2200,3.55,2021-11-26 08:01:00,0.0540513991760571,6010.24136641744,"moving",29,-14.69295,145.44156,"run_day_11652_liz21_del_07_29.json","07",11652
145.441698,-14.693478,2201,3.55,2021-11-26 08:04:00,0.0524890761130141,5836.51896802726,"moving",29,-14.69295,145.44156,"run_day_11652_liz21_del_07_29.json","07",11652
145.441794,-14.693939,2201,3.55,2021-11-26 08:16:00,0.0522904768238146,5814.43573463306,"moving",29,-14.69295,145.44156,"run_day_11652_liz21_del_07_29.json","07",11652
145.441917,-14.694366,2201,3.55,2021-11-26 08:28:00,0.0492889062664501,5480.67631668845,"moving",29,-14.69295,145.44156,"run_day_11652_liz21_del_07_29.json","07",11652
145.441635,-14.693278,2202,3.55,2021-11-26 08:04:00,0.0516821505915575,5746.79294386127,"moving",29,-14.69295,145.44156,"run_day_11652_liz21_del_07_29.json","07",11652
145.441724,-14.693756,2202,3.55,2021-11-26 08:16:00,0.0540063333015961,6005.23026981257,"moving",29,-14.69295,145.44156,"run_day_11652_liz21_del_07_29.json","07",11652
145.44184,-14.694208,2202,3.55,2021-11-26 08:28:00,0.0517855940109414,5758.29532729153,"moving",29,-14.69295,145.44156,"run_day_11652_liz21_del_07_29.json","07",11652
145.441981,-14.694637,2202,3.55,2021-11-26 08:40:00,0.0500553507304776,5565.90105264311,"moving",29,-14.69295,145.44156,"run_day_11652_liz21_del_07_29.json","07",11652
145.441743,-14.69334,2203,3.55,2021-11-26 07:19:00,0.0501904459055525,5580.92295072561,"moving",29,-14.69295,145.44156,"run_day_11652_liz21_del_07_29.json","07",11652
145.441832,-14.693761,2203,3.55,2021-11-26 07:31:00,0.0477817913388659,5313.0927828708,"moving",29,-14.69295,145.44156,"run_day_11652_liz21_del_07_29.json","07",11652
145.441951,-14.694177,2203,3.55,2021-11-26 07:43:00,0.0479952470453816,5336.82797449868,"moving",29,-14.69295,145.44156,"run_day_11652_liz21_del_07_29.json","07",11652
145.442079,-14.694602,2203,3.55,2021-11-26 07:55:00,0.0492224122718557,5473.28252183722,"moving",29,-14.69295,145.44156,"run_day_11652_liz21_del_07_29.json","07",11652
145.441515,-14.693309,2204,3.55,2021-11-26 08:04:00,0.0549806819119872,6113.57289207123,"moving",29,-14.69295,145.44156,"run_day_11652_liz21_del_07_29.json","07",11652
145.441625,-14.693809,2204,3.55,2021-11-26 08:16:00,0.0568424192042817,6320.58863371936,"moving",29,-14.69295,145.44156,"run_day_11652_liz21_del_07_29.json","07",11652
145.441764,-14.694309,2204,3.55,2021-11-26 08:28:00,0.0575725458020056,6401.77500719451,"moving",29,-14.69295,145.44156,"run_day_11652_liz21_del_07_29.json","07",11652
145.441507,-14.693529,2205,3.55,2021-11-26 08:07:00,0.0574252700211522,6385.398687546,"moving",29,-14.69295,145.44156,"run_day_11652_liz21_del_07_29.json","07",11652
145.441635,-14.694043,2205,3.55,2021-11-26 08:19:00,0.0587889854557165,6537.03692525643,"moving",29,-14.69295,145.44156,"run_day_11652_liz21_del_07_29.json","07",11652
145.441798,-14.694546,2205,3.55,2021-11-26 08:31:00,0.0586144349778979,6517.62779767961,"moving",29,-14.69295,145.44156,"run_day_11652_liz21_del_07_29.json","07",11652
145.441461,-14.693424,2206,3.55,2021-11-26 07:16:00,0.0584596730253754,6500.41905372151,"moving",29,-14.69295,145.44156,"run_day_11652_liz21_del_07_29.json","07",11652
145.441611,-14.693952,2206,3.55,2021-11-26 07:28:00,0.0608873580077842,6770.36530725655,"moving",29,-14.69295,145.44156,"run_day_11652_liz21_del_07_29.json","07",11652
145.441786,-14.694488,2206,3.55,2021-11-26 07:40:00,0.0625020815124625,6949.9143689105,"moving",29,-14.69295,145.44156,"run_day_11652_liz21_del_07_29.json","07",11652
145.441767,-14.69322,2207,3.55,2021-11-26 07:42:00,0.0459141472644138,5105.42023701396,"moving",29,-14.69295,145.44156,"run_day_11652_liz21_del_07_29.json","07",11652
145.441835,-14.693606,2207,3.55,2021-11-26 07:54:00,0.0435399502976497,4841.4215794549,"moving",29,-14.69295,145.44156,"run_day_11652_liz21_del_07_29.json","07",11652
145.441923,-14.693977,2207,3.55,2021-11-26 08:06:00,0.0423252284253213,4706.3506699678,"moving",29,-14.69295,145.44156,"run_day_11652_liz21_del_07_29.json","07",11652
145.442028,-14.694349,2207,3.55,2021-11-26 08:18:00,0.0428785310024404,4767.8751094428,"moving",29,-14.69295,145.44156,"run_day_11652_liz21_del_07_29.json","07",11652
145.441686,-14.693615,2208,3.55,2021-11-26 07:34:00,0.0547948138398954,6092.90530542942,"moving",29,-14.69295,145.44156,"run_day_11652_liz21_del_07_29.json","07",11652
145.441817,-14.694105,2208,3.55,2021-11-26 07:46:00,0.0562779101781849,6257.81809397233,"moving",29,-14.69295,145.44156,"run_day_11652_liz21_del_07_29.json","07",11652
145.441964,-14.694571,2208,3.55,2021-11-26 07:58:00,0.0541753935971336,6024.02891697336,"moving",29,-14.69295,145.44156,"run_day_11652_liz21_del_07_29.json","07",11652
145.441694,-14.693326,2209,3.55,2021-11-26 07:37:00,0.0509451676814982,5664.84418323894,"moving",29,-14.69295,145.44156,"run_day_11652_liz21_del_07_29.json","07",11652
145.441787,-14.693791,2209,3.55,2021-11-26 07:49:00,0.05266433331785,5856.00668006292,"moving",29,-14.69295,145.44156,"run_day_11652_liz21_del_07_29.json","07",11652
145.441908,-14.694228,2209,3.55,2021-11-26 08:01:00,0.0503048566596242,5593.64484613195,"moving",29,-14.69295,145.44156,"run_day_11652_liz21_del_07_29.json","07",11652
145.442046,-14.694655,2209,3.55,2021-11-26 08:13:00,0.0497462297363044,5531.52836637173,"moving",29,-14.69295,145.44156,"run_day_11652_liz21_del_07_29.json","07",11652
145.441501,-14.693276,2210,3.55,2021-11-26 07:24:00,0.0551487367334576,6132.2597356169,"moving",29,-14.69295,145.44156,"run_day_11652_liz21_del_07_29.json","07",11652
145.441627,-14.693785,2210,3.55,2021-11-26 07:36:00,0.0581981515085453,6471.33918784161,"moving",29,-14.69295,145.44156,"run_day_11652_liz21_del_07_29.json","07",11652
145.441784,-14.694308,2210,3.55,2021-11-26 07:48:00,0.0605570502179766,6733.63675679877,"moving",29,-14.69295,145.44156,"run_day_11652_liz21_del_07_29.json","07",11652
145.441582,-14.693506,2211,3.55,2021-11-26 07:22:00,0.0561608351747934,6244.7999475583,"moving",29,-14.69295,145.44156,"run_day_11652_liz21_del_07_29.json","07",11652
145.441723,-14.694023,2211,3.55,2021-11-26 07:34:00,0.0594545519150871,6611.04453888322,"moving",29,-14.69295,145.44156,"run_day_11652_liz21_del_07_29.json","07",11652
145.441884,-14.694526,2211,3.55,2021-11-26 07:46:00,0.0585504525964129,6510.51328146385,"moving",29,-14.69295,145.44156,"run_day_11652_liz21_del_07_29.json","07",11652
145.441726,-14.693643,2212,3.55,2021-11-26 07:23:00,0.0546226458355865,6073.76109681976,"moving",29,-14.69295,145.44156,"run_day_11652_liz21_del_07_29.json","07",11652
145.441858,-14.69411,2212,3.55,2021-11-26 07:35:00,0.053833956470057,5986.06284067436,"moving",29,-14.69295,145.44156,"run_day_11652_liz21_del_07_29.json","07",11652
145.441999,-14.69457,2212,3.55,2021-11-26 07:47:00,0.0533505986563752,5932.31590403893,"moving",29,-14.69295,145.44156,"run_day_11652_liz21_del_07_29.json","07",11652
145.441669,-14.693524,2213,3.55,2021-11-26 07:56:00,0.0540842523437725,6013.89447199159,"moving",29,-14.69295,145.44156,"run_day_11652_liz21_del_07_29.json","07",11652
145.44178,-14.69401,2213,3.55,2021-11-26 08:08:00,0.0553438352439021,6153.95370017424,"moving",29,-14.69295,145.44156,"run_day_11652_liz21_del_07_29.json","07",11652
145.441915,-14.694459,2213,3.55,2021-11-26 08:20:00,0.0519951728792194,5781.59943417595,"moving",29,-14.69295,145.44156,"run_day_11652_liz21_del_07_29.json","07",11652
145.441648,-14.693316,2214,3.55,2021-11-26 07:56:00,0.0520094673303111,5783.18890461652,"moving",29,-14.69295,145.44156,"run_day_11652_liz21_del_07_29.json","07",11652
145.441741,-14.6938,2214,3.55,2021-11-26 08:08:00,0.0547400484912362,6086.8156765026,"moving",29,-14.69295,145.44156,"run_day_11652_liz21_del_07_29.json","07",11652
145.441862,-14.694249,2214,3.55,2021-11-26 08:20:00,0.0515949216716663,5737.09353051269,"moving",29,-14.69295,145.44156,"run_day_11652_liz21_del_07_29.json","07",11652
145.442004,-14.694679,2214,3.55,2021-11-26 08:32:00,0.0501939532363943,5581.31294812127,"moving",29,-14.69295,145.44156,"run_day_11652_liz21_del_07_29.json","07",11652
145.441693,-14.693313,2215,3.55,2021-11-26 07:21:00,0.0513134469220618,5705.79496637812,"moving",29,-14.69295,145.44156,"run_day_11652_liz21_del_07_29.json","07",11652
145.441791,-14.693775,2215,3.55,2021-11-26 07:33:00,0.0524423024725888,5831.31797651128,"moving",29,-14.69295,145.44156,"run_day_11652_liz21_del_07_29.json","07",11652
145.441917,-14.694217,2215,3.55,2021-11-26 07:45:00,0.0509824205682447,5668.98651524801,"moving",29,-14.69295,145.44156,"run_day_11652_liz21_del_07_29.json","07",11652
145.442057,-14.694657,2215,3.55,2021-11-26 07:57:00,0.051190602168148,5692.13525297801,"moving",29,-14.69295,145.44156,"run_day_11652_liz21_del_07_29.json","07",11652
145.441633,-14.693278,2216,3.55,2021-11-26 07:30:00,0.0517243689831087,5751.48741481286,"moving",29,-14.69295,145.44156,"run_day_11652_liz21_del_07_29.json","07",11652
145.441735,-14.693768,2216,3.55,2021-11-26 07:42:00,0.0555790721413227,6180.11084972702,"moving",29,-14.69295,145.44156,"run_day_11652_liz21_del_07_29.json","07",11652
145.441868,-14.694238,2216,3.55,2021-11-26 07:54:00,0.0541840976692168,6024.99676563017,"moving",29,-14.69295,145.44156,"run_day_11652_liz21_del_07_29.json","07",11652
145.442018,-14.69469,2216,3.55,2021-11-26 08:06:00,0.0527861210919572,5869.54886267097,"moving",29,-14.69295,145.44156,"run_day_11652_liz21_del_07_29.json","07",11652
145.441531,-14.693413,2217,3.55,2021-11-26 07:35:00,0.0557191380014271,6195.68546276673,"moving",29,-14.69295,145.44156,"run_day_11652_liz21_del_07_29.json","07",11652
145.441661,-14.693932,2217,3.55,2021-11-26 07:47:00,0.059379930798031,6602.74704924603,"moving",29,-14.69295,145.44156,"run_day_11652_liz21_del_07_29.json","07",11652
145.441822,-14.694449,2217,3.55,2021-11-26 07:59:00,0.0600393046350967,6676.0660746899,"moving",29,-14.69295,145.44156,"run_day_11652_liz21_del_07_29.json","07",11652
145.441696,-14.693418,2218,3.55,2021-11-26 07:46:00,0.0522173613624277,5806.30566626756,"moving",29,-14.69295,145.44156,"run_day_11652_liz21_del_07_29.json","07",11652
145.441795,-14.693887,2218,3.55,2021-11-26 07:58:00,0.0532264243850814,5918.50835505127,"moving",29,-14.69295,145.44156,"run_day_11652_liz21_del_07_29.json","07",11652
145.441919,-14.694323,2218,3.55,2021-11-26 08:10:00,0.0502820788131707,5591.11206516644,"moving",29,-14.69295,145.44156,"run_day_11652_liz21_del_07_29.json","07",11652
145.441754,-14.693243,2219,3.55,2021-11-26 08:06:00,0.0469929408398672,5225.37660950112,"moving",29,-14.69295,145.44156,"run_day_11652_liz21_del_07_29.json","07",11652
145.44182,-14.693634,2219,3.55,2021-11-26 08:18:00,0.0440529472780486,4898.46424105922,"moving",29,-14.69295,145.44156,"run_day_11652_liz21_del_07_29.json","07",11652
145.441905,-14.694005,2219,3.55,2021-11-26 08:30:00,0.0422542392694801,4698.45703599147,"moving",29,-14.69295,145.44156,"run_day_11652_liz21_del_07_29.json","07",11652
145.442011,-14.694376,2219,3.55,2021-11-26 08:42:00,0.0427997980331639,4759.12040269959,"moving",29,-14.69295,145.44156,"run_day_11652_liz21_del_07_29.json","07",11652
145.441515,-14.693303,2220,3.55,2021-11-26 07:48:00,0.0550782289421317,6124.41962693255,"moving",29,-14.69295,145.44156,"run_day_11652_liz21_del_07_29.json","07",11652
145.441631,-14.693814,2220,3.55,2021-11-26 08:00:00,0.0581743194971712,6468.68918908507,"moving",29,-14.69295,145.44156,"run_day_11652_liz21_del_07_29.json","07",11652
145.441777,-14.694324,2220,3.55,2021-11-26 08:12:00,0.0588434978675796,6543.09842889476,"moving",29,-14.69295,145.44156,"run_day_11652_liz21_del_07_29.json","07",11652
145.441703,-14.693472,2221,3.55,2021-11-26 07:15:00,0.0539060773929774,5994.08232140802,"moving",29,-14.69295,145.44156,"run_day_11652_liz21_del_07_29.json","07",11652
145.441822,-14.693942,2221,3.55,2021-11-26 07:27:00,0.0538061544941291,5982.97140200048,"moving",29,-14.69295,145.44156,"run_day_11652_liz21_del_07_29.json","07",11652
145.441956,-14.694398,2221,3.55,2021-11-26 07:39:00,0.052713509154591,5861.47478362203,"moving",29,-14.69295,145.44156,"run_day_11652_liz21_del_07_29.json","07",11652
145.441505,-14.693377,2222,3.55,2021-11-26 07:49:00,0.0561515056515433,6243.76255190488,"moving",29,-14.69295,145.44156,"run_day_11652_liz21_del_07_29.json","07",11652
145.441628,-14.693895,2222,3.55,2021-11-26 08:01:00,0.0590987825090261,6571.48478587389,"moving",29,-14.69295,145.44156,"run_day_11652_liz21_del_07_29.json","07",11652
145.441783,-14.694408,2222,3.55,2021-11-26 08:13:00,0.0594293099789454,6608.23776364558,"moving",29,-14.69295,145.44156,"run_day_11652_liz21_del_07_29.json","07",11652
145.441514,-14.693354,2223,3.55,2021-11-26 07:19:00,0.0561717497493403,6246.01359287441,"moving",29,-14.69295,145.44156,"run_day_11652_liz21_del_07_29.json","07",11652
145.441647,-14.693868,2223,3.55,2021-11-26 07:31:00,0.0589172505663527,6551.29935482468,"moving",29,-14.69295,145.44156,"run_day_11652_liz21_del_07_29.json","07",11652
145.44181,-14.69439,2223,3.55,2021-11-26 07:43:00,0.0606337152416941,6742.16151848724,"moving",29,-14.69295,145.44156,"run_day_11652_liz21_del_07_29.json","07",11652
145.441594,-14.69326,2224,3.55,2021-11-26 07:36:00,0.0523585455817508,5822.00463517856,"moving",29,-14.69295,145.44156,"run_day_11652_liz21_del_07_29.json","07",11652
145.441699,-14.693757,2224,3.55,2021-11-26 07:48:00,0.0564060506036554,6272.06665918273,"moving",29,-14.69295,145.44156,"run_day_11652_liz21_del_07_29.json","07",11652
145.441835,-14.694246,2224,3.55,2021-11-26 08:00:00,0.056307571113579,6261.1162395077,"moving",29,-14.69295,145.44156,"run_day_11652_liz21_del_07_29.json","07",11652
145.441989,-14.694703,2224,3.55,2021-11-26 08:12:00,0.0534475248824529,5943.09360863757,"moving",29,-14.69295,145.44156,"run_day_11652_liz21_del_07_29.json","07",11652
145.441605,-14.693276,2225,3.55,2021-11-26 07:47:00,0.0525081156839303,5838.63607171864,"moving",29,-14.69295,145.44156,"run_day_11652_liz21_del_07_29.json","07",11652
145.441705,-14.693772,2225,3.55,2021-11-26 07:59:00,0.0561916962126914,6248.23153840355,"moving",29,-14.69295,145.44156,"run_day_11652_liz21_del_07_29.json","07",11652
145.441834,-14.694249,2225,3.55,2021-11-26 08:11:00,0.0548247697460101,6096.23625021242,"moving",29,-14.69295,145.44156,"run_day_11652_liz21_del_07_29.json","07",11652
145.441984,-14.694695,2225,3.55,2021-11-26 08:23:00,0.0521512765843926,5798.95737422163,"moving",29,-14.69295,145.44156,"run_day_11652_liz21_del_07_29.json","07",11652
145.441584,-14.693521,2226,3.55,2021-11-26 07:21:00,0.0564018051706492,6271.59458857103,"moving",29,-14.69295,145.44156,"run_day_11652_liz21_del_07_29.json","07",11652
145.441727,-14.694039,2226,3.55,2021-11-26 07:33:00,0.0596172110090704,6629.13140490676,"moving",29,-14.69295,145.44156,"run_day_11652_liz21_del_07_29.json","07",11652
145.441888,-14.694542,2226,3.55,2021-11-26 07:45:00,0.0585504522222566,6510.51323985956,"moving",29,-14.69295,145.44156,"run_day_11652_liz21_del_07_29.json","07",11652
145.441723,-14.693387,2227,3.55,2021-11-26 07:28:00,0.0510144887810002,5672.55233781298,"moving",29,-14.69295,145.44156,"run_day_11652_liz21_del_07_29.json","07",11652
145.44182,-14.693832,2227,3.55,2021-11-26 07:40:00,0.0505696923200948,5623.09322797085,"moving",29,-14.69295,145.44156,"run_day_11652_liz21_del_07_29.json","07",11652
145.441943,-14.694261,2227,3.55,2021-11-26 07:52:00,0.049503173154878,5504.50170762955,"moving",29,-14.69295,145.44156,"run_day_11652_liz21_del_07_29.json","07",11652
145.441776,-14.693338,2228,3.55,2021-11-26 07:38:00,0.0466081471151126,5182.58949950375,"moving",29,-14.69295,145.44156,"run_day_11652_liz21_del_07_29.json","07",11652
145.441852,-14.69373,2228,3.55,2021-11-26 07:50:00,0.0443482930978603,4931.30519782797,"moving",29,-14.69295,145.44156,"run_day_11652_liz21_del_07_29.json","07",11652
145.441953,-14.694113,2228,3.55,2021-11-26 08:02:00,0.0439513553553649,4887.16773466874,"moving",29,-14.69295,145.44156,"run_day_11652_liz21_del_07_29.json","07",11652
145.442067,-14.694503,2228,3.55,2021-11-26 08:14:00,0.0450661639621738,5011.12879592557,"moving",29,-14.69295,145.44156,"run_day_11652_liz21_del_07_29.json","07",11652
145.441666,-14.693689,2229,3.55,2021-11-26 07:36:00,0.0561900348453642,6248.04680278547,"moving",29,-14.69295,145.44156,"run_day_11652_liz21_del_07_29.json","07",11652
145.441807,-14.694193,2229,3.55,2021-11-26 07:48:00,0.0580580042939207,6455.75552859198,"moving",29,-14.69295,145.44156,"run_day_11652_liz21_del_07_29.json","07",11652
145.441966,-14.69467,2229,3.55,2021-11-26 08:00:00,0.0557288831912645,6196.76907843584,"moving",29,-14.69295,145.44156,"run_day_11652_liz21_del_07_29.json","07",11652
145.441503,-14.693304,2230,3.55,2021-11-26 08:08:00,0.0551131220601011,6128.29956462555,"moving",29,-14.69295,145.44156,"run_day_11652_liz21_del_07_29.json","07",11652
145.441613,-14.693803,2230,3.55,2021-11-26 08:20:00,0.0567336644387789,6308.49565554703,"moving",29,-14.69295,145.44156,"run_day_11652_liz21_del_07_29.json","07",11652
145.441752,-14.694305,2230,3.55,2021-11-26 08:32:00,0.0577873352994016,6425.65850960149,"moving",29,-14.69295,145.44156,"run_day_11652_liz21_del_07_29.json","07",11652
145.44172,-14.693412,2231,3.55,2021-11-26 07:51:00,0.0514662463823658,5722.78549115795,"moving",29,-14.69295,145.44156,"run_day_11652_liz21_del_07_29.json","07",11652
145.441811,-14.693859,2231,3.55,2021-11-26 08:03:00,0.0506586820827028,5632.98843809616,"moving",29,-14.69295,145.44156,"run_day_11652_liz21_del_07_29.json","07",11652
145.441927,-14.694277,2231,3.55,2021-11-26 08:15:00,0.0481249548989419,5351.25082976054,"moving",29,-14.69295,145.44156,"run_day_11652_liz21_del_07_29.json","07",11652
145.441598,-14.693488,2232,3.55,2021-11-26 07:44:00,0.0551664236495555,6134.22643095497,"moving",29,-14.69295,145.44156,"run_day_11652_liz21_del_07_29.json","07",11652
145.441723,-14.694002,2232,3.55,2021-11-26 07:56:00,0.0587142586125788,6528.72767941535,"moving",29,-14.69295,145.44156,"run_day_11652_liz21_del_07_29.json","07",11652
145.441875,-14.694489,2232,3.55,2021-11-26 08:08:00,0.0565660297970252,6289.85553385414,"moving",29,-14.69295,145.44156,"run_day_11652_liz21_del_07_29.json","07",11652
145.441527,-14.693351,2233,3.55,2021-11-26 07:45:00,0.0552700678577681,6145.7511410843,"moving",29,-14.69295,145.44156,"run_day_11652_liz21_del_07_29.json","07",11652
145.441647,-14.693865,2233,3.55,2021-11-26 07:57:00,0.0585934518172397,6515.29457666946,"moving",29,-14.69295,145.44156,"run_day_11652_liz21_del_07_29.json","07",11652
145.441798,-14.694375,2233,3.55,2021-11-26 08:09:00,0.0589892933689363,6559.31014897323,"moving",29,-14.69295,145.44156,"run_day_11652_liz21_del_07_29.json","07",11652
145.441554,-14.693483,2234,3.55,2021-11-26 07:32:00,0.0559934166231823,6226.18385399298,"moving",29,-14.69295,145.44156,"run_day_11652_liz21_del_07_29.json","07",11652
145.441691,-14.694004,2234,3.55,2021-11-26 07:44:00,0.0597772189585128,6646.92347710756,"moving",29,-14.69295,145.44156,"run_day_11652_liz21_del_07_29.json","07",11652
145.441855,-14.694515,2234,3.55,2021-11-26 07:56:00,0.0594956667494972,6615.61629987945,"moving",29,-14.69295,145.44156,"run_day_11652_liz21_del_07_29.json","07",11652
145.441632,-14.693563,2235,3.55,2021-11-26 07:51:00,0.0553824927564836,6158.25221945,"moving",29,-14.69295,145.44156,"run_day_11652_liz21_del_07_29.json","07",11652
145.441756,-14.69407,2235,3.55,2021-11-26 08:03:00,0.0579319918658903,6441.74358590085,"moving",29,-14.69295,145.44156,"run_day_11652_liz21_del_07_29.json","07",11652
145.441906,-14.69454,2235,3.55,2021-11-26 08:15:00,0.0546952747132788,6081.83705954702,"moving",29,-14.69295,145.44156,"run_day_11652_liz21_del_07_29.json","07",11652
145.441586,-14.693202,2236,3.55,2021-11-26 07:58:00,0.0521374351676349,5797.4182789006,"moving",29,-14.69295,145.44156,"run_day_11652_liz21_del_07_29.json","07",11652
145.44168,-14.693687,2236,3.55,2021-11-26 08:10:00,0.0548690933215602,6101.16480694434,"moving",29,-14.69295,145.44156,"run_day_11652_liz21_del_07_29.json","07",11652
145.441799,-14.694165,2236,3.55,2021-11-26 08:22:00,0.0546705850805441,6079.09169764621,"moving",29,-14.69295,145.44156,"run_day_11652_liz21_del_07_29.json","07",11652
145.441944,-14.69461,2236,3.55,2021-11-26 08:34:00,0.0518813586219903,5768.94386619225,"moving",29,-14.69295,145.44156,"run_day_11652_liz21_del_07_29.json","07",11652
145.441683,-14.693572,2237,3.55,2021-11-26 07:54:00,0.0543028206435269,6038.1981580496,"moving",29,-14.69295,145.44156,"run_day_11652_liz21_del_07_29.json","07",11652
145.441798,-14.694056,2237,3.55,2021-11-26 08:06:00,0.0552214764393966,6140.34802188293,"moving",29,-14.69295,145.44156,"run_day_11652_liz21_del_07_29.json","07",11652
145.441936,-14.694503,2237,3.55,2021-11-26 08:18:00,0.0518730745996067,5768.02272493099,"moving",29,-14.69295,145.44156,"run_day_11652_liz21_del_07_29.json","07",11652
145.441705,-14.693592,2238,3.55,2021-11-26 07:42:00,0.0540842517687768,6013.89440805499,"moving",29,-14.69295,145.44156,"run_day_11652_liz21_del_07_29.json","07",11652
145.441825,-14.694067,2238,3.55,2021-11-26 07:54:00,0.0543717609707546,6045.86397267854,"moving",29,-14.69295,145.44156,"run_day_11652_liz21_del_07_29.json","07",11652
145.441965,-14.694518,2238,3.55,2021-11-26 08:06:00,0.0523608696390363,5822.26305855794,"moving",29,-14.69295,145.44156,"run_day_11652_liz21_del_07_29.json","07",11652
145.441749,-14.693538,2239,3.55,2021-11-26 07:11:00,0.053221240199016,5917.93189986203,"moving",29,-14.69295,145.44156,"run_day_11652_liz21_del_07_29.json","07",11652
145.441869,-14.693981,2239,3.55,2021-11-26 07:23:00,0.0509222395133526,5662.2946872639,"moving",29,-14.69295,145.44156,"run_day_11652_liz21_del_07_29.json","07",11652
145.441997,-14.694425,2239,3.55,2021-11-26 07:35:00,0.0512542031840309,5699.20736327363,"moving",29,-14.69295,145.44156,"run_day_11652_liz21_del_07_29.json","07",11652
145.441715,-14.693629,2240,3.55,2021-11-26 07:51:00,0.0543537219591596,6043.8581261075,"moving",29,-14.69295,145.44156,"run_day_11652_liz21_del_07_29.json","07",11652
145.441832,-14.694096,2240,3.55,2021-11-26 08:03:00,0.0534311283926585,5941.27040215766,"moving",29,-14.69295,145.44156,"run_day_11652_liz21_del_07_29.json","07",11652
145.441969,-14.694535,2240,3.55,2021-11-26 08:15:00,0.0509901573992864,5669.84681160815,"moving",29,-14.69295,145.44156,"run_day_11652_liz21_del_07_29.json","07",11652
145.441515,-14.693583,2241,3.55,2021-11-26 07:21:00,0.0587543383769971,6533.18434587977,"moving",29,-14.69295,145.44156,"run_day_11652_liz21_del_07_29.json","07",11652
145.441673,-14.694114,2241,3.55,2021-11-26 07:33:00,0.0614414916174641,6831.98215333619,"moving",29,-14.69295,145.44156,"run_day_11652_liz21_del_07_29.json","07",11652
145.441852,-14.69464,2241,3.55,2021-11-26 07:45:00,0.0615758233145912,6846.91915654427,"moving",29,-14.69295,145.44156,"run_day_11652_liz21_del_07_29.json","07",11652
145.441614,-14.693281,2242,3.55,2021-11-26 07:49:00,0.0523551563689392,5821.62777190859,"moving",29,-14.69295,145.44156,"run_day_11652_liz21_del_07_29.json","07",11652
145.441712,-14.693775,2242,3.55,2021-11-26 08:01:00,0.0559324961785752,6219.40980962373,"moving",29,-14.69295,145.44156,"run_day_11652_liz21_del_07_29.json","07",11652
145.441839,-14.694246,2242,3.55,2021-11-26 08:13:00,0.0541248922636639,6018.41342490275,"moving",29,-14.69295,145.44156,"run_day_11652_liz21_del_07_29.json","07",11652
145.441988,-14.694688,2242,3.55,2021-11-26 08:25:00,0.0516950537138672,5748.22770559998,"moving",29,-14.69295,145.44156,"run_day_11652_liz21_del_07_29.json","07",11652
145.441565,-14.693322,2243,3.55,2021-11-26 08:08:00,0.0536853572844085,5969.53936512673,"moving",29,-14.69295,145.44156,"run_day_11652_liz21_del_07_29.json","07",11652
145.441667,-14.693812,2243,3.55,2021-11-26 08:20:00,0.0555790717050335,6180.11080121387,"moving",29,-14.69295,145.44156,"run_day_11652_liz21_del_07_29.json","07",11652
145.441798,-14.694297,2243,3.55,2021-11-26 08:32:00,0.0557398134286099,6197.98446537567,"moving",29,-14.69295,145.44156,"run_day_11652_liz21_del_07_29.json","07",11652
145.441633,-14.693518,2244,3.55,2021-11-26 07:15:00,0.0558639749031522,6211.79059142948,"moving",29,-14.69295,145.44156,"run_day_11652_liz21_del_07_29.json","07",11652
145.441771,-14.694024,2244,3.55,2021-11-26 07:27:00,0.0581895613364956,6470.38400429068,"moving",29,-14.69295,145.44156,"run_day_11652_liz21_del_07_29.json","07",11652
145.441922,-14.694512,2244,3.55,2021-11-26 07:39:00,0.0566415531818801,6298.25335109303,"moving",29,-14.69295,145.44156,"run_day_11652_liz21_del_07_29.json","07",11652
145.441517,-14.693441,2245,3.55,2021-11-26 07:19:00,0.057194784046086,6359.76981645592,"moving",29,-14.69295,145.44156,"run_day_11652_liz21_del_07_29.json","07",11652
145.441661,-14.693962,2245,3.55,2021-11-26 07:31:00,0.0599672562697364,6668.05466198879,"moving",29,-14.69295,145.44156,"run_day_11652_liz21_del_07_29.json","07",11652
145.441828,-14.694485,2245,3.55,2021-11-26 07:43:00,0.0608657425000024,6767.96177245437,"moving",29,-14.69295,145.44156,"run_day_11652_liz21_del_07_29.json","07",11652
145.44148,-14.693391,2246,3.55,2021-11-26 07:59:00,0.0569585953157644,6333.50682791353,"moving",29,-14.69295,145.44156,"run_day_11652_liz21_del_07_29.json","07",11652
145.441603,-14.693907,2246,3.55,2021-11-26 08:11:00,0.0588820573393832,6547.38604653342,"moving",29,-14.69295,145.44156,"run_day_11652_liz21_del_07_29.json","07",11652
145.441758,-14.694418,2246,3.55,2021-11-26 08:23:00,0.0592158825512482,6584.50571647884,"moving",29,-14.69295,145.44156,"run_day_11652_liz21_del_07_29.json","07",11652
145.441611,-14.69335,2247,3.55,2021-11-26 07:28:00,0.0531880842500332,5914.24512654706,"moving",29,-14.69295,145.44156,"run_day_11652_liz21_del_07_29.json","07",11652
145.441726,-14.693851,2247,3.55,2021-11-26 07:40:00,0.0570653323722017,6345.37544707433,"moving",29,-14.69295,145.44156,"run_day_11652_liz21_del_07_29.json","07",11652
145.441869,-14.694336,2247,3.55,2021-11-26 07:52:00,0.0560799858806914,6235.80991623137,"moving",29,-14.69295,145.44156,"run_day_11652_liz21_del_07_29.json","07",11652
145.44161,-14.693683,2248,3.55,2021-11-26 07:14:00,0.0586060282163392,6516.69300844478,"moving",29,-14.69295,145.44156,"run_day_11652_liz21_del_07_29.json","07",11652
145.441769,-14.694205,2248,3.55,2021-11-26 07:26:00,0.0605107210325018,6728.48518641839,"moving",29,-14.69295,145.44156,"run_day_11652_liz21_del_07_29.json","07",11652
145.441939,-14.694704,2248,3.55,2021-11-26 07:38:00,0.0584214178961766,6496.16527743647,"moving",29,-14.69295,145.44156,"run_day_11652_liz21_del_07_29.json","07",11652
145.441584,-14.693563,2249,3.55,2021-11-26 07:21:00,0.0568839010641709,6325.20120608682,"moving",29,-14.69295,145.44156,"run_day_11652_liz21_del_07_29.json","07",11652
145.441732,-14.694083,2249,3.55,2021-11-26 07:33:00,0.0599725992058962,6668.64876938315,"moving",29,-14.69295,145.44156,"run_day_11652_liz21_del_07_29.json","07",11652
145.441896,-14.694588,2249,3.55,2021-11-26 07:45:00,0.0588588251776782,6544.80274801683,"moving",29,-14.69295,145.44156,"run_day_11652_liz21_del_07_29.json","07",11652
145.441762,-14.693164,2250,3.55,2021-11-26 07:19:00,0.0465171224845207,5172.46802238224,"moving",29,-14.69295,145.44156,"run_day_11652_liz21_del_07_29.json","07",11652
145.441832,-14.693545,2250,3.55,2021-11-26 07:31:00,0.0430290967228612,4784.61725368018,"moving",29,-14.69295,145.44156,"run_day_11652_liz21_del_07_29.json","07",11652
145.441926,-14.69392,2250,3.55,2021-11-26 07:43:00,0.0429063310542164,4770.96633416074,"moving",29,-14.69295,145.44156,"run_day_11652_liz21_del_07_29.json","07",11652
145.442034,-14.694304,2250,3.55,2021-11-26 07:55:00,0.0442507621788101,4920.46025443861,"moving",29,-14.69295,145.44156,"run_day_11652_liz21_del_07_29.json","07",11652
145.441774,-14.693426,2251,3.55,2021-11-26 07:30:00,0.0478872781739194,5324.82238375655,"moving",29,-14.69295,145.44156,"run_day_11652_liz21_del_07_29.json","07",11652
145.441864,-14.693832,2251,3.55,2021-11-26 07:42:00,0.0461713227873555,5134.01685042224,"moving",29,-14.69295,145.44156,"run_day_11652_liz21_del_07_29.json","07",11652
145.441978,-14.694233,2251,3.55,2021-11-26 07:54:00,0.0462443660312214,5142.13888856578,"moving",29,-14.69295,145.44156,"run_day_11652_liz21_del_07_29.json","07",11652
145.442105,-14.694645,2251,3.55,2021-11-26 08:06:00,0.0478054357100471,5315.72191698986,"moving",29,-14.69295,145.44156,"run_day_11652_liz21_del_07_29.json","07",11652
145.441547,-14.693251,2252,3.55,2021-11-26 07:54:00,0.0536689955215672,5967.72002010782,"moving",29,-14.69295,145.44156,"run_day_11652_liz21_del_07_29.json","07",11652
145.441652,-14.69375,2252,3.55,2021-11-26 08:06:00,0.0566239548510577,6296.29650598817,"moving",29,-14.69295,145.44156,"run_day_11652_liz21_del_07_29.json","07",11652
145.441784,-14.694245,2252,3.55,2021-11-26 08:18:00,0.0568431152051307,6320.66602548271,"moving",29,-14.69295,145.44156,"run_day_11652_liz21_del_07_29.json","07",11652
145.441941,-14.694705,2252,3.55,2021-11-26 08:30:00,0.0538650698748787,5989.52249344116,"moving",29,-14.69295,145.44156,"run_day_11652_liz21_del_07_29.json","07",11652
145.441734,-14.69319,2253,3.55,2021-11-26 08:02:00,0.0477959941747217,5314.67206616194,"moving",29,-14.69295,145.44156,"run_day_11652_liz21_del_07_29.json","07",11652
145.441802,-14.693596,2253,3.55,2021-11-26 08:14:00,0.0457337728513344,5085.36351738304,"moving",29,-14.69295,145.44156,"run_day_11652_liz21_del_07_29.json","07",11652
145.441887,-14.693978,2253,3.55,2021-11-26 08:26:00,0.0434492158163971,4831.33236546787,"moving",29,-14.69295,145.44156,"run_day_11652_liz21_del_07_29.json","07",11652
145.441994,-14.694356,2253,3.55,2021-11-26 08:38:00,0.0435788133193707,4845.74295030434,"moving",29,-14.69295,145.44156,"run_day_11652_liz21_del_07_29.json","07",11652
145.441687,-14.69337,2254,3.55,2021-11-26 07:36:00,0.0516614398375383,5744.49001308735,"moving",29,-14.69295,145.44156,"run_day_11652_liz21_del_07_29.json","07",11652
145.441786,-14.693844,2254,3.55,2021-11-26 07:48:00,0.0537712751360925,5979.09299434219,"moving",29,-14.69295,145.44156,"run_day_11652_liz21_del_07_29.json","07",11652
145.441914,-14.694289,2254,3.55,2021-11-26 08:00:00,0.051361322548822,5711.11849318378,"moving",29,-14.69295,145.44156,"run_day_11652_liz21_del_07_29.json","07",11652
145.441649,-14.69359,2255,3.55,2021-11-26 08:09:00,0.0545815425046968,6069.19061495663,"moving",29,-14.69295,145.44156,"run_day_11652_liz21_del_07_29.json","07",11652
145.441763,-14.694078,2255,3.55,2021-11-26 08:21:00,0.055631237838989,6185.91141065238,"moving",29,-14.69295,145.44156,"run_day_11652_liz21_del_07_29.json","07",11652
145.441906,-14.694531,2255,3.55,2021-11-26 08:33:00,0.0526672305996881,5856.32884310438,"moving",29,-14.69295,145.44156,"run_day_11652_liz21_del_07_29.json","07",11652
145.441593,-14.693164,2256,3.55,2021-11-26 07:26:00,0.0512494624775473,5698.68022076393,"moving",29,-14.69295,145.44156,"run_day_11652_liz21_del_07_29.json","07",11652
145.441693,-14.693649,2256,3.55,2021-11-26 07:38:00,0.0549916680957483,6114.79449996865,"moving",29,-14.69295,145.44156,"run_day_11652_liz21_del_07_29.json","07",11652
145.441825,-14.694137,2256,3.55,2021-11-26 07:50:00,0.0560897594051819,6236.89668257015,"moving",29,-14.69295,145.44156,"run_day_11652_liz21_del_07_29.json","07",11652
145.441973,-14.6946,2256,3.55,2021-11-26 08:02:00,0.0538880936819816,5992.08262398305,"moving",29,-14.69295,145.44156,"run_day_11652_liz21_del_07_29.json","07",11652
145.441631,-14.693588,2257,3.55,2021-11-26 08:03:00,0.0554279260404387,6163.30417012661,"moving",29,-14.69295,145.44156,"run_day_11652_liz21_del_07_29.json","07",11652
145.441751,-14.694086,2257,3.55,2021-11-26 08:15:00,0.0568593819127592,6322.47480084421,"moving",29,-14.69295,145.44156,"run_day_11652_liz21_del_07_29.json","07",11652
145.441898,-14.694549,2257,3.55,2021-11-26 08:27:00,0.0538564200581947,5988.5606777095,"moving",29,-14.69295,145.44156,"run_day_11652_liz21_del_07_29.json","07",11652
145.441561,-14.693451,2258,3.55,2021-11-26 07:17:00,0.0564759064891473,6279.83427924569,"moving",29,-14.69295,145.44156,"run_day_11652_liz21_del_07_29.json","07",11652
145.4417,-14.693967,2258,3.55,2021-11-26 07:29:00,0.0592924362572969,6593.0181002073,"moving",29,-14.69295,145.44156,"run_day_11652_liz21_del_07_29.json","07",11652
145.441861,-14.694477,2258,3.55,2021-11-26 07:41:00,0.0592944430590388,6593.24124637978,"moving",29,-14.69295,145.44156,"run_day_11652_liz21_del_07_29.json","07",11652
145.441723,-14.693347,2259,3.55,2021-11-26 07:40:00,0.0503900518977742,5603.11812438851,"moving",29,-14.69295,145.44156,"run_day_11652_liz21_del_07_29.json","07",11652
145.441811,-14.693789,2259,3.55,2021-11-26 07:52:00,0.0500512768016807,5565.44805242939,"moving",29,-14.69295,145.44156,"run_day_11652_liz21_del_07_29.json","07",11652
145.441925,-14.694207,2259,3.55,2021-11-26 08:04:00,0.0480696343762433,5345.09946829713,"moving",29,-14.69295,145.44156,"run_day_11652_liz21_del_07_29.json","07",11652
145.442056,-14.694622,2259,3.55,2021-11-26 08:16:00,0.0482490881674129,5365.05381944232,"moving",29,-14.69295,145.44156,"run_day_11652_liz21_del_07_29.json","07",11652
145.441586,-14.693188,2260,3.55,2021-11-26 07:47:00,0.0518555655219053,5766.07580432037,"moving",29,-14.69295,145.44156,"run_day_11652_liz21_del_07_29.json","07",11652
145.441682,-14.693678,2260,3.55,2021-11-26 07:59:00,0.0554552935979494,6166.34730367646,"moving",29,-14.69295,145.44156,"run_day_11652_liz21_del_07_29.json","07",11652
145.441806,-14.694162,2260,3.55,2021-11-26 08:11:00,0.0554463322164781,6165.35084352112,"moving",29,-14.69295,145.44156,"run_day_11652_liz21_del_07_29.json","07",11652
145.441952,-14.694612,2260,3.55,2021-11-26 08:23:00,0.0524439907784546,5831.50570755818,"moving",29,-14.69295,145.44156,"run_day_11652_liz21_del_07_29.json","07",11652
145.441599,-14.693439,2261,3.55,2021-11-26 07:52:00,0.0547952006867418,6092.94832083613,"moving",29,-14.69295,145.44156,"run_day_11652_liz21_del_07_29.json","07",11652
145.441713,-14.693946,2261,3.55,2021-11-26 08:04:00,0.0576938656285009,6415.26515640219,"moving",29,-14.69295,145.44156,"run_day_11652_liz21_del_07_29.json","07",11652
145.441857,-14.694425,2261,3.55,2021-11-26 08:16:00,0.0554686368124542,6167.83100143452,"moving",29,-14.69295,145.44156,"run_day_11652_liz21_del_07_29.json","07",11652
145.441766,-14.693604,2262,3.55,2021-11-26 07:12:00,0.0530217232055068,5895.74662240442,"moving",29,-14.69295,145.44156,"run_day_11652_liz21_del_07_29.json","07",11652
145.44189,-14.694042,2262,3.55,2021-11-26 07:24:00,0.0504965417211873,5614.95925249133,"moving",29,-14.69295,145.44156,"run_day_11652_liz21_del_07_29.json","07",11652
145.442018,-14.694487,2262,3.55,2021-11-26 07:36:00,0.0513613192047094,5711.11812133542,"moving",29,-14.69295,145.44156,"run_day_11652_liz21_del_07_29.json","07",11652
145.441775,-14.693228,2263,3.55,2021-11-26 07:19:00,0.0461886278805235,5135.94108898763,"moving",29,-14.69295,145.44156,"run_day_11652_liz21_del_07_29.json","07",11652
145.441846,-14.693604,2263,3.55,2021-11-26 07:31:00,0.0425010049112158,4725.89612342267,"moving",29,-14.69295,145.44156,"run_day_11652_liz21_del_07_29.json","07",11652
145.441945,-14.693979,2263,3.55,2021-11-26 07:43:00,0.0430362297907883,4785.41041464508,"moving",29,-14.69295,145.44156,"run_day_11652_liz21_del_07_29.json","07",11652
145.442053,-14.694368,2263,3.55,2021-11-26 07:55:00,0.0447874752819754,4980.14002857424,"moving",29,-14.69295,145.44156,"run_day_11652_liz21_del_07_29.json","07",11652
145.441702,-14.69331,2264,3.55,2021-11-26 07:44:00,0.0506473285266044,5631.72598025865,"moving",29,-14.69295,145.44156,"run_day_11652_liz21_del_07_29.json","07",11652
145.441789,-14.693767,2264,3.55,2021-11-26 07:56:00,0.0516704802920883,5745.49526576788,"moving",29,-14.69295,145.44156,"run_day_11652_liz21_del_07_29.json","07",11652
145.441904,-14.694193,2264,3.55,2021-11-26 08:08:00,0.0489573575220715,5443.80977837817,"moving",29,-14.69295,145.44156,"run_day_11652_liz21_del_07_29.json","07",11652
145.442035,-14.694611,2264,3.55,2021-11-26 08:20:00,0.0485682298078248,5400.54075073714,"moving",29,-14.69295,145.44156,"run_day_11652_liz21_del_07_29.json","07",11652
145.44165,-14.693187,2265,3.55,2021-11-26 07:12:00,0.0515276748987917,5729.61603053581,"moving",29,-14.69295,145.44156,"run_day_11652_liz21_del_07_29.json","07",11652
145.441746,-14.693663,2265,3.55,2021-11-26 07:24:00,0.0539265671469402,5996.36067809688,"moving",29,-14.69295,145.44156,"run_day_11652_liz21_del_07_29.json","07",11652
145.441876,-14.69412,2265,3.55,2021-11-26 07:36:00,0.0527047109786816,5860.49647109717,"moving",29,-14.69295,145.44156,"run_day_11652_liz21_del_07_29.json","07",11652
145.442014,-14.694574,2265,3.55,2021-11-26 07:48:00,0.0526193637955837,5851.00629733328,"moving",29,-14.69295,145.44156,"run_day_11652_liz21_del_07_29.json","07",11652
145.441648,-14.693646,2266,3.55,2021-11-26 07:12:00,0.0575228549349185,6396.24963487386,"moving",29,-14.69295,145.44156,"run_day_11652_liz21_del_07_29.json","07",11652
145.441799,-14.694157,2266,3.55,2021-11-26 07:24:00,0.059096203109982,6571.19796978639,"moving",29,-14.69295,145.44156,"run_day_11652_liz21_del_07_29.json","07",11652
145.441958,-14.694644,2266,3.55,2021-11-26 07:36:00,0.0567882071352339,6314.56052667834,"moving",29,-14.69295,145.44156,"run_day_11652_liz21_del_07_29.json","07",11652
145.441568,-14.693389,2267,3.55,2021-11-26 07:11:00,0.0561852418359969,6247.51384446047,"moving",29,-14.69295,145.44156,"run_day_11652_liz21_del_07_29.json","07",11652
145.441701,-14.693903,2267,3.55,2021-11-26 07:23:00,0.0589172500107156,6551.29929304065,"moving",29,-14.69295,145.44156,"run_day_11652_liz21_del_07_29.json","07",11652
145.441858,-14.694408,2267,3.55,2021-11-26 07:35:00,0.0586375888203609,6520.20238749383,"moving",29,-14.69295,145.44156,"run_day_11652_liz21_del_07_29.json","07",11652
145.44154,-14.693421,2268,3.55,2021-11-26 08:01:00,0.0558481881779892,6210.03518768302,"moving",29,-14.69295,145.44156,"run_day_11652_liz21_del_07_29.json","07",11652
145.441656,-14.693929,2268,3.55,2021-11-26 08:13:00,0.0578485400166737,6432.46416364885,"moving",29,-14.69295,145.44156,"run_day_11652_liz21_del_07_29.json","07",11652
145.441805,-14.694425,2268,3.55,2021-11-26 08:25:00,0.0574339305376481,6386.36169304246,"moving",29,-14.69295,145.44156,"run_day_11652_liz21_del_07_29.json","07",11652
145.441605,-14.693647,2269,3.55,2021-11-26 07:35:00,0.0569193327010947,6329.14102435546,"moving",29,-14.69295,145.44156,"run_day_11652_liz21_del_07_29.json","07",11652
145.441752,-14.694169,2269,3.55,2021-11-26 07:47:00,0.0601586809502533,6689.34011529683,"moving",29,-14.69295,145.44156,"run_day_11652_liz21_del_07_29.json","07",11652
145.441919,-14.694665,2269,3.55,2021-11-26 07:59:00,0.0580039544392641,6449.7454589683,"moving",29,-14.69295,145.44156,"run_day_11652_liz21_del_07_29.json","07",11652
145.441706,-14.693634,2270,3.55,2021-11-26 07:58:00,0.0544631427586054,6056.02516387526,"moving",29,-14.69295,145.44156,"run_day_11652_liz21_del_07_29.json","07",11652
145.441821,-14.694103,2270,3.55,2021-11-26 08:10:00,0.0535972345173901,5959.74056051241,"moving",29,-14.69295,145.44156,"run_day_11652_liz21_del_07_29.json","07",11652
145.441958,-14.694541,2270,3.55,2021-11-26 08:22:00,0.0508837168188647,5658.01115907615,"moving",29,-14.69295,145.44156,"run_day_11652_liz21_del_07_29.json","07",11652
145.4416,-14.693258,2271,3.55,2021-11-26 08:00:00,0.0523551565973309,5821.6277973046,"moving",29,-14.69295,145.44156,"run_day_11652_liz21_del_07_29.json","07",11652
145.441695,-14.693745,2271,3.55,2021-11-26 08:12:00,0.0551075319560142,6127.67797341167,"moving",29,-14.69295,145.44156,"run_day_11652_liz21_del_07_29.json","07",11652
145.441817,-14.694217,2271,3.55,2021-11-26 08:24:00,0.0540995419255481,6015.59459591555,"moving",29,-14.69295,145.44156,"run_day_11652_liz21_del_07_29.json","07",11652
145.441963,-14.694658,2271,3.55,2021-11-26 08:36:00,0.0514900246579048,5725.42951476224,"moving",29,-14.69295,145.44156,"run_day_11652_liz21_del_07_29.json","07",11652
145.441634,-14.693621,2272,3.55,2021-11-26 07:20:00,0.056631211762707,6297.10343774668,"moving",29,-14.69295,145.44156,"run_day_11652_liz21_del_07_29.json","07",11652
145.441781,-14.694132,2272,3.55,2021-11-26 07:32:00,0.0589794141355285,6558.21162833915,"moving",29,-14.69295,145.44156,"run_day_11652_liz21_del_07_29.json","07",11652
145.44194,-14.694623,2272,3.55,2021-11-26 07:44:00,0.0572124961755102,6361.73931538795,"moving",29,-14.69295,145.44156,"run_day_11652_liz21_del_07_29.json","07",11652
145.44161,-14.693519,2273,3.55,2021-11-26 07:28:00,0.0553671436243891,6156.54547383269,"moving",29,-14.69295,145.44156,"run_day_11652_liz21_del_07_29.json","07",11652
145.441746,-14.694031,2273,3.55,2021-11-26 07:40:00,0.0587810050686917,6536.14954670661,"moving",29,-14.69295,145.44156,"run_day_11652_liz21_del_07_29.json","07",11652
145.441902,-14.694524,2273,3.55,2021-11-26 07:52:00,0.0573294905878828,6374.74850048955,"moving",29,-14.69295,145.44156,"run_day_11652_liz21_del_07_29.json","07",11652
145.441516,-14.693388,2274,3.55,2021-11-26 07:13:00,0.0570608709911862,6344.87936413958,"moving",29,-14.69295,145.44156,"run_day_11652_liz21_del_07_29.json","07",11652
145.441655,-14.693907,2274,3.55,2021-11-26 07:25:00,0.0596153026578689,6628.9192059349,"moving",29,-14.69295,145.44156,"run_day_11652_liz21_del_07_29.json","07",11652
145.44182,-14.694429,2274,3.55,2021-11-26 07:37:00,0.0606962636108136,6749.11657980321,"moving",29,-14.69295,145.44156,"run_day_11652_liz21_del_07_29.json","07",11652
145.441519,-14.693441,2275,3.55,2021-11-26 07:44:00,0.0565840643168645,6291.86088096474,"moving",29,-14.69295,145.44156,"run_day_11652_liz21_del_07_29.json","07",11652
145.441649,-14.693963,2275,3.55,2021-11-26 07:56:00,0.0597041864047586,6638.80262765019,"moving",29,-14.69295,145.44156,"run_day_11652_liz21_del_07_29.json","07",11652
145.441812,-14.694478,2275,3.55,2021-11-26 08:08:00,0.0598890192584968,6659.35510326311,"moving",29,-14.69295,145.44156,"run_day_11652_liz21_del_07_29.json","07",11652
145.441625,-14.693469,2276,3.55,2021-11-26 08:09:00,0.0537290929462308,5974.40254883481,"moving",29,-14.69295,145.44156,"run_day_11652_liz21_del_07_29.json","07",11652
145.44173,-14.693959,2276,3.55,2021-11-26 08:21:00,0.0556436633880079,6187.29306866406,"moving",29,-14.69295,145.44156,"run_day_11652_liz21_del_07_29.json","07",11652
145.441867,-14.694419,2276,3.55,2021-11-26 08:33:00,0.0532298999044734,5918.89481517512,"moving",29,-14.69295,145.44156,"run_day_11652_liz21_del_07_29.json","07",11652
145.441688,-14.693662,2277,3.55,2021-11-26 07:42:00,0.0554488975736298,6165.63609822142,"moving",29,-14.69295,145.44156,"run_day_11652_liz21_del_07_29.json","07",11652
145.441819,-14.694152,2277,3.55,2021-11-26 07:54:00,0.0562779094201079,6257.81800967802,"moving",29,-14.69295,145.44156,"run_day_11652_liz21_del_07_29.json","07",11652
145.441969,-14.694615,2277,3.55,2021-11-26 08:06:00,0.0539520302595591,5999.19204703669,"moving",29,-14.69295,145.44156,"run_day_11652_liz21_del_07_29.json","07",11652
145.44167,-14.693474,2278,3.55,2021-11-26 08:09:00,0.0527836107292307,5869.26972307175,"moving",29,-14.69295,145.44156,"run_day_11652_liz21_del_07_29.json","07",11652
145.441769,-14.693947,2278,3.55,2021-11-26 08:21:00,0.053662285817312,5966.97393503535,"moving",29,-14.69295,145.44156,"run_day_11652_liz21_del_07_29.json","07",11652
145.441896,-14.694386,2278,3.55,2021-11-26 08:33:00,0.0506897912715934,5636.44762207282,"moving",29,-14.69295,145.44156,"run_day_11652_liz21_del_07_29.json","07",11652
145.441536,-14.693294,2279,3.55,2021-11-26 07:19:00,0.0549120129123668,6105.93724769569,"moving",29,-14.69295,145.44156,"run_day_11652_liz21_del_07_29.json","07",11652
145.44166,-14.6938,2279,3.55,2021-11-26 07:31:00,0.0578237933084835,6429.71245524695,"moving",29,-14.69295,145.44156,"run_day_11652_liz21_del_07_29.json","07",11652
145.441815,-14.694313,2279,3.55,2021-11-26 07:43:00,0.059429312012432,6608.23798975897,"moving",29,-14.69295,145.44156,"run_day_11652_liz21_del_07_29.json","07",11652
145.441532,-14.69358,2280,3.55,2021-11-26 07:15:00,0.0588093938482323,6539.30623496516,"moving",29,-14.69295,145.44156,"run_day_11652_liz21_del_07_29.json","07",11652
145.441691,-14.694111,2280,3.55,2021-11-26 07:27:00,0.0614713283217821,6835.29984348415,"moving",29,-14.69295,145.44156,"run_day_11652_liz21_del_07_29.json","07",11652
145.441866,-14.694631,2280,3.55,2021-11-26 07:39:00,0.060807913078748,6761.53143420009,"moving",29,-14.69295,145.44156,"run_day_11652_liz21_del_07_29.json","07",11652
145.441766,-14.693475,2281,3.55,2021-11-26 07:27:00,0.0494576551613814,5499.44033768169,"moving",29,-14.69295,145.44156,"run_day_11652_liz21_del_07_29.json","07",11652
145.441867,-14.693894,2281,3.55,2021-11-26 07:39:00,0.0478404044855271,5319.6102674142,"moving",29,-14.69295,145.44156,"run_day_11652_liz21_del_07_29.json","07",11652
145.441986,-14.694309,2281,3.55,2021-11-26 07:51:00,0.0478880861729007,5324.912229144,"moving",29,-14.69295,145.44156,"run_day_11652_liz21_del_07_29.json","07",11652
145.441654,-14.693443,2282,3.55,2021-11-26 07:30:00,0.0532480508161111,5920.9131044632,"moving",29,-14.69295,145.44156,"run_day_11652_liz21_del_07_29.json","07",11652
145.441773,-14.693937,2282,3.55,2021-11-26 07:42:00,0.056401799640555,6271.59397365261,"moving",29,-14.69295,145.44156,"run_day_11652_liz21_del_07_29.json","07",11652
145.441913,-14.694406,2282,3.55,2021-11-26 07:54:00,0.0542808798967269,6035.75845831865,"moving",29,-14.69295,145.44156,"run_day_11652_liz21_del_07_29.json","07",11652
145.441661,-14.69356,2283,3.55,2021-11-26 07:11:00,0.0561229798211208,6240.59062428358,"moving",29,-14.69295,145.44156,"run_day_11652_liz21_del_07_29.json","07",11652
145.441801,-14.694061,2283,3.55,2021-11-26 07:23:00,0.0577079102650506,6416.82684873308,"moving",29,-14.69295,145.44156,"run_day_11652_liz21_del_07_29.json","07",11652
145.44195,-14.694541,2283,3.55,2021-11-26 07:35:00,0.0557276860616129,6196.63596369205,"moving",29,-14.69295,145.44156,"run_day_11652_liz21_del_07_29.json","07",11652
145.441616,-14.693298,2284,3.55,2021-11-26 08:07:00,0.0521814819693286,5802.31605978386,"moving",29,-14.69295,145.44156,"run_day_11652_liz21_del_07_29.json","07",11652
145.441708,-14.693779,2284,3.55,2021-11-26 08:19:00,0.0543924444435593,6048.16386991981,"moving",29,-14.69295,145.44156,"run_day_11652_liz21_del_07_29.json","07",11652
145.441829,-14.694241,2284,3.55,2021-11-26 08:31:00,0.0529949668221037,5892.77144831465,"moving",29,-14.69295,145.44156,"run_day_11652_liz21_del_07_29.json","07",11652
145.441975,-14.694677,2284,3.55,2021-11-26 08:43:00,0.0509608191053249,5666.58454216323,"moving",29,-14.69295,145.44156,"run_day_11652_liz21_del_07_29.json","07",11652
145.441728,-14.693414,2285,3.55,2021-11-26 07:17:00,0.0519985868969526,5781.97905562736,"moving",29,-14.69295,145.44156,"run_day_11652_liz21_del_07_29.json","07",11652
145.441832,-14.693857,2285,3.55,2021-11-26 07:29:00,0.0505134838708504,5616.84313358031,"moving",29,-14.69295,145.44156,"run_day_11652_liz21_del_07_29.json","07",11652
145.441959,-14.694292,2285,3.55,2021-11-26 07:41:00,0.0502616102257155,5588.83606208584,"moving",29,-14.69295,145.44156,"run_day_11652_liz21_del_07_29.json","07",11652
145.441676,-14.693148,2286,3.55,2021-11-26 07:17:00,0.0499625944082325,5555.58702019526,"moving",29,-14.69295,145.44156,"run_day_11652_liz21_del_07_29.json","07",11652
145.441763,-14.693605,2286,3.55,2021-11-26 07:29:00,0.0516704815485482,5745.49540547984,"moving",29,-14.69295,145.44156,"run_day_11652_liz21_del_07_29.json","07",11652
145.44188,-14.694043,2286,3.55,2021-11-26 07:41:00,0.0503029241315214,5593.42995881132,"moving",29,-14.69295,145.44156,"run_day_11652_liz21_del_07_29.json","07",11652
145.442008,-14.694478,2286,3.55,2021-11-26 07:53:00,0.0502909452517239,5592.09796815096,"moving",29,-14.69295,145.44156,"run_day_11652_liz21_del_07_29.json","07",11652
145.441571,-14.693423,2287,3.55,2021-11-26 07:30:00,0.0549207617231657,6106.9100710707,"moving",29,-14.69295,145.44156,"run_day_11652_liz21_del_07_29.json","07",11652
145.4417,-14.693937,2287,3.55,2021-11-26 07:42:00,0.0588142684868854,6539.84827005261,"moving",29,-14.69295,145.44156,"run_day_11652_liz21_del_07_29.json","07",11652
145.441856,-14.694441,2287,3.55,2021-11-26 07:54:00,0.0585001720141951,6504.92233581249,"moving",29,-14.69295,145.44156,"run_day_11652_liz21_del_07_29.json","07",11652
145.441677,-14.693149,2288,3.55,2021-11-26 07:48:00,0.0492063708226391,5471.49879406831,"moving",29,-14.69295,145.44156,"run_day_11652_liz21_del_07_29.json","07",11652
145.441756,-14.693608,2288,3.55,2021-11-26 08:00:00,0.0517409573328416,5753.33195514457,"moving",29,-14.69295,145.44156,"run_day_11652_liz21_del_07_29.json","07",11652
145.441857,-14.694036,2288,3.55,2021-11-26 08:12:00,0.0488155436412139,5428.04079429903,"moving",29,-14.69295,145.44156,"run_day_11652_liz21_del_07_29.json","07",11652
145.441979,-14.694448,2288,3.55,2021-11-26 08:24:00,0.0476545583555422,5298.94512062336,"moving",29,-14.69295,145.44156,"run_day_11652_liz21_del_07_29.json","07",11652
145.441712,-14.693248,2289,3.55,2021-11-26 07:31:00,0.0494249958618234,5495.80878926308,"moving",29,-14.69295,145.44156,"run_day_11652_liz21_del_07_29.json","07",11652
145.441795,-14.693689,2289,3.55,2021-11-26 07:43:00,0.0498429669719552,5542.28505619372,"moving",29,-14.69295,145.44156,"run_day_11652_liz21_del_07_29.json","07",11652
145.441907,-14.694109,2289,3.55,2021-11-26 07:55:00,0.0482305233477108,5362.98950567738,"moving",29,-14.69295,145.44156,"run_day_11652_liz21_del_07_29.json","07",11652
145.442033,-14.694528,2289,3.55,2021-11-26 08:07:00,0.0485217085444597,5395.36782226986,"moving",29,-14.69295,145.44156,"run_day_11652_liz21_del_07_29.json","07",11652
145.441594,-14.693686,2290,3.55,2021-11-26 07:51:00,0.0576547885298101,6410.91998127978,"moving",29,-14.69295,145.44156,"run_day_11652_liz21_del_07_29.json","07",11652
145.441737,-14.694209,2290,3.55,2021-11-26 08:03:00,0.0601545320675328,6688.87878058707,"moving",29,-14.69295,145.44156,"run_day_11652_liz21_del_07_29.json","07",11652
145.441906,-14.694697,2290,3.55,2021-11-26 08:15:00,0.057226750250757,6363.3242962394,"moving",29,-14.69295,145.44156,"run_day_11652_liz21_del_07_29.json","07",11652
145.441609,-14.693296,2291,3.55,2021-11-26 07:31:00,0.0524902150841921,5836.64561584385,"moving",29,-14.69295,145.44156,"run_day_11652_liz21_del_07_29.json","07",11652
145.441717,-14.693793,2291,3.55,2021-11-26 07:43:00,0.0564715413120906,6279.34889370309,"moving",29,-14.69295,145.44156,"run_day_11652_liz21_del_07_29.json","07",11652
145.441856,-14.694277,2291,3.55,2021-11-26 07:55:00,0.0558563725598624,6210.94524942504,"moving",29,-14.69295,145.44156,"run_day_11652_liz21_del_07_29.json","07",11652
145.441689,-14.693573,2292,3.55,2021-11-26 07:12:00,0.0556880854874223,6192.23258074984,"moving",29,-14.69295,145.44156,"run_day_11652_liz21_del_07_29.json","07",11652
145.441825,-14.694061,2292,3.55,2021-11-26 07:24:00,0.0562002045683802,6249.17762439023,"moving",29,-14.69295,145.44156,"run_day_11652_liz21_del_07_29.json","07",11652
145.441969,-14.694532,2292,3.55,2021-11-26 07:36:00,0.0546150222657353,6072.91339452938,"moving",29,-14.69295,145.44156,"run_day_11652_liz21_del_07_29.json","07",11652
145.441545,-14.693275,2293,3.55,2021-11-26 07:44:00,0.0538487767665497,5987.71078245571,"moving",29,-14.69295,145.44156,"run_day_11652_liz21_del_07_29.json","07",11652
145.441656,-14.693781,2293,3.55,2021-11-26 07:56:00,0.0575173743809627,6395.64022507877,"moving",29,-14.69295,145.44156,"run_day_11652_liz21_del_07_29.json","07",11652
145.441798,-14.694285,2293,3.55,2021-11-26 08:08:00,0.0580861913889639,6458.88979055764,"moving",29,-14.69295,145.44156,"run_day_11652_liz21_del_07_29.json","07",11652
145.441629,-14.693585,2294,3.55,2021-11-26 07:22:00,0.0561271158912009,6241.05053429273,"moving",29,-14.69295,145.44156,"run_day_11652_liz21_del_07_29.json","07",11652
145.441773,-14.694095,2294,3.55,2021-11-26 07:34:00,0.0587864598463611,6536.75609030942,"moving",29,-14.69295,145.44156,"run_day_11652_liz21_del_07_29.json","07",11652
145.44193,-14.694585,2294,3.55,2021-11-26 07:46:00,0.0570423438226499,6342.81923699325,"moving",29,-14.69295,145.44156,"run_day_11652_liz21_del_07_29.json","07",11652
145.441614,-14.693377,2295,3.55,2021-11-26 07:47:00,0.0536405152474809,5964.55315811997,"moving",29,-14.69295,145.44156,"run_day_11652_liz21_del_07_29.json","07",11652
145.441722,-14.693879,2295,3.55,2021-11-26 07:59:00,0.0570157400377026,6339.86103107757,"moving",29,-14.69295,145.44156,"run_day_11652_liz21_del_07_29.json","07",11652
145.44186,-14.694355,2295,3.55,2021-11-26 08:11:00,0.0549706442358983,6112.45675341485,"moving",29,-14.69295,145.44156,"run_day_11652_liz21_del_07_29.json","07",11652
145.441585,-14.693283,2296,3.55,2021-11-26 07:40:00,0.0530795298023735,5902.17442270259,"moving",29,-14.69295,145.44156,"run_day_11652_liz21_del_07_29.json","07",11652
145.441691,-14.693783,2296,3.55,2021-11-26 07:52:00,0.0567544288451215,6310.80455218711,"moving",29,-14.69295,145.44156,"run_day_11652_liz21_del_07_29.json","07",11652
145.441829,-14.694275,2296,3.55,2021-11-26 08:04:00,0.0566857157056619,6303.16399968539,"moving",29,-14.69295,145.44156,"run_day_11652_liz21_del_07_29.json","07",11652
145.44159,-14.693373,2297,3.55,2021-11-26 07:16:00,0.0550890811042792,6125.62633230647,"moving",29,-14.69295,145.44156,"run_day_11652_liz21_del_07_29.json","07",11652
145.441715,-14.693879,2297,3.55,2021-11-26 07:28:00,0.0578486955582187,6432.48145907954,"moving",29,-14.69295,145.44156,"run_day_11652_liz21_del_07_29.json","07",11652
145.441867,-14.694376,2297,3.55,2021-11-26 07:40:00,0.0576314223572452,6408.32178143546,"moving",29,-14.69295,145.44156,"run_day_11652_liz21_del_07_29.json","07",11652
145.441588,-14.69337,2298,3.55,2021-11-26 07:42:00,0.0540799135107704,6013.41201577419,"moving",29,-14.69295,145.44156,"run_day_11652_liz21_del_07_29.json","07",11652
145.441702,-14.693877,2298,3.55,2021-11-26 07:54:00,0.0576938664514484,6415.26524790978,"moving",29,-14.69295,145.44156,"run_day_11652_liz21_del_07_29.json","07",11652
145.441847,-14.694368,2298,3.55,2021-11-26 08:06:00,0.0567805756181783,6313.71194069916,"moving",29,-14.69295,145.44156,"run_day_11652_liz21_del_07_29.json","07",11652
145.441764,-14.693455,2299,3.55,2021-11-26 07:13:00,0.0507183934050022,5639.62803419909,"moving",29,-14.69295,145.44156,"run_day_11652_liz21_del_07_29.json","07",11652
145.441867,-14.693875,2299,3.55,2021-11-26 07:25:00,0.047997896338462,5337.12256244841,"moving",29,-14.69295,145.44156,"run_day_11652_liz21_del_07_29.json","07",11652
145.441989,-14.694298,2299,3.55,2021-11-26 07:37:00,0.0488315817912396,5429.82415521465,"moving",29,-14.69295,145.44156,"run_day_11652_liz21_del_07_29.json","07",11652
145.441667,-14.693383,2300,3.55,2021-11-26 07:57:00,0.0523854264992187,5824.99365682454,"moving",29,-14.69295,145.44156,"run_day_11652_liz21_del_07_29.json","07",11652
145.441763,-14.693862,2300,3.55,2021-11-26 08:09:00,0.0542540155619868,6032.77128058786,"moving",29,-14.69295,145.44156,"run_day_11652_liz21_del_07_29.json","07",11652
145.441885,-14.694303,2300,3.55,2021-11-26 08:21:00,0.0507623203004365,5644.51248211463,"moving",29,-14.69295,145.44156,"run_day_11652_liz21_del_07_29.json","07",11652
145.441701,-14.693353,2301,3.55,2021-11-26 08:08:00,0.0506809719403293,5635.46695717985,"moving",29,-14.69295,145.44156,"run_day_11652_liz21_del_07_29.json","07",11652
145.441784,-14.6938,2301,3.55,2021-11-26 08:20:00,0.0504994884190844,5615.28691034783,"moving",29,-14.69295,145.44156,"run_day_11652_liz21_del_07_29.json","07",11652
145.441892,-14.694216,2301,3.55,2021-11-26 08:32:00,0.0476933586741111,5303.25951920041,"moving",29,-14.69295,145.44156,"run_day_11652_liz21_del_07_29.json","07",11652
145.442023,-14.694624,2301,3.55,2021-11-26 08:44:00,0.0475051965494585,5282.33684555238,"moving",29,-14.69295,145.44156,"run_day_11652_liz21_del_07_29.json","07",11652
145.44173,-14.693582,2302,3.55,2021-11-26 08:05:00,0.0527634737983265,5867.03059851701,"moving",29,-14.69295,145.44156,"run_day_11652_liz21_del_07_29.json","07",11652
145.44183,-14.694023,2302,3.55,2021-11-26 08:17:00,0.0502027053483702,5582.28613857042,"moving",29,-14.69295,145.44156,"run_day_11652_liz21_del_07_29.json","07",11652
145.441954,-14.694441,2302,3.55,2021-11-26 08:29:00,0.0483551759726408,5376.85024516252,"moving",29,-14.69295,145.44156,"run_day_11652_liz21_del_07_29.json","07",11652
145.441733,-14.69343,2303,3.55,2021-11-26 08:00:00,0.0509555026959086,5665.99338440817,"moving",29,-14.69295,145.44156,"run_day_11652_liz21_del_07_29.json","07",11652
145.441819,-14.693861,2303,3.55,2021-11-26 08:12:00,0.0488095258655411,5427.37164817454,"moving",29,-14.69295,145.44156,"run_day_11652_liz21_del_07_29.json","07",11652
145.441929,-14.694266,2303,3.55,2021-11-26 08:24:00,0.046562197920268,5177.48018215362,"moving",29,-14.69295,145.44156,"run_day_11652_liz21_del_07_29.json","07",11652
145.44206,-14.694669,2303,3.55,2021-11-26 08:36:00,0.0469745285116407,5223.32925201462,"moving",29,-14.69295,145.44156,"run_day_11652_liz21_del_07_29.json","07",11652
145.441506,-14.693276,2304,3.55,2021-11-26 08:02:00,0.0548964285538118,6104.20434608936,"moving",29,-14.69295,145.44156,"run_day_11652_liz21_del_07_29.json","07",11652
145.441616,-14.693776,2304,3.55,2021-11-26 08:14:00,0.0568424195768527,6320.58867514736,"moving",29,-14.69295,145.44156,"run_day_11652_liz21_del_07_29.json","07",11652
145.441753,-14.694278,2304,3.55,2021-11-26 08:26:00,0.0577320553611876,6419.51166092686,"moving",29,-14.69295,145.44156,"run_day_11652_liz21_del_07_29.json","07",11652
145.441772,-14.693259,2305,3.55,2021-11-26 07:59:00,0.0459880446700005,5113.63725360739,"moving",29,-14.69295,145.44156,"run_day_11652_liz21_del_07_29.json","07",11652
145.441837,-14.693639,2305,3.55,2021-11-26 08:11:00,0.0428285525647891,4762.31776073435,"moving",29,-14.69295,145.44156,"run_day_11652_liz21_del_07_29.json","07",11652
145.441921,-14.694001,2305,3.55,2021-11-26 08:23:00,0.0412540694483552,4587.24322609939,"moving",29,-14.69295,145.44156,"run_day_11652_liz21_del_07_29.json","07",11652
145.442024,-14.694365,2305,3.55,2021-11-26 08:35:00,0.0419637311208362,4666.15400371336,"moving",29,-14.69295,145.44156,"run_day_11652_liz21_del_07_29.json","07",11652
145.441701,-14.693543,2306,3.55,2021-11-26 07:29:00,0.0535785770170715,5957.6659411331,"moving",29,-14.69295,145.44156,"run_day_11652_liz21_del_07_29.json","07",11652
145.441824,-14.694019,2306,3.55,2021-11-26 07:41:00,0.0545571313068359,6066.47621360117,"moving",29,-14.69295,145.44156,"run_day_11652_liz21_del_07_29.json","07",11652
145.441961,-14.694476,2306,3.55,2021-11-26 07:53:00,0.0529094311633805,5883.26031701743,"moving",29,-14.69295,145.44156,"run_day_11652_liz21_del_07_29.json","07",11652
145.441542,-14.693376,2307,3.55,2021-11-26 07:52:00,0.055329860213137,6152.39974765345,"moving",29,-14.69295,145.44156,"run_day_11652_liz21_del_07_29.json","07",11652
145.441658,-14.693888,2307,3.55,2021-11-26 08:04:00,0.0582829309069084,6480.76622682357,"moving",29,-14.69295,145.44156,"run_day_11652_liz21_del_07_29.json","07",11652
145.441806,-14.694389,2307,3.55,2021-11-26 08:16:00,0.0579383865921135,6442.45464701415,"moving",29,-14.69295,145.44156,"run_day_11652_liz21_del_07_29.json","07",11652
145.441629,-14.693301,2308,3.55,2021-11-26 07:46:00,0.0523118283080585,5816.80991135731,"moving",29,-14.69295,145.44156,"run_day_11652_liz21_del_07_29.json","07",11652
145.441728,-14.693794,2308,3.55,2021-11-26 07:58:00,0.0558437068127612,6209.53688260523,"moving",29,-14.69295,145.44156,"run_day_11652_liz21_del_07_29.json","07",11652
145.441856,-14.69426,2308,3.55,2021-11-26 08:10:00,0.0536146171286553,5961.67341869693,"moving",29,-14.69295,145.44156,"run_day_11652_liz21_del_07_29.json","07",11652
145.442004,-14.6947,2308,3.55,2021-11-26 08:22:00,0.0514502866085176,5721.01084527563,"moving",29,-14.69295,145.44156,"run_day_11652_liz21_del_07_29.json","07",11652
145.441549,-14.693231,2309,3.55,2021-11-26 07:32:00,0.0530066962146937,5894.07569726328,"moving",29,-14.69295,145.44156,"run_day_11652_liz21_del_07_29.json","07",11652
145.44166,-14.693731,2309,3.55,2021-11-26 07:44:00,0.0568649050953263,6323.0889507246,"moving",29,-14.69295,145.44156,"run_day_11652_liz21_del_07_29.json","07",11652
145.441803,-14.694238,2309,3.55,2021-11-26 07:56:00,0.0584363225325634,6497.82259738617,"moving",29,-14.69295,145.44156,"run_day_11652_liz21_del_07_29.json","07",11652
145.441965,-14.694712,2309,3.55,2021-11-26 08:08:00,0.0555119230617089,6172.64421274511,"moving",29,-14.69295,145.44156,"run_day_11652_liz21_del_07_29.json","07",11652
145.441629,-14.693644,2310,3.55,2021-11-26 07:53:00,0.056449516053872,6276.89979673114,"moving",29,-14.69295,145.44156,"run_day_11652_liz21_del_07_29.json","07",11652
145.441761,-14.694154,2310,3.55,2021-11-26 08:05:00,0.0584596606814572,6500.41768114043,"moving",29,-14.69295,145.44156,"run_day_11652_liz21_del_07_29.json","07",11652
145.441917,-14.694626,2310,3.55,2021-11-26 08:17:00,0.0551008840602291,6126.93876112751,"moving",29,-14.69295,145.44156,"run_day_11652_liz21_del_07_29.json","07",11652
145.441711,-14.693206,2311,3.55,2021-11-26 07:53:00,0.0491291939988846,5462.91712281227,"moving",29,-14.69295,145.44156,"run_day_11652_liz21_del_07_29.json","07",11652
145.441785,-14.693643,2311,3.55,2021-11-26 08:05:00,0.0492397315845243,5475.20834153894,"moving",29,-14.69295,145.44156,"run_day_11652_liz21_del_07_29.json","07",11652
145.441882,-14.694048,2311,3.55,2021-11-26 08:17:00,0.0462266908608994,5140.17349929841,"moving",29,-14.69295,145.44156,"run_day_11652_liz21_del_07_29.json","07",11652
145.441999,-14.694446,2311,3.55,2021-11-26 08:29:00,0.0460100095567842,5116.07963758207,"moving",29,-14.69295,145.44156,"run_day_11652_liz21_del_07_29.json","07",11652
145.441625,-14.693214,2312,3.55,2021-11-26 07:34:00,0.0511359034886395,5686.05303732251,"moving",29,-14.69295,145.44156,"run_day_11652_liz21_del_07_29.json","07",11652
145.441721,-14.6937,2312,3.55,2021-11-26 07:46:00,0.0550183541352121,6117.76185216926,"moving",29,-14.69295,145.44156,"run_day_11652_liz21_del_07_29.json","07",11652
145.441848,-14.694172,2312,3.55,2021-11-26 07:58:00,0.0542324961232234,6030.37842817314,"moving",29,-14.69295,145.44156,"run_day_11652_liz21_del_07_29.json","07",11652
145.441992,-14.69462,2312,3.55,2021-11-26 08:10:00,0.0521675759638157,5800.76978252093,"moving",29,-14.69295,145.44156,"run_day_11652_liz21_del_07_29.json","07",11652
145.441773,-14.693471,2313,3.55,2021-11-26 07:50:00,0.0485814566386188,5402.01150721703,"moving",29,-14.69295,145.44156,"run_day_11652_liz21_del_07_29.json","07",11652
145.44186,-14.693879,2313,3.55,2021-11-26 08:02:00,0.0463225330943034,5150.83066941122,"moving",29,-14.69295,145.44156,"run_day_11652_liz21_del_07_29.json","07",11652
145.441968,-14.69427,2313,3.55,2021-11-26 08:14:00,0.0450022931720556,5004.02668810365,"moving",29,-14.69295,145.44156,"run_day_11652_liz21_del_07_29.json","07",11652
145.442095,-14.694666,2313,3.55,2021-11-26 08:26:00,0.0461032950243375,5126.45250830365,"moving",29,-14.69295,145.44156,"run_day_11652_liz21_del_07_29.json","07",11652
145.441552,-14.693543,2314,3.55,2021-11-26 07:15:00,0.0580071364640187,6450.09928397747,"moving",29,-14.69295,145.44156,"run_day_11652_liz21_del_07_29.json","07",11652
145.441704,-14.694068,2314,3.55,2021-11-26 07:27:00,0.0606234177077996,6741.01648496122,"moving",29,-14.69295,145.44156,"run_day_11652_liz21_del_07_29.json","07",11652
145.441873,-14.694582,2314,3.55,2021-11-26 07:39:00,0.0599751313474178,6668.9303306739,"moving",29,-14.69295,145.44156,"run_day_11652_liz21_del_07_29.json","07",11652
145.441761,-14.693544,2315,3.55,2021-11-26 07:17:00,0.0517413990518194,5753.3810720539,"moving",29,-14.69295,145.44156,"run_day_11652_liz21_del_07_29.json","07",11652
145.441877,-14.693975,2315,3.55,2021-11-26 07:29:00,0.04952248612487,5506.6492119111,"moving",29,-14.69295,145.44156,"run_day_11652_liz21_del_07_29.json","07",11652
145.442001,-14.694412,2315,3.55,2021-11-26 07:41:00,0.0503892979687851,5603.03429130988,"moving",29,-14.69295,145.44156,"run_day_11652_liz21_del_07_29.json","07",11652
145.441749,-14.693493,2316,3.55,2021-11-26 08:06:00,0.0503373794696542,5597.26121760751,"moving",29,-14.69295,145.44156,"run_day_11652_liz21_del_07_29.json","07",11652
145.441837,-14.693912,2316,3.55,2021-11-26 08:18:00,0.0475423993329633,5286.47360633517,"moving",29,-14.69295,145.44156,"run_day_11652_liz21_del_07_29.json","07",11652
145.441948,-14.69431,2316,3.55,2021-11-26 08:30:00,0.0458377040656661,5096.92014113673,"moving",29,-14.69295,145.44156,"run_day_11652_liz21_del_07_29.json","07",11652
145.441753,-14.693452,2317,3.55,2021-11-26 07:26:00,0.0501521676246882,5576.66660009282,"moving",29,-14.69295,145.44156,"run_day_11652_liz21_del_07_29.json","07",11652
145.441854,-14.693879,2317,3.55,2021-11-26 07:38:00,0.0487071450972006,5415.9874261491,"moving",29,-14.69295,145.44156,"run_day_11652_liz21_del_07_29.json","07",11652
145.441975,-14.694299,2317,3.55,2021-11-26 07:50:00,0.0484813657289564,5390.88190585933,"moving",29,-14.69295,145.44156,"run_day_11652_liz21_del_07_29.json","07",11652
145.441619,-14.693483,2318,3.55,2021-11-26 08:04:00,0.0544253959819083,6051.82791380936,"moving",29,-14.69295,145.44156,"run_day_11652_liz21_del_07_29.json","07",11652
145.441729,-14.693978,2318,3.55,2021-11-26 08:16:00,0.0562987384453409,6260.13409161089,"moving",29,-14.69295,145.44156,"run_day_11652_liz21_del_07_29.json","07",11652
145.441869,-14.694443,2318,3.55,2021-11-26 08:28:00,0.0538536978568226,5988.25798272762,"moving",29,-14.69295,145.44156,"run_day_11652_liz21_del_07_29.json","07",11652
145.44169,-14.693191,2319,3.55,2021-11-26 07:28:00,0.0493758144170969,5490.34006212443,"moving",29,-14.69295,145.44156,"run_day_11652_liz21_del_07_29.json","07",11652
145.441774,-14.693644,2319,3.55,2021-11-26 07:40:00,0.0511751670722323,5690.4189486199,"moving",29,-14.69295,145.44156,"run_day_11652_liz21_del_07_29.json","07",11652
145.441887,-14.694075,2319,3.55,2021-11-26 07:52:00,0.0494421756565651,5497.71909527914,"moving",29,-14.69295,145.44156,"run_day_11652_liz21_del_07_29.json","07",11652
145.442015,-14.694501,2319,3.55,2021-11-26 08:04:00,0.049329180767178,5485.15463684254,"moving",29,-14.69295,145.44156,"run_day_11652_liz21_del_07_29.json","07",11652
145.441476,-14.693515,2320,3.55,2021-11-26 07:18:00,0.0589970592296521,6560.17367328585,"moving",29,-14.69295,145.44156,"run_day_11652_liz21_del_07_29.json","07",11652
145.441633,-14.694048,2320,3.55,2021-11-26 07:30:00,0.0616256777204572,6852.46271354746,"moving",29,-14.69295,145.44156,"run_day_11652_liz21_del_07_29.json","07",11652
145.441813,-14.694581,2320,3.55,2021-11-26 07:42:00,0.0623489538681259,6932.88735173123,"moving",29,-14.69295,145.44156,"run_day_11652_liz21_del_07_29.json","07",11652
145.441651,-14.693623,2321,3.55,2021-11-26 07:22:00,0.0562127815844312,6250.57612476743,"moving",29,-14.69295,145.44156,"run_day_11652_liz21_del_07_29.json","07",11652
145.441795,-14.694128,2321,3.55,2021-11-26 07:34:00,0.0582503124571827,6477.13922069905,"moving",29,-14.69295,145.44156,"run_day_11652_liz21_del_07_29.json","07",11652
145.441951,-14.694613,2321,3.55,2021-11-26 07:46:00,0.0564794819070359,6280.23184757554,"moving",29,-14.69295,145.44156,"run_day_11652_liz21_del_07_29.json","07",11652
145.441621,-14.693233,2322,3.55,2021-11-26 07:27:00,0.0515294299145277,5729.81117938184,"moving",29,-14.69295,145.44156,"run_day_11652_liz21_del_07_29.json","07",11652
145.441722,-14.693721,2322,3.55,2021-11-26 07:39:00,0.0553398612694776,6153.51181437962,"moving",29,-14.69295,145.44156,"run_day_11652_liz21_del_07_29.json","07",11652
145.441855,-14.694196,2322,3.55,2021-11-26 07:51:00,0.0547205436414818,6084.64683616494,"moving",29,-14.69295,145.44156,"run_day_11652_liz21_del_07_29.json","07",11652
145.442004,-14.694653,2322,3.55,2021-11-26 08:03:00,0.0532833127887635,5924.83405692564,"moving",29,-14.69295,145.44156,"run_day_11652_liz21_del_07_29.json","07",11652
145.441537,-14.693472,2323,3.55,2021-11-26 07:35:00,0.0562596263442845,6255.785024403,"moving",29,-14.69295,145.44156,"run_day_11652_liz21_del_07_29.json","07",11652
145.441674,-14.693995,2323,3.55,2021-11-26 07:47:00,0.0599927713074379,6670.89180473435,"moving",29,-14.69295,145.44156,"run_day_11652_liz21_del_07_29.json","07",11652
145.441839,-14.69451,2323,3.55,2021-11-26 07:59:00,0.0599523446903483,6666.39657001258,"moving",29,-14.69295,145.44156,"run_day_11652_liz21_del_07_29.json","07",11652
145.441692,-14.69331,2324,3.55,2021-11-26 07:21:00,0.0513340719258353,5708.08836215976,"moving",29,-14.69295,145.44156,"run_day_11652_liz21_del_07_29.json","07",11652
145.441789,-14.693773,2324,3.55,2021-11-26 07:33:00,0.0525297645121533,5841.04331158483,"moving",29,-14.69295,145.44156,"run_day_11652_liz21_del_07_29.json","07",11652
145.441917,-14.694216,2324,3.55,2021-11-26 07:45:00,0.0511471070667929,5687.29881837343,"moving",29,-14.69295,145.44156,"run_day_11652_liz21_del_07_29.json","07",11652
145.442057,-14.694657,2324,3.55,2021-11-26 07:57:00,0.0512968879171539,5703.95368904208,"moving",29,-14.69295,145.44156,"run_day_11652_liz21_del_07_29.json","07",11652
145.441765,-14.693281,2325,3.55,2021-11-26 07:26:00,0.0471021191063476,5237.51667883358,"moving",29,-14.69295,145.44156,"run_day_11652_liz21_del_07_29.json","07",11652
145.441842,-14.693675,2325,3.55,2021-11-26 07:38:00,0.0445867453775472,4957.81988157598,"moving",29,-14.69295,145.44156,"run_day_11652_liz21_del_07_29.json","07",11652
145.441946,-14.694063,2325,3.55,2021-11-26 07:50:00,0.0445701797007825,4955.97786236331,"moving",29,-14.69295,145.44156,"run_day_11652_liz21_del_07_29.json","07",11652
145.442061,-14.694464,2325,3.55,2021-11-26 08:02:00,0.0462729976753206,5145.32258213112,"moving",29,-14.69295,145.44156,"run_day_11652_liz21_del_07_29.json","07",11652
145.441633,-14.693595,2326,3.55,2021-11-26 07:20:00,0.0563674373663675,6267.773063095,"moving",29,-14.69295,145.44156,"run_day_11652_liz21_del_07_29.json","07",11652
145.441778,-14.694105,2326,3.55,2021-11-26 07:32:00,0.0588148894302011,6539.91731579905,"moving",29,-14.69295,145.44156,"run_day_11652_liz21_del_07_29.json","07",11652
145.441935,-14.694595,2326,3.55,2021-11-26 07:44:00,0.057042343593846,6342.81921155142,"moving",29,-14.69295,145.44156,"run_day_11652_liz21_del_07_29.json","07",11652
145.44153,-14.69337,2327,3.55,2021-11-26 07:52:00,0.0555949423560122,6181.87553708524,"moving",29,-14.69295,145.44156,"run_day_11652_liz21_del_07_29.json","07",11652
145.441648,-14.693882,2327,3.55,2021-11-26 08:04:00,0.0583293600769099,6485.92891497604,"moving",29,-14.69295,145.44156,"run_day_11652_liz21_del_07_29.json","07",11652
145.441797,-14.694386,2327,3.55,2021-11-26 08:16:00,0.0582886864827086,6481.40621765246,"moving",29,-14.69295,145.44156,"run_day_11652_liz21_del_07_29.json","07",11652
145.441743,-14.693392,2328,3.55,2021-11-26 07:36:00,0.0499143734323495,5550.22509231922,"moving",29,-14.69295,145.44156,"run_day_11652_liz21_del_07_29.json","07",11652
145.441833,-14.693821,2328,3.55,2021-11-26 07:48:00,0.0486749183220501,5412.40397225025,"moving",29,-14.69295,145.44156,"run_day_11652_liz21_del_07_29.json","07",11652
145.441949,-14.694233,2328,3.55,2021-11-26 08:00:00,0.0474809126927285,5279.63660388465,"moving",29,-14.69295,145.44156,"run_day_11652_liz21_del_07_29.json","07",11652
145.442079,-14.694647,2328,3.55,2021-11-26 08:12:00,0.048111381306136,5349.74151510419,"moving",29,-14.69295,145.44156,"run_day_11652_liz21_del_07_29.json","07",11652
145.441646,-14.693294,2329,3.55,2021-11-26 07:39:00,0.0516582338809369,5744.13352697824,"moving",29,-14.69295,145.44156,"run_day_11652_liz21_del_07_29.json","07",11652
145.441744,-14.693783,2329,3.55,2021-11-26 07:51:00,0.0553865825451271,6158.7069831982,"moving",29,-14.69295,145.44156,"run_day_11652_liz21_del_07_29.json","07",11652
145.441872,-14.694244,2329,3.55,2021-11-26 08:03:00,0.0530774774126887,5901.94620738215,"moving",29,-14.69295,145.44156,"run_day_11652_liz21_del_07_29.json","07",11652
145.442017,-14.694684,2329,3.55,2021-11-26 08:15:00,0.0513513692398968,5710.01173572798,"moving",29,-14.69295,145.44156,"run_day_11652_liz21_del_07_29.json","07",11652
145.441494,-14.693546,2330,3.55,2021-11-26 07:45:00,0.058299843387467,6482.64680885866,"moving",29,-14.69295,145.44156,"run_day_11652_liz21_del_07_29.json","07",11652
145.441639,-14.694079,2330,3.55,2021-11-26 07:57:00,0.0612845720865611,6814.53349760834,"moving",29,-14.69295,145.44156,"run_day_11652_liz21_del_07_29.json","07",11652
145.441814,-14.694601,2330,3.55,2021-11-26 08:09:00,0.0610194200154808,6785.0499325149,"moving",29,-14.69295,145.44156,"run_day_11652_liz21_del_07_29.json","07",11652
145.441604,-14.693382,2331,3.55,2021-11-26 07:18:00,0.0545840635046751,6069.47093736428,"moving",29,-14.69295,145.44156,"run_day_11652_liz21_del_07_29.json","07",11652
145.441728,-14.693885,2331,3.55,2021-11-26 07:30:00,0.057499253562076,6393.62528195193,"moving",29,-14.69295,145.44156,"run_day_11652_liz21_del_07_29.json","07",11652
145.441877,-14.694376,2331,3.55,2021-11-26 07:42:00,0.0569002513881318,6327.01927916026,"moving",29,-14.69295,145.44156,"run_day_11652_liz21_del_07_29.json","07",11652
145.441751,-14.693285,2332,3.55,2021-11-26 07:21:00,0.0488198797797327,5428.52295090355,"moving",29,-14.69295,145.44156,"run_day_11652_liz21_del_07_29.json","07",11652
145.441832,-14.693692,2332,3.55,2021-11-26 07:33:00,0.0460872968622038,5124.67359383875,"moving",29,-14.69295,145.44156,"run_day_11652_liz21_del_07_29.json","07",11652
145.441943,-14.694094,2332,3.55,2021-11-26 07:45:00,0.0462672799709728,5144.68680241558,"moving",29,-14.69295,145.44156,"run_day_11652_liz21_del_07_29.json","07",11652
145.442062,-14.694507,2332,3.55,2021-11-26 07:57:00,0.0476738208936858,5301.08701713922,"moving",29,-14.69295,145.44156,"run_day_11652_liz21_del_07_29.json","07",11652
145.441466,-14.693416,2333,3.55,2021-11-26 07:22:00,0.0578670847721765,6434.52624637662,"moving",29,-14.69295,145.44156,"run_day_11652_liz21_del_07_29.json","07",11652
145.441612,-14.693942,2333,3.55,2021-11-26 07:34:00,0.0605599616294857,6733.96049098796,"moving",29,-14.69295,145.44156,"run_day_11652_liz21_del_07_29.json","07",11652
145.441786,-14.694476,2333,3.55,2021-11-26 07:46:00,0.0622576349428928,6922.73315053868,"moving",29,-14.69295,145.44156,"run_day_11652_liz21_del_07_29.json","07",11652
145.441761,-14.693216,2334,3.55,2021-11-26 07:46:00,0.0464802997629375,5168.37352255693,"moving",29,-14.69295,145.44156,"run_day_11652_liz21_del_07_29.json","07",11652
145.441828,-14.693608,2334,3.55,2021-11-26 07:58:00,0.0441801096303727,4912.60404949786,"moving",29,-14.69295,145.44156,"run_day_11652_liz21_del_07_29.json","07",11652
145.441916,-14.693982,2334,3.55,2021-11-26 08:10:00,0.0426504301862556,4742.51145591957,"moving",29,-14.69295,145.44156,"run_day_11652_liz21_del_07_29.json","07",11652
145.442021,-14.694354,2334,3.55,2021-11-26 08:22:00,0.042878530935174,4767.87510196312,"moving",29,-14.69295,145.44156,"run_day_11652_liz21_del_07_29.json","07",11652
145.441569,-14.693259,2335,3.55,2021-11-26 07:22:00,0.0534397227022029,5942.22604577702,"moving",29,-14.69295,145.44156,"run_day_11652_liz21_del_07_29.json","07",11652
145.441682,-14.693757,2335,3.55,2021-11-26 07:34:00,0.0566932188433033,6303.99831052503,"moving",29,-14.69295,145.44156,"run_day_11652_liz21_del_07_29.json","07",11652
145.441829,-14.694258,2335,3.55,2021-11-26 07:46:00,0.0579089298604504,6439.17920789768,"moving",29,-14.69295,145.44156,"run_day_11652_liz21_del_07_29.json","07",11652
145.441535,-14.693258,2336,3.55,2021-11-26 07:23:00,0.0541048990746095,6016.19028371246,"moving",29,-14.69295,145.44156,"run_day_11652_liz21_del_07_29.json","07",11652
145.441654,-14.693761,2336,3.55,2021-11-26 07:35:00,0.0573768964162102,6380.01978809294,"moving",29,-14.69295,145.44156,"run_day_11652_liz21_del_07_29.json","07",11652
145.441805,-14.694274,2336,3.55,2021-11-26 07:47:00,0.0593100586089417,6594.97761630576,"moving",29,-14.69295,145.44156,"run_day_11652_liz21_del_07_29.json","07",11652
145.441641,-14.693668,2337,3.55,2021-11-26 07:50:00,0.056449515796148,6276.89976807354,"moving",29,-14.69295,145.44156,"run_day_11652_liz21_del_07_29.json","07",11652
145.441776,-14.694177,2337,3.55,2021-11-26 08:02:00,0.0584311495870283,6497.24739208685,"moving",29,-14.69295,145.44156,"run_day_11652_liz21_del_07_29.json","07",11652
145.441933,-14.694648,2337,3.55,2021-11-26 08:14:00,0.0550278914007739,6118.8223477138,"moving",29,-14.69295,145.44156,"run_day_11652_liz21_del_07_29.json","07",11652
145.441594,-14.693193,2338,3.55,2021-11-26 07:14:00,0.0527305706682129,5863.37193737765,"moving",29,-14.69295,145.44156,"run_day_11652_liz21_del_07_29.json","07",11652
145.4417,-14.693682,2338,3.55,2021-11-26 07:26:00,0.0555567634050634,6177.63023143513,"moving",29,-14.69295,145.44156,"run_day_11652_liz21_del_07_29.json","07",11652
145.441839,-14.69417,2338,3.55,2021-11-26 07:38:00,0.0562850515011101,6258.61217285114,"moving",29,-14.69295,145.44156,"run_day_11652_liz21_del_07_29.json","07",11652
145.441991,-14.69464,2338,3.55,2021-11-26 07:50:00,0.0547591120225633,6088.9354444701,"moving",29,-14.69295,145.44156,"run_day_11652_liz21_del_07_29.json","07",11652
145.441524,-14.693244,2339,3.55,2021-11-26 07:50:00,0.0540896207846704,6014.49141538343,"moving",29,-14.69295,145.44156,"run_day_11652_liz21_del_07_29.json","07",11652
145.441634,-14.693748,2339,3.55,2021-11-26 08:02:00,0.0572775329218053,6368.97107162144,"moving",29,-14.69295,145.44156,"run_day_11652_liz21_del_07_29.json","07",11652
145.441771,-14.694253,2339,3.55,2021-11-26 08:14:00,0.0580546540302548,6455.38299626942,"moving",29,-14.69295,145.44156,"run_day_11652_liz21_del_07_29.json","07",11652
145.441604,-14.693467,2340,3.55,2021-11-26 07:13:00,0.0560651725146267,6234.16274507844,"moving",29,-14.69295,145.44156,"run_day_11652_liz21_del_07_29.json","07",11652
145.441741,-14.69398,2340,3.55,2021-11-26 07:25:00,0.0589155188358378,6551.1067951771,"moving",29,-14.69295,145.44156,"run_day_11652_liz21_del_07_29.json","07",11652
145.441895,-14.694474,2340,3.55,2021-11-26 07:37:00,0.057373352470769,6379.62571933957,"moving",29,-14.69295,145.44156,"run_day_11652_liz21_del_07_29.json","07",11652
145.441564,-14.693243,2341,3.55,2021-11-26 07:40:00,0.0529944588235692,5892.71496145487,"moving",29,-14.69295,145.44156,"run_day_11652_liz21_del_07_29.json","07",11652
145.441671,-14.693742,2341,3.55,2021-11-26 07:52:00,0.0566672520423166,6301.11093399411,"moving",29,-14.69295,145.44156,"run_day_11652_liz21_del_07_29.json","07",11652
145.441807,-14.694242,2341,3.55,2021-11-26 08:04:00,0.0574895984540972,6392.55168292848,"moving",29,-14.69295,145.44156,"run_day_11652_liz21_del_07_29.json","07",11652
145.441965,-14.694704,2341,3.55,2021-11-26 08:16:00,0.0541099777831867,6016.75501034015,"moving",29,-14.69295,145.44156,"run_day_11652_liz21_del_07_29.json","07",11652
145.441491,-14.693517,2342,3.55,2021-11-26 07:30:00,0.0578659075091758,6434.39534070362,"moving",29,-14.69295,145.44156,"run_day_11652_liz21_del_07_29.json","07",11652
145.441641,-14.694049,2342,3.55,2021-11-26 07:42:00,0.0613163503519385,6818.06707949587,"moving",29,-14.69295,145.44156,"run_day_11652_liz21_del_07_29.json","07",11652
145.441819,-14.694579,2342,3.55,2021-11-26 07:54:00,0.0619651437824172,6890.20961740541,"moving",29,-14.69295,145.44156,"run_day_11652_liz21_del_07_29.json","07",11652
145.441761,-14.69318,2343,3.55,2021-11-26 07:14:00,0.0473210610353639,5261.86191056997,"moving",29,-14.69295,145.44156,"run_day_11652_liz21_del_07_29.json","07",11652
145.441833,-14.693565,2343,3.55,2021-11-26 07:26:00,0.0435048612952797,4837.51986041033,"moving",29,-14.69295,145.44156,"run_day_11652_liz21_del_07_29.json","07",11652
145.441932,-14.693945,2343,3.55,2021-11-26 07:38:00,0.0435751349877103,4845.3339384852,"moving",29,-14.69295,145.44156,"run_day_11652_liz21_del_07_29.json","07",11652
145.442042,-14.694339,2343,3.55,2021-11-26 07:50:00,0.0453802626583506,5046.05497740611,"moving",29,-14.69295,145.44156,"run_day_11652_liz21_del_07_29.json","07",11652
145.44172,-14.693544,2344,3.55,2021-11-26 07:35:00,0.0530217236798951,5895.746675154,"moving",29,-14.69295,145.44156,"run_day_11652_liz21_del_07_29.json","07",11652
145.441835,-14.694006,2344,3.55,2021-11-26 07:47:00,0.0528401879200949,5875.56081965965,"moving",29,-14.69295,145.44156,"run_day_11652_liz21_del_07_29.json","07",11652
145.441968,-14.69445,2344,3.55,2021-11-26 07:59:00,0.0514012695878261,5715.56040125551,"moving",29,-14.69295,145.44156,"run_day_11652_liz21_del_07_29.json","07",11652
145.441551,-14.693288,2345,3.55,2021-11-26 07:46:00,0.0540416891182865,6009.16165725592,"moving",29,-14.69295,145.44156,"run_day_11652_liz21_del_07_29.json","07",11652
145.441661,-14.693793,2345,3.55,2021-11-26 07:58:00,0.0573863338356588,6381.06918125624,"moving",29,-14.69295,145.44156,"run_day_11652_liz21_del_07_29.json","07",11652
145.441801,-14.694294,2345,3.55,2021-11-26 08:10:00,0.0577079060749264,6416.82638281252,"moving",29,-14.69295,145.44156,"run_day_11652_liz21_del_07_29.json","07",11652
145.441664,-14.69334,2346,3.55,2021-11-26 07:25:00,0.0519849875750419,5780.46688002508,"moving",29,-14.69295,145.44156,"run_day_11652_liz21_del_07_29.json","07",11652
145.441769,-14.693823,2346,3.55,2021-11-26 07:37:00,0.0548817283147497,6102.5697540852,"moving",29,-14.69295,145.44156,"run_day_11652_liz21_del_07_29.json","07",11652
145.441903,-14.694282,2346,3.55,2021-11-26 07:49:00,0.0530344633842872,5897.16326564935,"moving",29,-14.69295,145.44156,"run_day_11652_liz21_del_07_29.json","07",11652
145.441764,-14.693487,2347,3.55,2021-11-26 07:12:00,0.0511562884144394,5688.31973765148,"moving",29,-14.69295,145.44156,"run_day_11652_liz21_del_07_29.json","07",11652
145.441872,-14.693911,2347,3.55,2021-11-26 07:24:00,0.0485566166240876,5399.24942362338,"moving",29,-14.69295,145.44156,"run_day_11652_liz21_del_07_29.json","07",11652
145.441995,-14.694339,2347,3.55,2021-11-26 07:36:00,0.0493960303213398,5492.58796811377,"moving",29,-14.69295,145.44156,"run_day_11652_liz21_del_07_29.json","07",11652
145.441534,-14.693333,2348,3.55,2021-11-26 07:52:00,0.0549806816118224,6113.57285869443,"moving",29,-14.69295,145.44156,"run_day_11652_liz21_del_07_29.json","07",11652
145.441648,-14.693842,2348,3.55,2021-11-26 08:04:00,0.0579111954378397,6439.43112860929,"moving",29,-14.69295,145.44156,"run_day_11652_liz21_del_07_29.json","07",11652
145.441792,-14.694344,2348,3.55,2021-11-26 08:16:00,0.0579287997293494,6441.38863651234,"moving",29,-14.69295,145.44156,"run_day_11652_liz21_del_07_29.json","07",11652
145.441559,-14.693305,2349,3.55,2021-11-26 07:13:00,0.0550782289153622,6124.41962395591,"moving",29,-14.69295,145.44156,"run_day_11652_liz21_del_07_29.json","07",11652
145.441682,-14.693812,2349,3.55,2021-11-26 07:25:00,0.057907327719156,6439.00105791397,"moving",29,-14.69295,145.44156,"run_day_11652_liz21_del_07_29.json","07",11652
145.441836,-14.694318,2349,3.55,2021-11-26 07:37:00,0.0586521416595574,6521.82058938076,"moving",29,-14.69295,145.44156,"run_day_11652_liz21_del_07_29.json","07",11652
145.441564,-14.693598,2350,3.55,2021-11-26 07:46:00,0.0572685110051804,6367.96788026414,"moving",29,-14.69295,145.44156,"run_day_11652_liz21_del_07_29.json","07",11652
145.441705,-14.694124,2350,3.55,2021-11-26 07:58:00,0.0604227385542477,6718.70198120293,"moving",29,-14.69295,145.44156,"run_day_11652_liz21_del_07_29.json","07",11652
145.441873,-14.694625,2350,3.55,2021-11-26 08:10:00,0.058565949790332,6512.23649080488,"moving",29,-14.69295,145.44156,"run_day_11652_liz21_del_07_29.json","07",11652
145.441465,-14.693444,2351,3.55,2021-11-26 07:19:00,0.0584320598440938,6497.34860805448,"moving",29,-14.69295,145.44156,"run_day_11652_liz21_del_07_29.json","07",11652
145.441615,-14.693972,2351,3.55,2021-11-26 07:31:00,0.0608873576174671,6770.36526385526,"moving",29,-14.69295,145.44156,"run_day_11652_liz21_del_07_29.json","07",11652
145.441791,-14.694507,2351,3.55,2021-11-26 07:43:00,0.0624285878573032,6941.74224731622,"moving",29,-14.69295,145.44156,"run_day_11652_liz21_del_07_29.json","07",11652
145.441698,-14.693614,2352,3.55,2021-11-26 08:07:00,0.0538591125719917,5988.86007158364,"moving",29,-14.69295,145.44156,"run_day_11652_liz21_del_07_29.json","07",11652
145.441807,-14.694079,2352,3.55,2021-11-26 08:19:00,0.0530181295430227,5895.34702536813,"moving",29,-14.69295,145.44156,"run_day_11652_liz21_del_07_29.json","07",11652
145.441942,-14.694513,2352,3.55,2021-11-26 08:31:00,0.0503957594985199,5603.75278063474,"moving",29,-14.69295,145.44156,"run_day_11652_liz21_del_07_29.json","07",11652
145.441678,-14.693457,2353,3.55,2021-11-26 08:00:00,0.0528930071698031,5881.43405225638,"moving",29,-14.69295,145.44156,"run_day_11652_liz21_del_07_29.json","07",11652
145.441778,-14.693933,2353,3.55,2021-11-26 08:12:00,0.0540105945393793,6005.70409783528,"moving",29,-14.69295,145.44156,"run_day_11652_liz21_del_07_29.json","07",11652
145.441905,-14.694371,2353,3.55,2021-11-26 08:24:00,0.0505827190103267,5624.54172983561,"moving",29,-14.69295,145.44156,"run_day_11652_liz21_del_07_29.json","07",11652
145.44172,-14.693515,2354,3.55,2021-11-26 07:46:00,0.0527267038271109,5862.94196426497,"moving",29,-14.69295,145.44156,"run_day_11652_liz21_del_07_29.json","07",11652
145.441826,-14.693972,2354,3.55,2021-11-26 07:58:00,0.0520793735738011,5790.96212423338,"moving",29,-14.69295,145.44156,"run_day_11652_liz21_del_07_29.json","07",11652
145.441953,-14.694404,2354,3.55,2021-11-26 08:10:00,0.0499406617289886,5553.1482175356,"moving",29,-14.69295,145.44156,"run_day_11652_liz21_del_07_29.json","07",11652
145.441699,-14.693614,2355,3.55,2021-11-26 07:29:00,0.0545555487049972,6066.30023630582,"moving",29,-14.69295,145.44156,"run_day_11652_liz21_del_07_29.json","07",11652
145.44183,-14.694097,2355,3.55,2021-11-26 07:41:00,0.055524677893693,6174.06248535195,"moving",29,-14.69295,145.44156,"run_day_11652_liz21_del_07_29.json","07",11652
145.441975,-14.694561,2355,3.55,2021-11-26 07:53:00,0.053900088407021,5993.41637655393,"moving",29,-14.69295,145.44156,"run_day_11652_liz21_del_07_29.json","07",11652
145.441676,-14.693337,2356,3.55,2021-11-26 08:03:00,0.0514517868775511,5721.17766758076,"moving",29,-14.69295,145.44156,"run_day_11652_liz21_del_07_29.json","07",11652
145.441764,-14.693804,2356,3.55,2021-11-26 08:15:00,0.0527836081663788,5869.26943809562,"moving",29,-14.69295,145.44156,"run_day_11652_liz21_del_07_29.json","07",11652
145.441878,-14.694235,2356,3.55,2021-11-26 08:27:00,0.049468723733751,5500.67110677438,"moving",29,-14.69295,145.44156,"run_day_11652_liz21_del_07_29.json","07",11652
145.442014,-14.694653,2356,3.55,2021-11-26 08:39:00,0.0487269649855598,5418.19129718131,"moving",29,-14.69295,145.44156,"run_day_11652_liz21_del_07_29.json","07",11652
145.441643,-14.693351,2357,3.55,2021-11-26 07:56:00,0.0525757485763681,5846.15650623202,"moving",29,-14.69295,145.44156,"run_day_11652_liz21_del_07_29.json","07",11652
145.44174,-14.693838,2357,3.55,2021-11-26 08:08:00,0.0551478232926276,6132.15816563082,"moving",29,-14.69295,145.44156,"run_day_11652_liz21_del_07_29.json","07",11652
145.441865,-14.694291,2357,3.55,2021-11-26 08:20:00,0.052134729124281,5797.11738060836,"moving",29,-14.69295,145.44156,"run_day_11652_liz21_del_07_29.json","07",11652
145.441597,-14.69337,2358,3.55,2021-11-26 08:01:00,0.0538361081980368,5986.30210190922,"moving",29,-14.69295,145.44156,"run_day_11652_liz21_del_07_29.json","07",11652
145.4417,-14.693864,2358,3.55,2021-11-26 08:13:00,0.0560363336930319,6230.95601442669,"moving",29,-14.69295,145.44156,"run_day_11652_liz21_del_07_29.json","07",11652
145.441834,-14.694339,2358,3.55,2021-11-26 08:25:00,0.0547487578626936,6087.78411442292,"moving",29,-14.69295,145.44156,"run_day_11652_liz21_del_07_29.json","07",11652
145.441616,-14.693262,2359,3.55,2021-11-26 07:28:00,0.0520096944151241,5783.21415529564,"moving",29,-14.69295,145.44156,"run_day_11652_liz21_del_07_29.json","07",11652
145.44172,-14.693754,2359,3.55,2021-11-26 07:40:00,0.055839798888163,6209.1023412162,"moving",29,-14.69295,145.44156,"run_day_11652_liz21_del_07_29.json","07",11652
145.441856,-14.694232,2359,3.55,2021-11-26 07:52:00,0.0551273380245836,6129.88030775337,"moving",29,-14.69295,145.44156,"run_day_11652_liz21_del_07_29.json","07",11652
145.442008,-14.69469,2359,3.55,2021-11-26 08:04:00,0.0534871128138962,5947.49558577043,"moving",29,-14.69295,145.44156,"run_day_11652_liz21_del_07_29.json","07",11652
145.441537,-14.693573,2360,3.55,2021-11-26 08:06:00,0.0572208169857184,6362.66454726868,"moving",29,-14.69295,145.44156,"run_day_11652_liz21_del_07_29.json","07",11652
145.441666,-14.694086,2360,3.55,2021-11-26 08:18:00,0.0587062157361374,6527.83335235943,"moving",29,-14.69295,145.44156,"run_day_11652_liz21_del_07_29.json","07",11652
145.441829,-14.694581,2360,3.55,2021-11-26 08:30:00,0.0577662116927254,6423.30967170665,"moving",29,-14.69295,145.44156,"run_day_11652_liz21_del_07_29.json","07",11652
145.441696,-14.693498,2361,3.55,2021-11-26 08:07:00,0.0526171968681042,5850.76534599115,"moving",29,-14.69295,145.44156,"run_day_11652_liz21_del_07_29.json","07",11652
145.441793,-14.693959,2361,3.55,2021-11-26 08:19:00,0.0523118220412303,5816.80921451782,"moving",29,-14.69295,145.44156,"run_day_11652_liz21_del_07_29.json","07",11652
145.441918,-14.694387,2361,3.55,2021-11-26 08:31:00,0.0494540780512321,5499.04258118104,"moving",29,-14.69295,145.44156,"run_day_11652_liz21_del_07_29.json","07",11652
145.441682,-14.693585,2362,3.55,2021-11-26 07:30:00,0.0544678910731869,6056.55315236684,"moving",29,-14.69295,145.44156,"run_day_11652_liz21_del_07_29.json","07",11652
145.441813,-14.694075,2362,3.55,2021-11-26 07:42:00,0.0562779106631253,6257.81814789525,"moving",29,-14.69295,145.44156,"run_day_11652_liz21_del_07_29.json","07",11652
145.441958,-14.694543,2362,3.55,2021-11-26 07:54:00,0.0543259949643033,6040.77502494837,"moving",29,-14.69295,145.44156,"run_day_11652_liz21_del_07_29.json","07",11652
145.441592,-14.693354,2363,3.55,2021-11-26 07:20:00,0.054282373999033,6035.92459491498,"moving",29,-14.69295,145.44156,"run_day_11652_liz21_del_07_29.json","07",11652
145.441713,-14.693857,2363,3.55,2021-11-26 07:32:00,0.0574252655927539,6385.39819513057,"moving",29,-14.69295,145.44156,"run_day_11652_liz21_del_07_29.json","07",11652
145.441863,-14.694352,2363,3.55,2021-11-26 07:44:00,0.0573573236286491,6377.84339341585,"moving",29,-14.69295,145.44156,"run_day_11652_liz21_del_07_29.json","07",11652
145.441721,-14.693145,2364,3.55,2021-11-26 07:45:00,0.047978075366624,5334.91857093887,"moving",29,-14.69295,145.44156,"run_day_11652_liz21_del_07_29.json","07",11652
145.441792,-14.693568,2364,3.55,2021-11-26 07:57:00,0.0476513635474467,5298.58987417154,"moving",29,-14.69295,145.44156,"run_day_11652_liz21_del_07_29.json","07",11652
145.441883,-14.693966,2364,3.55,2021-11-26 08:09:00,0.0453250221028362,5039.91250788788,"moving",29,-14.69295,145.44156,"run_day_11652_liz21_del_07_29.json","07",11652
145.441993,-14.694354,2364,3.55,2021-11-26 08:21:00,0.0447365048412081,4974.47237415208,"moving",29,-14.69295,145.44156,"run_day_11652_liz21_del_07_29.json","07",11652
145.441595,-14.693281,2365,3.55,2021-11-26 07:15:00,0.0538010610686103,5982.40503892355,"moving",29,-14.69295,145.44156,"run_day_11652_liz21_del_07_29.json","07",11652
145.441709,-14.693778,2365,3.55,2021-11-26 07:27:00,0.0566078145301459,6294.50178418836,"moving",29,-14.69295,145.44156,"run_day_11652_liz21_del_07_29.json","07",11652
145.441855,-14.694269,2365,3.55,2021-11-26 07:39:00,0.0568102147466307,6317.00766141323,"moving",29,-14.69295,145.44156,"run_day_11652_liz21_del_07_29.json","07",11652
145.441562,-14.693402,2366,3.55,2021-11-26 08:02:00,0.0549718795236644,6112.59411114738,"moving",29,-14.69295,145.44156,"run_day_11652_liz21_del_07_29.json","07",11652
145.441673,-14.693903,2366,3.55,2021-11-26 08:14:00,0.0569736244570882,6335.17799218056,"moving",29,-14.69295,145.44156,"run_day_11652_liz21_del_07_29.json","07",11652
145.441816,-14.694391,2366,3.55,2021-11-26 08:26:00,0.0564008521771662,6271.48862053059,"moving",29,-14.69295,145.44156,"run_day_11652_liz21_del_07_29.json","07",11652
145.441661,-14.693254,2367,3.55,2021-11-26 07:25:00,0.0510703652533014,5678.76551805167,"moving",29,-14.69295,145.44156,"run_day_11652_liz21_del_07_29.json","07",11652
145.441757,-14.69373,2367,3.55,2021-11-26 07:37:00,0.0539265665406896,5996.3606106849,"moving",29,-14.69295,145.44156,"run_day_11652_liz21_del_07_29.json","07",11652
145.441885,-14.694185,2367,3.55,2021-11-26 07:49:00,0.0524334287317116,5830.33126154537,"moving",29,-14.69295,145.44156,"run_day_11652_liz21_del_07_29.json","07",11652
145.442027,-14.69463,2367,3.55,2021-11-26 08:01:00,0.0517852744828021,5758.25979738352,"moving",29,-14.69295,145.44156,"run_day_11652_liz21_del_07_29.json","07",11652
145.4415,-14.693493,2368,3.55,2021-11-26 07:52:00,0.0576324240780892,6408.43316771123,"moving",29,-14.69295,145.44156,"run_day_11652_liz21_del_07_29.json","07",11652
145.441634,-14.694019,2368,3.55,2021-11-26 08:04:00,0.0602381741229,6698.17935279802,"moving",29,-14.69295,145.44156,"run_day_11652_liz21_del_07_29.json","07",11652
145.4418,-14.694532,2368,3.55,2021-11-26 08:16:00,0.0597719984298083,6646.34298080121,"moving",29,-14.69295,145.44156,"run_day_11652_liz21_del_07_29.json","07",11652
145.441682,-14.693278,2369,3.55,2021-11-26 07:49:00,0.0506866018094438,5636.09297006306,"moving",29,-14.69295,145.44156,"run_day_11652_liz21_del_07_29.json","07",11652
145.441768,-14.693747,2369,3.55,2021-11-26 08:01:00,0.0529644161670519,5889.37437046721,"moving",29,-14.69295,145.44156,"run_day_11652_liz21_del_07_29.json","07",11652
145.441881,-14.694179,2369,3.55,2021-11-26 08:13:00,0.0495499646288599,5509.70468214655,"moving",29,-14.69295,145.44156,"run_day_11652_liz21_del_07_29.json","07",11652
145.442014,-14.694599,2369,3.55,2021-11-26 08:25:00,0.0488436674094124,5431.16801464084,"moving",29,-14.69295,145.44156,"run_day_11652_liz21_del_07_29.json","07",11652
145.44178,-14.693251,2370,3.55,2021-11-26 07:14:00,0.0465171219271863,5172.46796040948,"moving",29,-14.69295,145.44156,"run_day_11652_liz21_del_07_29.json","07",11652
145.441853,-14.693626,2370,3.55,2021-11-26 07:26:00,0.042430904203605,4718.10128038216,"moving",29,-14.69295,145.44156,"run_day_11652_liz21_del_07_29.json","07",11652
145.441956,-14.694003,2370,3.55,2021-11-26 07:38:00,0.0433596651082672,4821.3747810464,"moving",29,-14.69295,145.44156,"run_day_11652_liz21_del_07_29.json","07",11652
145.442065,-14.6944,2370,3.55,2021-11-26 07:50:00,0.045674666044835,5078.79114037015,"moving",29,-14.69295,145.44156,"run_day_11652_liz21_del_07_29.json","07",11652
145.44175,-14.693328,2371,3.55,2021-11-26 07:19:00,0.0496049550731992,5515.81934057102,"moving",29,-14.69295,145.44156,"run_day_11652_liz21_del_07_29.json","07",11652
145.441837,-14.693741,2371,3.55,2021-11-26 07:31:00,0.0468671813154901,5211.39278841315,"moving",29,-14.69295,145.44156,"run_day_11652_liz21_del_07_29.json","07",11652
145.441953,-14.694151,2371,3.55,2021-11-26 07:43:00,0.0472663755451453,5255.7811614966,"moving",29,-14.69295,145.44156,"run_day_11652_liz21_del_07_29.json","07",11652
145.442078,-14.694573,2371,3.55,2021-11-26 07:55:00,0.0488123707007624,5427.68797941829,"moving",29,-14.69295,145.44156,"run_day_11652_liz21_del_07_29.json","07",11652
145.441678,-14.693497,2372,3.55,2021-11-26 07:22:00,0.0539892821140509,6003.33426426427,"moving",29,-14.69295,145.44156,"run_day_11652_liz21_del_07_29.json","07",11652
145.441803,-14.693983,2372,3.55,2021-11-26 07:34:00,0.0556880906906732,6192.23315932494,"moving",29,-14.69295,145.44156,"run_day_11652_liz21_del_07_29.json","07",11652
145.441943,-14.69445,2372,3.55,2021-11-26 07:46:00,0.0540672529126997,6012.00422150045,"moving",29,-14.69295,145.44156,"run_day_11652_liz21_del_07_29.json","07",11652
145.441643,-14.693258,2373,3.55,2021-11-26 07:35:00,0.0512226990306801,5695.70426125278,"moving",29,-14.69295,145.44156,"run_day_11652_liz21_del_07_29.json","07",11652
145.441739,-14.693744,2373,3.55,2021-11-26 07:47:00,0.0550183537449775,6117.76180877716,"moving",29,-14.69295,145.44156,"run_day_11652_liz21_del_07_29.json","07",11652
145.441867,-14.694207,2373,3.55,2021-11-26 07:59:00,0.0532922876453138,5925.83201544139,"moving",29,-14.69295,145.44156,"run_day_11652_liz21_del_07_29.json","07",11652
145.442011,-14.694651,2373,3.55,2021-11-26 08:11:00,0.0517430192903553,5753.56123435904,"moving",29,-14.69295,145.44156,"run_day_11652_liz21_del_07_29.json","07",11652
145.441629,-14.693633,2374,3.55,2021-11-26 08:09:00,0.0555579421430918,6177.76130112373,"moving",29,-14.69295,145.44156,"run_day_11652_liz21_del_07_29.json","07",11652
145.441751,-14.694129,2374,3.55,2021-11-26 08:21:00,0.0566922241928218,6303.88771043769,"moving",29,-14.69295,145.44156,"run_day_11652_liz21_del_07_29.json","07",11652
145.441901,-14.694591,2374,3.55,2021-11-26 08:33:00,0.0538459342643245,5987.3947106293,"moving",29,-14.69295,145.44156,"run_day_11652_liz21_del_07_29.json","07",11652
145.441651,-14.693256,2375,3.55,2021-11-26 07:16:00,0.0520285884439193,5785.31507544154,"moving",29,-14.69295,145.44156,"run_day_11652_liz21_del_07_29.json","07",11652
145.441752,-14.693737,2375,3.55,2021-11-26 07:28:00,0.0545768549654576,6068.66938437478,"moving",29,-14.69295,145.44156,"run_day_11652_liz21_del_07_29.json","07",11652
145.441885,-14.694199,2375,3.55,2021-11-26 07:40:00,0.0533266180969297,5929.64938749049,"moving",29,-14.69295,145.44156,"run_day_11652_liz21_del_07_29.json","07",11652
145.44203,-14.694654,2375,3.55,2021-11-26 07:52:00,0.0529429323983166,5886.98548437864,"moving",29,-14.69295,145.44156,"run_day_11652_liz21_del_07_29.json","07",11652
145.441673,-14.693501,2376,3.55,2021-11-26 07:39:00,0.0537083104292169,5972.09163837996,"moving",29,-14.69295,145.44156,"run_day_11652_liz21_del_07_29.json","07",11652
145.44179,-14.69399,2376,3.55,2021-11-26 07:51:00,0.0558115745589532,6205.96393900012,"moving",29,-14.69295,145.44156,"run_day_11652_liz21_del_07_29.json","07",11652
145.441929,-14.694451,2376,3.55,2021-11-26 08:03:00,0.0533965884768828,5937.42973875668,"moving",29,-14.69295,145.44156,"run_day_11652_liz21_del_07_29.json","07",11652
145.441653,-14.693224,2377,3.55,2021-11-26 07:31:00,0.0505257551996909,5618.20764309056,"moving",29,-14.69295,145.44156,"run_day_11652_liz21_del_07_29.json","07",11652
145.441746,-14.693702,2377,3.55,2021-11-26 07:43:00,0.0540842508366435,6013.89430440649,"moving",29,-14.69295,145.44156,"run_day_11652_liz21_del_07_29.json","07",11652
145.44187,-14.694159,2377,3.55,2021-11-26 07:55:00,0.0525371837029315,5841.86828795918,"moving",29,-14.69295,145.44156,"run_day_11652_liz21_del_07_29.json","07",11652
145.44201,-14.694601,2377,3.55,2021-11-26 08:07:00,0.0514031955671085,5715.77456038054,"moving",29,-14.69295,145.44156,"run_day_11652_liz21_del_07_29.json","07",11652
145.44151,-14.693543,2378,3.55,2021-11-26 08:00:00,0.057907331441098,6439.00147177505,"moving",29,-14.69295,145.44156,"run_day_11652_liz21_del_07_29.json","07",11652
145.441642,-14.694063,2378,3.55,2021-11-26 08:12:00,0.0595389327647807,6620.42726127511,"moving",29,-14.69295,145.44156,"run_day_11652_liz21_del_07_29.json","07",11652
145.441808,-14.694569,2378,3.55,2021-11-26 08:24:00,0.0590296285154261,6563.79521262836,"moving",29,-14.69295,145.44156,"run_day_11652_liz21_del_07_29.json","07",11652
145.441688,-14.693391,2379,3.55,2021-11-26 07:52:00,0.0520180507916985,5784.14334197584,"moving",29,-14.69295,145.44156,"run_day_11652_liz21_del_07_29.json","07",11652
145.441782,-14.693862,2379,3.55,2021-11-26 08:04:00,0.05333979081012,5931.1141263674,"moving",29,-14.69295,145.44156,"run_day_11652_liz21_del_07_29.json","07",11652
145.441903,-14.694295,2379,3.55,2021-11-26 08:16:00,0.0498753515456591,5545.88605649114,"moving",29,-14.69295,145.44156,"run_day_11652_liz21_del_07_29.json","07",11652
145.441684,-14.693417,2380,3.55,2021-11-26 08:05:00,0.0520887622821564,5792.00610097024,"moving",29,-14.69295,145.44156,"run_day_11652_liz21_del_07_29.json","07",11652
145.441776,-14.693882,2380,3.55,2021-11-26 08:17:00,0.0526440090704385,5853.74672686289,"moving",29,-14.69295,145.44156,"run_day_11652_liz21_del_07_29.json","07",11652
145.441896,-14.694313,2380,3.55,2021-11-26 08:29:00,0.0496326209300827,5518.89564349773,"moving",29,-14.69295,145.44156,"run_day_11652_liz21_del_07_29.json","07",11652
145.44148,-14.69346,2381,3.55,2021-11-26 07:31:00,0.0574352529429335,6386.50873780117,"moving",29,-14.69295,145.44156,"run_day_11652_liz21_del_07_29.json","07",11652
145.441625,-14.69399,2381,3.55,2021-11-26 07:43:00,0.0609620306460209,6778.66852578763,"moving",29,-14.69295,145.44156,"run_day_11652_liz21_del_07_29.json","07",11652
145.441799,-14.694521,2381,3.55,2021-11-26 07:55:00,0.0619395591176063,6887.36473247854,"moving",29,-14.69295,145.44156,"run_day_11652_liz21_del_07_29.json","07",11652
145.441664,-14.69324,2382,3.55,2021-11-26 07:27:00,0.050613061634121,5627.91567566261,"moving",29,-14.69295,145.44156,"run_day_11652_liz21_del_07_29.json","07",11652
145.441758,-14.693714,2382,3.55,2021-11-26 07:39:00,0.053667366688411,5967.53890212449,"moving",29,-14.69295,145.44156,"run_day_11652_liz21_del_07_29.json","07",11652
145.441883,-14.694166,2382,3.55,2021-11-26 07:51:00,0.0520273051844304,5785.17238349681,"moving",29,-14.69295,145.44156,"run_day_11652_liz21_del_07_29.json","07",11652
145.442022,-14.694608,2382,3.55,2021-11-26 08:03:00,0.0513717901611019,5712.28243856338,"moving",29,-14.69295,145.44156,"run_day_11652_liz21_del_07_29.json","07",11652
145.441563,-14.693559,2383,3.55,2021-11-26 07:12:00,0.0581981547720341,6471.33955072501,"moving",29,-14.69295,145.44156,"run_day_11652_liz21_del_07_29.json","07",11652
145.441716,-14.694085,2383,3.55,2021-11-26 07:24:00,0.0607595433390893,6756.15296454692,"moving",29,-14.69295,145.44156,"run_day_11652_liz21_del_07_29.json","07",11652
145.441885,-14.694595,2383,3.55,2021-11-26 07:36:00,0.0595514241139037,6621.81623592452,"moving",29,-14.69295,145.44156,"run_day_11652_liz21_del_07_29.json","07",11652
145.441685,-14.69366,2384,3.55,2021-11-26 07:58:00,0.0553460472301167,6154.19966181911,"moving",29,-14.69295,145.44156,"run_day_11652_liz21_del_07_29.json","07",11652
145.441807,-14.694144,2384,3.55,2021-11-26 08:10:00,0.0553949812266782,6159.64087397719,"moving",29,-14.69295,145.44156,"run_day_11652_liz21_del_07_29.json","07",11652
145.441951,-14.694593,2384,3.55,2021-11-26 08:22:00,0.0522737680852511,5812.57780767418,"moving",29,-14.69295,145.44156,"run_day_11652_liz21_del_07_29.json","07",11652
145.441494,-14.693491,2385,3.55,2021-11-26 07:47:00,0.0577085528044002,6416.89829584892,"moving",29,-14.69295,145.44156,"run_day_11652_liz21_del_07_29.json","07",11652
145.441631,-14.69402,2385,3.55,2021-11-26 07:59:00,0.0606397237869234,6742.82963823325,"moving",29,-14.69295,145.44156,"run_day_11652_liz21_del_07_29.json","07",11652
145.441801,-14.69454,2385,3.55,2021-11-26 08:11:00,0.0606436023779189,6743.26091787449,"moving",29,-14.69295,145.44156,"run_day_11652_liz21_del_07_29.json","07",11652
145.441576,-14.69361,2386,3.55,2021-11-26 07:54:00,0.0572824583583488,6369.51875517658,"moving",29,-14.69295,145.44156,"run_day_11652_liz21_del_07_29.json","07",11652
145.441711,-14.69413,2386,3.55,2021-11-26 08:06:00,0.0596167005767231,6629.07464741935,"moving",29,-14.69295,145.44156,"run_day_11652_liz21_del_07_29.json","07",11652
145.441874,-14.69462,2386,3.55,2021-11-26 08:18:00,0.0572367090371908,6364.43166276638,"moving",29,-14.69295,145.44156,"run_day_11652_liz21_del_07_29.json","07",11652
145.441645,-14.693183,2387,3.55,2021-11-26 07:53:00,0.050419745762028,5606.41993144601,"moving",29,-14.69295,145.44156,"run_day_11652_liz21_del_07_29.json","07",11652
145.44173,-14.693658,2387,3.55,2021-11-26 08:05:00,0.0536030096466319,5960.38272558481,"moving",29,-14.69295,145.44156,"run_day_11652_liz21_del_07_29.json","07",11652
145.441839,-14.694105,2387,3.55,2021-11-26 08:17:00,0.0510680866597679,5678.51215001086,"moving",29,-14.69295,145.44156,"run_day_11652_liz21_del_07_29.json","07",11652
145.441971,-14.694531,2387,3.55,2021-11-26 08:29:00,0.0494509808788242,5498.69819132233,"moving",29,-14.69295,145.44156,"run_day_11652_liz21_del_07_29.json","07",11652
145.441668,-14.693295,2388,3.55,2021-11-26 07:45:00,0.0513134470758601,5705.79498347971,"moving",29,-14.69295,145.44156,"run_day_11652_liz21_del_07_29.json","07",11652
145.44176,-14.693774,2388,3.55,2021-11-26 07:57:00,0.0541737809059098,6023.84959389103,"moving",29,-14.69295,145.44156,"run_day_11652_liz21_del_07_29.json","07",11652
145.44188,-14.694219,2388,3.55,2021-11-26 08:09:00,0.051137394666297,5686.21884871274,"moving",29,-14.69295,145.44156,"run_day_11652_liz21_del_07_29.json","07",11652
145.442019,-14.694647,2388,3.55,2021-11-26 08:21:00,0.0498845007339765,5546.90339981496,"moving",29,-14.69295,145.44156,"run_day_11652_liz21_del_07_29.json","07",11652
145.441685,-14.693333,2389,3.55,2021-11-26 07:27:00,0.0513549136888679,5710.40586047132,"moving",29,-14.69295,145.44156,"run_day_11652_liz21_del_07_29.json","07",11652
145.441784,-14.693804,2389,3.55,2021-11-26 07:39:00,0.0534443378292021,5942.73922448515,"moving",29,-14.69295,145.44156,"run_day_11652_liz21_del_07_29.json","07",11652
145.441912,-14.694251,2389,3.55,2021-11-26 07:51:00,0.0515756090969954,5734.94607018884,"moving",29,-14.69295,145.44156,"run_day_11652_liz21_del_07_29.json","07",11652
145.442056,-14.694691,2389,3.55,2021-11-26 08:03:00,0.0513188050022046,5706.39075770656,"moving",29,-14.69295,145.44156,"run_day_11652_liz21_del_07_29.json","07",11652
145.441748,-14.693343,2390,3.55,2021-11-26 07:40:00,0.0489824178872408,5446.59636384487,"moving",29,-14.69295,145.44156,"run_day_11652_liz21_del_07_29.json","07",11652
145.44183,-14.693761,2390,3.55,2021-11-26 07:52:00,0.047308886418505,5260.50815494143,"moving",29,-14.69295,145.44156,"run_day_11652_liz21_del_07_29.json","07",11652
145.441938,-14.694163,2390,3.55,2021-11-26 08:04:00,0.046185067074713,5135.54514544674,"moving",29,-14.69295,145.44156,"run_day_11652_liz21_del_07_29.json","07",11652
145.44206,-14.694566,2390,3.55,2021-11-26 08:16:00,0.0466933026523972,5192.05836322549,"moving",29,-14.69295,145.44156,"run_day_11652_liz21_del_07_29.json","07",11652
145.44175,-14.693425,2391,3.55,2021-11-26 07:18:00,0.0508278562213104,5651.79974402878,"moving",29,-14.69295,145.44156,"run_day_11652_liz21_del_07_29.json","07",11652
145.44185,-14.69385,2391,3.55,2021-11-26 07:30:00,0.0484663996586979,5389.21775477478,"moving",29,-14.69295,145.44156,"run_day_11652_liz21_del_07_29.json","07",11652
145.441973,-14.694274,2391,3.55,2021-11-26 07:42:00,0.0489676458300819,5444.95378603269,"moving",29,-14.69295,145.44156,"run_day_11652_liz21_del_07_29.json","07",11652
145.441764,-14.693312,2392,3.55,2021-11-26 07:18:00,0.048344031399777,5375.61102520044,"moving",29,-14.69295,145.44156,"run_day_11652_liz21_del_07_29.json","07",11652
145.441846,-14.69371,2392,3.55,2021-11-26 07:30:00,0.0451258816662551,5017.76910165027,"moving",29,-14.69295,145.44156,"run_day_11652_liz21_del_07_29.json","07",11652
145.441958,-14.694108,2392,3.55,2021-11-26 07:42:00,0.0458658393101982,5100.0486375886,"moving",29,-14.69295,145.44156,"run_day_11652_liz21_del_07_29.json","07",11652
145.442076,-14.694522,2392,3.55,2021-11-26 07:54:00,0.0477522425844261,5309.80711128844,"moving",29,-14.69295,145.44156,"run_day_11652_liz21_del_07_29.json","07",11652
145.441693,-14.693477,2393,3.55,2021-11-26 07:43:00,0.0529319251684502,5885.76153626109,"moving",29,-14.69295,145.44156,"run_day_11652_liz21_del_07_29.json","07",11652
145.441802,-14.693953,2393,3.55,2021-11-26 07:55:00,0.0542116704798841,6028.0627222897,"moving",29,-14.69295,145.44156,"run_day_11652_liz21_del_07_29.json","07",11652
145.441933,-14.694399,2393,3.55,2021-11-26 08:07:00,0.0515557056620229,5732.7329091971,"moving",29,-14.69295,145.44156,"run_day_11652_liz21_del_07_29.json","07",11652
145.441605,-14.693505,2394,3.55,2021-11-26 07:24:00,0.0554991358375607,6171.22233829396,"moving",29,-14.69295,145.44156,"run_day_11652_liz21_del_07_29.json","07",11652
145.441742,-14.694017,2394,3.55,2021-11-26 07:36:00,0.0588078639781138,6539.13612116955,"moving",29,-14.69295,145.44156,"run_day_11652_liz21_del_07_29.json","07",11652
145.441898,-14.694512,2394,3.55,2021-11-26 07:48:00,0.0575421793514485,6398.39841195235,"moving",29,-14.69295,145.44156,"run_day_11652_liz21_del_07_29.json","07",11652
145.441587,-14.693409,2395,3.55,2021-11-26 07:43:00,0.0545374151896561,6064.28388139766,"moving",29,-14.69295,145.44156,"run_day_11652_liz21_del_07_29.json","07",11652
145.441705,-14.69392,2395,3.55,2021-11-26 07:55:00,0.0582208338947353,6473.86135411013,"moving",29,-14.69295,145.44156,"run_day_11652_liz21_del_07_29.json","07",11652
145.441853,-14.694412,2395,3.55,2021-11-26 08:07:00,0.0569768086438807,6335.53205759737,"moving",29,-14.69295,145.44156,"run_day_11652_liz21_del_07_29.json","07",11652
145.441593,-14.693523,2396,3.55,2021-11-26 07:30:00,0.0556550505650735,6188.55926498255,"moving",29,-14.69295,145.44156,"run_day_11652_liz21_del_07_29.json","07",11652
145.441731,-14.69404,2396,3.55,2021-11-26 07:42:00,0.0593730631432416,6601.9834008755,"moving",29,-14.69295,145.44156,"run_day_11652_liz21_del_07_29.json","07",11652
145.44189,-14.694538,2396,3.55,2021-11-26 07:54:00,0.057955742472573,6444.38453286869,"moving",29,-14.69295,145.44156,"run_day_11652_liz21_del_07_29.json","07",11652
145.441648,-14.693318,2397,3.55,2021-11-26 07:45:00,0.0520302610829176,5785.50106441226,"moving",29,-14.69295,145.44156,"run_day_11652_liz21_del_07_29.json","07",11652
145.441746,-14.693807,2397,3.55,2021-11-26 07:57:00,0.0553865823247843,6158.7069586972,"moving",29,-14.69295,145.44156,"run_day_11652_liz21_del_07_29.json","07",11652
145.441872,-14.694264,2397,3.55,2021-11-26 08:09:00,0.0525922036430513,5847.98622616478,"moving",29,-14.69295,145.44156,"run_day_11652_liz21_del_07_29.json","07",11652
145.441602,-14.69365,2398,3.55,2021-11-26 07:47:00,0.05717389129293,6357.44664830132,"moving",29,-14.69295,145.44156,"run_day_11652_liz21_del_07_29.json","07",11652
145.441742,-14.694171,2398,3.55,2021-11-26 07:59:00,0.0598575745506892,6655.8586112851,"moving",29,-14.69295,145.44156,"run_day_11652_liz21_del_07_29.json","07",11652
145.441907,-14.694658,2398,3.55,2021-11-26 08:11:00,0.0569858757713452,6336.54027617066,"moving",29,-14.69295,145.44156,"run_day_11652_liz21_del_07_29.json","07",11652
145.441684,-14.693648,2399,3.55,2021-11-26 07:31:00,0.0552082182567224,6138.87377923304,"moving",29,-14.69295,145.44156,"run_day_11652_liz21_del_07_29.json","07",11652
145.441821,-14.694142,2399,3.55,2021-11-26 07:43:00,0.0568724154828635,6323.92406771587,"moving",29,-14.69295,145.44156,"run_day_11652_liz21_del_07_29.json","07",11652
145.441972,-14.694613,2399,3.55,2021-11-26 07:55:00,0.0548332919725802,6097.18387857073,"moving",29,-14.69295,145.44156,"run_day_11652_liz21_del_07_29.json","07",11652
145.441737,-14.693452,2400,3.55,2021-11-26 07:46:00,0.0511191870640245,5684.19425571369,"moving",29,-14.69295,145.44156,"run_day_11652_liz21_del_07_29.json","07",11652
145.441831,-14.69389,2400,3.55,2021-11-26 07:58:00,0.0497417428693512,5531.02944953001,"moving",29,-14.69295,145.44156,"run_day_11652_liz21_del_07_29.json","07",11652
145.441948,-14.694306,2400,3.55,2021-11-26 08:10:00,0.0479383259046218,5330.49863242737,"moving",29,-14.69295,145.44156,"run_day_11652_liz21_del_07_29.json","07",11652
145.4416,-14.69336,2401,3.55,2021-11-26 07:15:00,0.0547161516341288,6084.15846722951,"moving",29,-14.69295,145.44156,"run_day_11652_liz21_del_07_29.json","07",11652
145.441722,-14.693863,2401,3.55,2021-11-26 07:27:00,0.0574497375146194,6388.11934868726,"moving",29,-14.69295,145.44156,"run_day_11652_liz21_del_07_29.json","07",11652
145.441871,-14.694355,2401,3.55,2021-11-26 07:39:00,0.0570069537598967,6338.88404156146,"moving",29,-14.69295,145.44156,"run_day_11652_liz21_del_07_29.json","07",11652
145.441633,-14.693397,2402,3.55,2021-11-26 07:52:00,0.0534230156678795,5940.36830832097,"moving",29,-14.69295,145.44156,"run_day_11652_liz21_del_07_29.json","07",11652
145.441738,-14.693894,2402,3.55,2021-11-26 08:04:00,0.0564060491860511,6272.06650155233,"moving",29,-14.69295,145.44156,"run_day_11652_liz21_del_07_29.json","07",11652
145.441871,-14.694357,2402,3.55,2021-11-26 08:16:00,0.0534337429998114,5941.56113320823,"moving",29,-14.69295,145.44156,"run_day_11652_liz21_del_07_29.json","07",11652
145.441492,-14.693299,2403,3.55,2021-11-26 07:15:00,0.0563058168986841,6260.92117971113,"moving",29,-14.69295,145.44156,"run_day_11652_liz21_del_07_29.json","07",11652
145.441625,-14.693812,2403,3.55,2021-11-26 07:27:00,0.0588093901525758,6539.3058240269,"moving",29,-14.69295,145.44156,"run_day_11652_liz21_del_07_29.json","07",11652
145.441787,-14.694337,2403,3.55,2021-11-26 07:39:00,0.0609222786218548,6774.24830237652,"moving",29,-14.69295,145.44156,"run_day_11652_liz21_del_07_29.json","07",11652
145.441632,-14.693385,2404,3.55,2021-11-26 07:18:00,0.0540341147260563,6008.3194232675,"moving",29,-14.69295,145.44156,"run_day_11652_liz21_del_07_29.json","07",11652
145.441752,-14.693882,2404,3.55,2021-11-26 07:30:00,0.0567510980657794,6310.4341864225,"moving",29,-14.69295,145.44156,"run_day_11652_liz21_del_07_29.json","07",11652
145.441896,-14.694362,2404,3.55,2021-11-26 07:42:00,0.055575418884554,6179.70462610861,"moving",29,-14.69295,145.44156,"run_day_11652_liz21_del_07_29.json","07",11652
145.441559,-14.693636,2405,3.55,2021-11-26 07:16:00,0.0589733616207789,6557.53861940555,"moving",29,-14.69295,145.44156,"run_day_11652_liz21_del_07_29.json","07",11652
145.441719,-14.694165,2405,3.55,2021-11-26 07:28:00,0.061287863063308,6814.89943752629,"moving",29,-14.69295,145.44156,"run_day_11652_liz21_del_07_29.json","07",11652
145.441895,-14.694678,2405,3.55,2021-11-26 07:40:00,0.0601020499985241,6683.04304077349,"moving",29,-14.69295,145.44156,"run_day_11652_liz21_del_07_29.json","07",11652
145.441476,-14.693555,2406,3.55,2021-11-26 07:46:00,0.0589434634404439,6554.21409343639,"moving",29,-14.69295,145.44156,"run_day_11652_liz21_del_07_29.json","07",11652
145.441622,-14.694091,2406,3.55,2021-11-26 07:58:00,0.0616345488982495,6853.44914351132,"moving",29,-14.69295,145.44156,"run_day_11652_liz21_del_07_29.json","07",11652
145.441801,-14.694617,2406,3.55,2021-11-26 08:10:00,0.0615758239482941,6846.91922700882,"moving",29,-14.69295,145.44156,"run_day_11652_liz21_del_07_29.json","07",11652
145.441659,-14.693271,2407,3.55,2021-11-26 07:44:00,0.0511158713020439,5683.82555980347,"moving",29,-14.69295,145.44156,"run_day_11652_liz21_del_07_29.json","07",11652
145.441751,-14.693752,2407,3.55,2021-11-26 07:56:00,0.0543924446667637,6048.16389473901,"moving",29,-14.69295,145.44156,"run_day_11652_liz21_del_07_29.json","07",11652
145.441871,-14.694202,2407,3.55,2021-11-26 08:08:00,0.0516755595791701,5746.06005672234,"moving",29,-14.69295,145.44156,"run_day_11652_liz21_del_07_29.json","07",11652
145.44201,-14.694633,2407,3.55,2021-11-26 08:20:00,0.0502028512791778,5582.30236533587,"moving",29,-14.69295,145.44156,"run_day_11652_liz21_del_07_29.json","07",11652
145.441512,-14.693399,2408,3.55,2021-11-26 07:41:00,0.0561767382738696,6246.56829149351,"moving",29,-14.69295,145.44156,"run_day_11652_liz21_del_07_29.json","07",11652
145.44164,-14.69392,2408,3.55,2021-11-26 07:53:00,0.0595459861688652,6621.21156402488,"moving",29,-14.69295,145.44156,"run_day_11652_liz21_del_07_29.json","07",11652
145.441801,-14.694438,2408,3.55,2021-11-26 08:05:00,0.0601457828550348,6687.90591254516,"moving",29,-14.69295,145.44156,"run_day_11652_liz21_del_07_29.json","07",11652
145.44154,-14.693399,2409,3.55,2021-11-26 07:42:00,0.0554866389104273,6169.83274339808,"moving",29,-14.69295,145.44156,"run_day_11652_liz21_del_07_29.json","07",11652
145.441664,-14.693916,2409,3.55,2021-11-26 07:54:00,0.05901462947745,6562.12739570087,"moving",29,-14.69295,145.44156,"run_day_11652_liz21_del_07_29.json","07",11652
145.44182,-14.694425,2409,3.55,2021-11-26 08:06:00,0.0590330027375015,6564.17040900451,"moving",29,-14.69295,145.44156,"run_day_11652_liz21_del_07_29.json","07",11652
145.441591,-14.693496,2410,3.55,2021-11-26 07:49:00,0.0555151885209124,6173.00731524171,"moving",29,-14.69295,145.44156,"run_day_11652_liz21_del_07_29.json","07",11652
145.441715,-14.69401,2410,3.55,2021-11-26 08:01:00,0.0586897224456411,6525.99938213257,"moving",29,-14.69295,145.44156,"run_day_11652_liz21_del_07_29.json","07",11652
145.441867,-14.694496,2410,3.55,2021-11-26 08:13:00,0.0564595893831941,6278.01989984617,"moving",29,-14.69295,145.44156,"run_day_11652_liz21_del_07_29.json","07",11652
145.441556,-14.693388,2411,3.55,2021-11-26 07:50:00,0.0550415998223089,6120.34665464079,"moving",29,-14.69295,145.44156,"run_day_11652_liz21_del_07_29.json","07",11652
145.441672,-14.693899,2411,3.55,2021-11-26 08:02:00,0.0581743184568404,6468.68907340557,"moving",29,-14.69295,145.44156,"run_day_11652_liz21_del_07_29.json","07",11652
145.44182,-14.694396,2411,3.55,2021-11-26 08:14:00,0.0575108536501117,6394.91515289012,"moving",29,-14.69295,145.44156,"run_day_11652_liz21_del_07_29.json","07",11652
145.441772,-14.693562,2412,3.55,2021-11-26 07:15:00,0.0514130966884153,5716.87551483795,"moving",29,-14.69295,145.44156,"run_day_11652_liz21_del_07_29.json","07",11652
145.441888,-14.693989,2412,3.55,2021-11-26 07:27:00,0.0490921815716682,5458.801528683,"moving",29,-14.69295,145.44156,"run_day_11652_liz21_del_07_29.json","07",11652
145.442012,-14.694425,2412,3.55,2021-11-26 07:39:00,0.0502820771616397,5591.11188152457,"moving",29,-14.69295,145.44156,"run_day_11652_liz21_del_07_29.json","07",11652
145.441663,-14.693224,2413,3.55,2021-11-26 07:15:00,0.0515062286414132,5727.23131551982,"moving",29,-14.69295,145.44156,"run_day_11652_liz21_del_07_29.json","07",11652
145.441759,-14.693696,2413,3.55,2021-11-26 07:27:00,0.0534900845022637,5947.82602244046,"moving",29,-14.69295,145.44156,"run_day_11652_liz21_del_07_29.json","07",11652
145.441888,-14.694149,2413,3.55,2021-11-26 07:39:00,0.0522473357738489,5809.63866874676,"moving",29,-14.69295,145.44156,"run_day_11652_liz21_del_07_29.json","07",11652
145.442026,-14.694599,2413,3.55,2021-11-26 07:51:00,0.0521927968273866,5803.57421459561,"moving",29,-14.69295,145.44156,"run_day_11652_liz21_del_07_29.json","07",11652
145.441501,-14.69345,2414,3.55,2021-11-26 07:12:00,0.058162491821708,6467.37401157957,"moving",29,-14.69295,145.44156,"run_day_11652_liz21_del_07_29.json","07",11652
145.44165,-14.693977,2414,3.55,2021-11-26 07:24:00,0.0607516821503429,6755.27884024093,"moving",29,-14.69295,145.44156,"run_day_11652_liz21_del_07_29.json","07",11652
145.441822,-14.694503,2414,3.55,2021-11-26 07:36:00,0.0613445847160284,6821.2065975397,"moving",29,-14.69295,145.44156,"run_day_11652_liz21_del_07_29.json","07",11652
145.441567,-14.693308,2415,3.55,2021-11-26 07:54:00,0.0539482722855413,5998.77417939145,"moving",29,-14.69295,145.44156,"run_day_11652_liz21_del_07_29.json","07",11652
145.441673,-14.693808,2415,3.55,2021-11-26 08:06:00,0.0567544285836809,6310.80452311624,"moving",29,-14.69295,145.44156,"run_day_11652_liz21_del_07_29.json","07",11652
145.441808,-14.694298,2415,3.55,2021-11-26 08:18:00,0.0563871615672051,6269.96629416025,"moving",29,-14.69295,145.44156,"run_day_11652_liz21_del_07_29.json","07",11652
145.441523,-14.693461,2416,3.55,2021-11-26 07:15:00,0.0576263780885068,6407.76088434312,"moving",29,-14.69295,145.44156,"run_day_11652_liz21_del_07_29.json","07",11652
145.44167,-14.693984,2416,3.55,2021-11-26 07:27:00,0.0602659773330258,6701.27092870844,"moving",29,-14.69295,145.44156,"run_day_11652_liz21_del_07_29.json","07",11652
145.441838,-14.694505,2416,3.55,2021-11-26 07:39:00,0.0606852320987728,6747.88993163106,"moving",29,-14.69295,145.44156,"run_day_11652_liz21_del_07_29.json","07",11652
145.44153,-14.693436,2417,3.55,2021-11-26 07:49:00,0.0562935180777338,6259.55361321775,"moving",29,-14.69295,145.44156,"run_day_11652_liz21_del_07_29.json","07",11652
145.441656,-14.693955,2417,3.55,2021-11-26 08:01:00,0.0592800951915929,6591.64583631163,"moving",29,-14.69295,145.44156,"run_day_11652_liz21_del_07_29.json","07",11652
145.441813,-14.694462,2417,3.55,2021-11-26 08:13:00,0.0588505909165623,6543.88713995608,"moving",29,-14.69295,145.44156,"run_day_11652_liz21_del_07_29.json","07",11652
145.441551,-14.693613,2418,3.55,2021-11-26 07:48:00,0.0578828520114454,6436.27948339053,"moving",29,-14.69295,145.44156,"run_day_11652_liz21_del_07_29.json","07",11652
145.441694,-14.694141,2418,3.55,2021-11-26 08:00:00,0.0606921933947433,6748.66399242586,"moving",29,-14.69295,145.44156,"run_day_11652_liz21_del_07_29.json","07",11652
145.441864,-14.694645,2418,3.55,2021-11-26 08:12:00,0.0589497182389425,6554.90959529662,"moving",29,-14.69295,145.44156,"run_day_11652_liz21_del_07_29.json","07",11652
145.441465,-14.693557,2419,3.55,2021-11-26 08:05:00,0.0588142741795917,6539.84890305266,"moving",29,-14.69295,145.44156,"run_day_11652_liz21_del_07_29.json","07",11652
145.441602,-14.69408,2419,3.55,2021-11-26 08:17:00,0.0599927698994228,6670.89164817021,"moving",29,-14.69295,145.44156,"run_day_11652_liz21_del_07_29.json","07",11652
145.441774,-14.694594,2419,3.55,2021-11-26 08:29:00,0.0600737143854821,6679.89226435985,"moving",29,-14.69295,145.44156,"run_day_11652_liz21_del_07_29.json","07",11652
145.441671,-14.693343,2420,3.55,2021-11-26 07:58:00,0.0517098744325498,5749.87569432672,"moving",29,-14.69295,145.44156,"run_day_11652_liz21_del_07_29.json","07",11652
145.441761,-14.693817,2420,3.55,2021-11-26 08:10:00,0.0535879790882728,5958.71140375064,"moving",29,-14.69295,145.44156,"run_day_11652_liz21_del_07_29.json","07",11652
145.441879,-14.694254,2420,3.55,2021-11-26 08:22:00,0.050222343206227,5584.46976873427,"moving",29,-14.69295,145.44156,"run_day_11652_liz21_del_07_29.json","07",11652
145.442018,-14.694676,2420,3.55,2021-11-26 08:34:00,0.0492484046266082,5476.17273981725,"moving",29,-14.69295,145.44156,"run_day_11652_liz21_del_07_29.json","07",11652
145.441588,-14.693292,2421,3.55,2021-11-26 07:39:00,0.0530563125710422,5899.59278436781,"moving",29,-14.69295,145.44156,"run_day_11652_liz21_del_07_29.json","07",11652
145.441695,-14.693792,2421,3.55,2021-11-26 07:51:00,0.0567761335547549,6313.21800578264,"moving",29,-14.69295,145.44156,"run_day_11652_liz21_del_07_29.json","07",11652
145.441834,-14.694283,2421,3.55,2021-11-26 08:03:00,0.0566067202535445,6294.38010618194,"moving",29,-14.69295,145.44156,"run_day_11652_liz21_del_07_29.json","07",11652
145.441685,-14.693169,2422,3.55,2021-11-26 07:57:00,0.0492767223108268,5479.32152263668,"moving",29,-14.69295,145.44156,"run_day_11652_liz21_del_07_29.json","07",11652
145.441761,-14.693621,2422,3.55,2021-11-26 08:09:00,0.0509205256335312,5662.10411252287,"moving",29,-14.69295,145.44156,"run_day_11652_liz21_del_07_29.json","07",11652
145.441858,-14.69404,2422,3.55,2021-11-26 08:21:00,0.0477445458956531,5308.95127854491,"moving",29,-14.69295,145.44156,"run_day_11652_liz21_del_07_29.json","07",11652
145.441978,-14.694445,2422,3.55,2021-11-26 08:33:00,0.0468470507068651,5209.15436686378,"moving",29,-14.69295,145.44156,"run_day_11652_liz21_del_07_29.json","07",11652
145.44164,-14.693405,2423,3.55,2021-11-26 07:18:00,0.0540115219304504,6005.80721901741,"moving",29,-14.69295,145.44156,"run_day_11652_liz21_del_07_29.json","07",11652
145.441761,-14.693901,2423,3.55,2021-11-26 07:30:00,0.0566674282373437,6301.13052598723,"moving",29,-14.69295,145.44156,"run_day_11652_liz21_del_07_29.json","07",11652
145.441904,-14.694378,2423,3.55,2021-11-26 07:42:00,0.0552250755884318,6140.74822899588,"moving",29,-14.69295,145.44156,"run_day_11652_liz21_del_07_29.json","07",11652
145.441731,-14.693283,2424,3.55,2021-11-26 07:29:00,0.0492960864984586,5481.47472205993,"moving",29,-14.69295,145.44156,"run_day_11652_liz21_del_07_29.json","07",11652
145.441814,-14.693709,2424,3.55,2021-11-26 07:41:00,0.0482029403944299,5359.92242121067,"moving",29,-14.69295,145.44156,"run_day_11652_liz21_del_07_29.json","07",11652
145.441926,-14.694121,2424,3.55,2021-11-26 07:53:00,0.0473696791467815,5267.26799790265,"moving",29,-14.69295,145.44156,"run_day_11652_liz21_del_07_29.json","07",11652
145.44205,-14.694537,2424,3.55,2021-11-26 08:05:00,0.0481414500556725,5353.08500750319,"moving",29,-14.69295,145.44156,"run_day_11652_liz21_del_07_29.json","07",11652
145.441753,-14.69325,2425,3.55,2021-11-26 07:11:00,0.0491291936956071,5462.91708908935,"moving",29,-14.69295,145.44156,"run_day_11652_liz21_del_07_29.json","07",11652
145.441833,-14.693653,2425,3.55,2021-11-26 07:23:00,0.0456302093611049,5073.84778268391,"moving",29,-14.69295,145.44156,"run_day_11652_liz21_del_07_29.json","07",11652
145.441944,-14.69405,2425,3.55,2021-11-26 07:35:00,0.0457303599897397,5084.98402448837,"moving",29,-14.69295,145.44156,"run_day_11652_liz21_del_07_29.json","07",11652
145.442061,-14.694468,2425,3.55,2021-11-26 07:47:00,0.0481529493290295,5354.36366836059,"moving",29,-14.69295,145.44156,"run_day_11652_liz21_del_07_29.json","07",11652
145.441499,-14.693405,2426,3.55,2021-11-26 08:07:00,0.0562935184899219,6259.55365905097,"moving",29,-14.69295,145.44156,"run_day_11652_liz21_del_07_29.json","07",11652
145.441617,-14.693913,2426,3.55,2021-11-26 08:19:00,0.0578953176570601,6437.66559994022,"moving",29,-14.69295,145.44156,"run_day_11652_liz21_del_07_29.json","07",11652
145.441769,-14.694416,2426,3.55,2021-11-26 08:31:00,0.0582714906499918,6479.49412829493,"moving",29,-14.69295,145.44156,"run_day_11652_liz21_del_07_29.json","07",11652
145.441656,-14.693397,2427,3.55,2021-11-26 07:53:00,0.052794004546422,5870.4254628119,"moving",29,-14.69295,145.44156,"run_day_11652_liz21_del_07_29.json","07",11652
145.441756,-14.693886,2427,3.55,2021-11-26 08:05:00,0.0554279231938404,6163.30385359932,"moving",29,-14.69295,145.44156,"run_day_11652_liz21_del_07_29.json","07",11652
145.441884,-14.694336,2427,3.55,2021-11-26 08:17:00,0.0518971643896097,5770.70138736325,"moving",29,-14.69295,145.44156,"run_day_11652_liz21_del_07_29.json","07",11652
145.441649,-14.693337,2428,3.55,2021-11-26 07:23:00,0.0525081150564885,5838.63600195029,"moving",29,-14.69295,145.44156,"run_day_11652_liz21_del_07_29.json","07",11652
145.441757,-14.693825,2428,3.55,2021-11-26 07:35:00,0.055492569860335,6170.492234938,"moving",29,-14.69295,145.44156,"run_day_11652_liz21_del_07_29.json","07",11652
145.441894,-14.694292,2428,3.55,2021-11-26 07:47:00,0.0539782782415072,6002.11068946398,"moving",29,-14.69295,145.44156,"run_day_11652_liz21_del_07_29.json","07",11652
145.441649,-14.693199,2429,3.55,2021-11-26 07:51:00,0.0505288764090329,5618.55470573439,"moving",29,-14.69295,145.44156,"run_day_11652_liz21_del_07_29.json","07",11652
145.441735,-14.693676,2429,3.55,2021-11-26 08:03:00,0.0538405288757825,5986.79365884688,"moving",29,-14.69295,145.44156,"run_day_11652_liz21_del_07_29.json","07",11652
145.441846,-14.694123,2429,3.55,2021-11-26 08:15:00,0.0511179001560988,5684.05115808128,"moving",29,-14.69295,145.44156,"run_day_11652_liz21_del_07_29.json","07",11652
145.441978,-14.694548,2429,3.55,2021-11-26 08:27:00,0.0493444773842888,5486.85554306008,"moving",29,-14.69295,145.44156,"run_day_11652_liz21_del_07_29.json","07",11652
145.441611,-14.693627,2430,3.55,2021-11-26 07:38:00,0.0565227067209952,6285.03822759297,"moving",29,-14.69295,145.44156,"run_day_11652_liz21_del_07_29.json","07",11652
145.441753,-14.694147,2430,3.55,2021-11-26 07:50:00,0.0598045384974487,6649.96127123549,"moving",29,-14.69295,145.44156,"run_day_11652_liz21_del_07_29.json","07",11652
145.441918,-14.694639,2430,3.55,2021-11-26 08:02:00,0.0575144625747383,6395.31644699924,"moving",29,-14.69295,145.44156,"run_day_11652_liz21_del_07_29.json","07",11652
145.441682,-14.693454,2431,3.55,2021-11-26 07:26:00,0.052944678016824,5887.17958830053,"moving",29,-14.69295,145.44156,"run_day_11652_liz21_del_07_29.json","07",11652
145.441799,-14.693936,2431,3.55,2021-11-26 07:38:00,0.0550535348669655,6121.67377105588,"moving",29,-14.69295,145.44156,"run_day_11652_liz21_del_07_29.json","07",11652
145.441935,-14.694395,2431,3.55,2021-11-26 07:50:00,0.0530933255542196,5903.70844031712,"moving",29,-14.69295,145.44156,"run_day_11652_liz21_del_07_29.json","07",11652
145.441594,-14.693266,2432,3.55,2021-11-26 07:46:00,0.0526617442988765,5855.71879428808,"moving",29,-14.69295,145.44156,"run_day_11652_liz21_del_07_29.json","07",11652
145.441695,-14.693763,2432,3.55,2021-11-26 07:58:00,0.056321486380811,6262.66354662679,"moving",29,-14.69295,145.44156,"run_day_11652_liz21_del_07_29.json","07",11652
145.441826,-14.694247,2432,3.55,2021-11-26 08:10:00,0.0556322377121887,6186.02259147948,"moving",29,-14.69295,145.44156,"run_day_11652_liz21_del_07_29.json","07",11652
145.441978,-14.694697,2432,3.55,2021-11-26 08:22:00,0.0526408287365234,5853.3930898665,"moving",29,-14.69295,145.44156,"run_day_11652_liz21_del_07_29.json","07",11652
145.441721,-14.693214,2433,3.55,2021-11-26 08:00:00,0.0488364031483627,5430.36026566629,"moving",29,-14.69295,145.44156,"run_day_11652_liz21_del_07_29.json","07",11652
145.441792,-14.693636,2433,3.55,2021-11-26 08:12:00,0.0475416088070054,5286.38570385928,"moving",29,-14.69295,145.44156,"run_day_11652_liz21_del_07_29.json","07",11652
145.441884,-14.694031,2433,3.55,2021-11-26 08:24:00,0.0450228826383537,5006.31613229832,"moving",29,-14.69295,145.44156,"run_day_11652_liz21_del_07_29.json","07",11652
145.441997,-14.694419,2433,3.55,2021-11-26 08:36:00,0.0448229213002241,4984.08144597325,"moving",29,-14.69295,145.44156,"run_day_11652_liz21_del_07_29.json","07",11652
145.441644,-14.693647,2434,3.55,2021-11-26 07:39:00,0.0561674861018247,6245.53949690167,"moving",29,-14.69295,145.44156,"run_day_11652_liz21_del_07_29.json","07",11652
145.441783,-14.694157,2434,3.55,2021-11-26 07:51:00,0.0586470621560888,6521.25577436517,"moving",29,-14.69295,145.44156,"run_day_11652_liz21_del_07_29.json","07",11652
145.441942,-14.694637,2434,3.55,2021-11-26 08:03:00,0.0560464669103513,6232.0827767832,"moving",29,-14.69295,145.44156,"run_day_11652_liz21_del_07_29.json","07",11652
145.441625,-14.693545,2435,3.55,2021-11-26 07:33:00,0.0551891716473394,6136.75589289987,"moving",29,-14.69295,145.44156,"run_day_11652_liz21_del_07_29.json","07",11652
145.441759,-14.694056,2435,3.55,2021-11-26 07:45:00,0.0586200534660151,6518.25254505366,"moving",29,-14.69295,145.44156,"run_day_11652_liz21_del_07_29.json","07",11652
145.441913,-14.694542,2435,3.55,2021-11-26 07:57:00,0.0565222539288671,6284.9878794055,"moving",29,-14.69295,145.44156,"run_day_11652_liz21_del_07_29.json","07",11652
145.441713,-14.693179,2436,3.55,2021-11-26 07:17:00,0.0495343218448338,5507.96528392425,"moving",29,-14.69295,145.44156,"run_day_11652_liz21_del_07_29.json","07",11652
145.441794,-14.693608,2436,3.55,2021-11-26 07:29:00,0.0484916840194452,5392.02924741333,"moving",29,-14.69295,145.44156,"run_day_11652_liz21_del_07_29.json","07",11652
145.441906,-14.694024,2436,3.55,2021-11-26 07:41:00,0.0477999710708131,5315.1142768311,"moving",29,-14.69295,145.44156,"run_day_11652_liz21_del_07_29.json","07",11652
145.442027,-14.694445,2436,3.55,2021-11-26 07:53:00,0.0485884861206456,5402.79314995534,"moving",29,-14.69295,145.44156,"run_day_11652_liz21_del_07_29.json","07",11652
145.441524,-14.693235,2437,3.55,2021-11-26 07:45:00,0.0538973092532306,5993.10734875208,"moving",29,-14.69295,145.44156,"run_day_11652_liz21_del_07_29.json","07",11652
145.441635,-14.693739,2437,3.55,2021-11-26 07:57:00,0.0572998472906736,6371.45231623087,"moving",29,-14.69295,145.44156,"run_day_11652_liz21_del_07_29.json","07",11652
145.441775,-14.694248,2437,3.55,2021-11-26 08:09:00,0.0585671082267503,6512.36530305743,"moving",29,-14.69295,145.44156,"run_day_11652_liz21_del_07_29.json","07",11652
145.441617,-14.693261,2438,3.55,2021-11-26 08:04:00,0.0519635085357195,5778.07851982323,"moving",29,-14.69295,145.44156,"run_day_11652_liz21_del_07_29.json","07",11652
145.441707,-14.69374,2438,3.55,2021-11-26 08:16:00,0.0541349010923567,6019.52635587504,"moving",29,-14.69295,145.44156,"run_day_11652_liz21_del_07_29.json","07",11652
145.441825,-14.694202,2438,3.55,2021-11-26 08:28:00,0.0529166491563421,5884.06292121532,"moving",29,-14.69295,145.44156,"run_day_11652_liz21_del_07_29.json","07",11652
145.441968,-14.694637,2438,3.55,2021-11-26 08:40:00,0.0507563372564897,5643.84719798185,"moving",29,-14.69295,145.44156,"run_day_11652_liz21_del_07_29.json","07",11652
145.441467,-14.69342,2439,3.55,2021-11-26 08:07:00,0.057333426612929,6375.18616650583,"moving",29,-14.69295,145.44156,"run_day_11652_liz21_del_07_29.json","07",11652
145.44159,-14.693933,2439,3.55,2021-11-26 08:19:00,0.0585570491255736,6511.24678203998,"moving",29,-14.69295,145.44156,"run_day_11652_liz21_del_07_29.json","07",11652
145.441747,-14.694443,2439,3.55,2021-11-26 08:31:00,0.0591702257878691,6579.42891602409,"moving",29,-14.69295,145.44156,"run_day_11652_liz21_del_07_29.json","07",11652
145.441478,-14.693501,2440,3.55,2021-11-26 07:41:00,0.0581624910002924,6467.37392024232,"moving",29,-14.69295,145.44156,"run_day_11652_liz21_del_07_29.json","07",11652
145.441622,-14.694034,2440,3.55,2021-11-26 07:53:00,0.061257289314177,6811.49979173443,"moving",29,-14.69295,145.44156,"run_day_11652_liz21_del_07_29.json","07",11652
145.441798,-14.694562,2440,3.55,2021-11-26 08:05:00,0.0616873207930813,6859.31711048603,"moving",29,-14.69295,145.44156,"run_day_11652_liz21_del_07_29.json","07",11652
145.441709,-14.693528,2441,3.55,2021-11-26 07:13:00,0.0545612975747179,6066.9394814527,"moving",29,-14.69295,145.44156,"run_day_11652_liz21_del_07_29.json","07",11652
145.441835,-14.693998,2441,3.55,2021-11-26 07:25:00,0.0539902089511232,6003.43732384454,"moving",29,-14.69295,145.44156,"run_day_11652_liz21_del_07_29.json","07",11652
145.441971,-14.694458,2441,3.55,2021-11-26 07:37:00,0.0532002246089493,5915.59507286617,"moving",29,-14.69295,145.44156,"run_day_11652_liz21_del_07_29.json","07",11652
145.441679,-14.693532,2442,3.55,2021-11-26 07:31:00,0.0537500817758946,5976.73640020964,"moving",29,-14.69295,145.44156,"run_day_11652_liz21_del_07_29.json","07",11652
145.441804,-14.694021,2442,3.55,2021-11-26 07:43:00,0.0560118647801621,6228.23519545507,"moving",29,-14.69295,145.44156,"run_day_11652_liz21_del_07_29.json","07",11652
145.441945,-14.694485,2442,3.55,2021-11-26 07:55:00,0.0537771796978318,5979.74955165166,"moving",29,-14.69295,145.44156,"run_day_11652_liz21_del_07_29.json","07",11652
145.441562,-14.693512,2443,3.55,2021-11-26 08:07:00,0.0559726524182415,6223.87497974774,"moving",29,-14.69295,145.44156,"run_day_11652_liz21_del_07_29.json","07",11652
145.441681,-14.694016,2443,3.55,2021-11-26 08:19:00,0.0574852913580699,6392.07275570167,"moving",29,-14.69295,145.44156,"run_day_11652_liz21_del_07_29.json","07",11652
145.441833,-14.694503,2443,3.55,2021-11-26 08:31:00,0.0565660294940622,6289.85550016619,"moving",29,-14.69295,145.44156,"run_day_11652_liz21_del_07_29.json","07",11652
145.44154,-14.693229,2444,3.55,2021-11-26 07:44:00,0.0533912085086689,5936.83151358577,"moving",29,-14.69295,145.44156,"run_day_11652_liz21_del_07_29.json","07",11652
145.441649,-14.693731,2444,3.55,2021-11-26 07:56:00,0.057037752673632,6342.30872451499,"moving",29,-14.69295,145.44156,"run_day_11652_liz21_del_07_29.json","07",11652
145.441786,-14.694236,2444,3.55,2021-11-26 08:08:00,0.0580546543212629,6455.38302862804,"moving",29,-14.69295,145.44156,"run_day_11652_liz21_del_07_29.json","07",11652
145.441945,-14.694703,2444,3.55,2021-11-26 08:20:00,0.0546716491196138,6079.21001339252,"moving",29,-14.69295,145.44156,"run_day_11652_liz21_del_07_29.json","07",11652
145.441761,-14.693493,2445,3.55,2021-11-26 07:33:00,0.0498957114439894,5548.14997389247,"moving",29,-14.69295,145.44156,"run_day_11652_liz21_del_07_29.json","07",11652
145.441863,-14.693917,2445,3.55,2021-11-26 07:45:00,0.0484062838884379,5382.53318611054,"moving",29,-14.69295,145.44156,"run_day_11652_liz21_del_07_29.json","07",11652
145.441982,-14.694333,2445,3.55,2021-11-26 07:57:00,0.0479952446082792,5336.82770350526,"moving",29,-14.69295,145.44156,"run_day_11652_liz21_del_07_29.json","07",11652
145.441676,-14.693416,2446,3.55,2021-11-26 07:58:00,0.0525843153336763,5847.10908618248,"moving",29,-14.69295,145.44156,"run_day_11652_liz21_del_07_29.json","07",11652
145.441772,-14.693891,2446,3.55,2021-11-26 08:10:00,0.0538174317561501,5984.22537632366,"moving",29,-14.69295,145.44156,"run_day_11652_liz21_del_07_29.json","07",11652
145.441896,-14.694329,2446,3.55,2021-11-26 08:22:00,0.0504965370948301,5614.95873806387,"moving",29,-14.69295,145.44156,"run_day_11652_liz21_del_07_29.json","07",11652
145.441634,-14.693661,2447,3.55,2021-11-26 07:17:00,0.0574614430845324,6389.42094867506,"moving",29,-14.69295,145.44156,"run_day_11652_liz21_del_07_29.json","07",11652
145.441786,-14.694174,2447,3.55,2021-11-26 07:29:00,0.0593396042620488,6598.26294303567,"moving",29,-14.69295,145.44156,"run_day_11652_liz21_del_07_29.json","07",11652
145.441949,-14.694666,2447,3.55,2021-11-26 07:41:00,0.0574484485680018,6387.97602436267,"moving",29,-14.69295,145.44156,"run_day_11652_liz21_del_07_29.json","07",11652
145.441682,-14.693297,2448,3.55,2021-11-26 07:26:00,0.0510067841600783,5671.69562305475,"moving",29,-14.69295,145.44156,"run_day_11652_liz21_del_07_29.json","07",11652
145.441778,-14.693766,2448,3.55,2021-11-26 07:38:00,0.0531628123636184,5911.43502099098,"moving",29,-14.69295,145.44156,"run_day_11652_liz21_del_07_29.json","07",11652
145.441905,-14.694212,2448,3.55,2021-11-26 07:50:00,0.0514397915363247,5719.84384649301,"moving",29,-14.69295,145.44156,"run_day_11652_liz21_del_07_29.json","07",11652
145.442045,-14.694652,2448,3.55,2021-11-26 08:02:00,0.0511906022695158,5692.13526424959,"moving",29,-14.69295,145.44156,"run_day_11652_liz21_del_07_29.json","07",11652
145.441571,-14.693529,2449,3.55,2021-11-26 07:18:00,0.0571250264824592,6352.01312928552,"moving",29,-14.69295,145.44156,"run_day_11652_liz21_del_07_29.json","07",11652
145.441718,-14.694049,2449,3.55,2021-11-26 07:30:00,0.0599441401670892,6665.48426865063,"moving",29,-14.69295,145.44156,"run_day_11652_liz21_del_07_29.json","07",11652
145.441882,-14.694557,2449,3.55,2021-11-26 07:42:00,0.0591771622929165,6580.20022019399,"moving",29,-14.69295,145.44156,"run_day_11652_liz21_del_07_29.json","07",11652
145.441634,-14.693376,2450,3.55,2021-11-26 07:12:00,0.0543602348589481,6044.58232752172,"moving",29,-14.69295,145.44156,"run_day_11652_liz21_del_07_29.json","07",11652
145.441754,-14.693875,2450,3.55,2021-11-26 07:24:00,0.0569676825294972,6334.51727997795,"moving",29,-14.69295,145.44156,"run_day_11652_liz21_del_07_29.json","07",11652
145.441898,-14.694354,2450,3.55,2021-11-26 07:36:00,0.0554686382178288,6167.83115770504,"moving",29,-14.69295,145.44156,"run_day_11652_liz21_del_07_29.json","07",11652
145.441638,-14.693473,2451,3.55,2021-11-26 07:44:00,0.0541195713137798,6017.82176227071,"moving",29,-14.69295,145.44156,"run_day_11652_liz21_del_07_29.json","07",11652
145.441756,-14.693976,2451,3.55,2021-11-26 07:56:00,0.0573529956868591,6377.36214824599,"moving",29,-14.69295,145.44156,"run_day_11652_liz21_del_07_29.json","07",11652
145.441898,-14.694446,2451,3.55,2021-11-26 08:08:00,0.0544476694022501,6054.30460515039,"moving",29,-14.69295,145.44156,"run_day_11652_liz21_del_07_29.json","07",11652
145.441562,-14.693505,2452,3.55,2021-11-26 07:38:00,0.0561608351879203,6244.79994901795,"moving",29,-14.69295,145.44156,"run_day_11652_liz21_del_07_29.json","07",11652
145.441697,-14.694027,2452,3.55,2021-11-26 07:50:00,0.0598324194227446,6653.06148867856,"moving",29,-14.69295,145.44156,"run_day_11652_liz21_del_07_29.json","07",11652
145.44186,-14.694533,2452,3.55,2021-11-26 08:02:00,0.0589328329542479,6553.03203730363,"moving",29,-14.69295,145.44156,"run_day_11652_liz21_del_07_29.json","07",11652
145.441677,-14.693322,2453,3.55,2021-11-26 07:11:00,0.0528567493067847,5877.40236183775,"moving",29,-14.69295,145.44156,"run_day_11652_liz21_del_07_29.json","07",11652
145.441782,-14.693799,2453,3.55,2021-11-26 07:23:00,0.0542290115331534,6029.99095943593,"moving",29,-14.69295,145.44156,"run_day_11652_liz21_del_07_29.json","07",11652
145.441916,-14.694252,2453,3.55,2021-11-26 07:35:00,0.0523927174722285,5825.80437603354,"moving",29,-14.69295,145.44156,"run_day_11652_liz21_del_07_29.json","07",11652
145.441704,-14.693142,2454,3.55,2021-11-26 07:39:00,0.0483630534285276,5377.726178292,"moving",29,-14.69295,145.44156,"run_day_11652_liz21_del_07_29.json","07",11652
145.44178,-14.69358,2454,3.55,2021-11-26 07:51:00,0.049384619343104,5491.31912522591,"moving",29,-14.69295,145.44156,"run_day_11652_liz21_del_07_29.json","07",11652
145.441878,-14.693993,2454,3.55,2021-11-26 08:03:00,0.0471176716038086,5239.24603764791,"moving",29,-14.69295,145.44156,"run_day_11652_liz21_del_07_29.json","07",11652
145.441994,-14.694395,2454,3.55,2021-11-26 08:15:00,0.0464089574847514,5160.44062316738,"moving",29,-14.69295,145.44156,"run_day_11652_liz21_del_07_29.json","07",11652
145.441646,-14.69321,2455,3.55,2021-11-26 07:40:00,0.0505705290992104,5623.18627356322,"moving",29,-14.69295,145.44156,"run_day_11652_liz21_del_07_29.json","07",11652
145.441737,-14.693691,2455,3.55,2021-11-26 07:52:00,0.0543729803826983,6045.99956510016,"moving",29,-14.69295,145.44156,"run_day_11652_liz21_del_07_29.json","07",11652
145.441856,-14.694147,2455,3.55,2021-11-26 08:04:00,0.0522954205117845,5814.98544765423,"moving",29,-14.69295,145.44156,"run_day_11652_liz21_del_07_29.json","07",11652
145.441993,-14.694582,2455,3.55,2021-11-26 08:16:00,0.0505645174057912,5622.51780375447,"moving",29,-14.69295,145.44156,"run_day_11652_liz21_del_07_29.json","07",11652
145.441613,-14.693175,2456,3.55,2021-11-26 07:14:00,0.0519642983863273,5778.16634720363,"moving",29,-14.69295,145.44156,"run_day_11652_liz21_del_07_29.json","07",11652
145.441714,-14.69366,2456,3.55,2021-11-26 07:26:00,0.0550128065426246,6117.14498801845,"moving",29,-14.69295,145.44156,"run_day_11652_liz21_del_07_29.json","07",11652
145.441849,-14.694136,2456,3.55,2021-11-26 07:38:00,0.0548843997615296,6102.86680541392,"moving",29,-14.69295,145.44156,"run_day_11652_liz21_del_07_29.json","07",11652
145.441994,-14.6946,2456,3.55,2021-11-26 07:50:00,0.0539000876013186,5993.41628696391,"moving",29,-14.69295,145.44156,"run_day_11652_liz21_del_07_29.json","07",11652
145.441681,-14.693399,2457,3.55,2021-11-26 07:17:00,0.0531838111302584,5913.76997730715,"moving",29,-14.69295,145.44156,"run_day_11652_liz21_del_07_29.json","07",11652
145.441793,-14.693877,2457,3.55,2021-11-26 07:29:00,0.0544992343098469,6060.03836126805,"moving",29,-14.69295,145.44156,"run_day_11652_liz21_del_07_29.json","07",11652
145.441929,-14.694336,2457,3.55,2021-11-26 07:41:00,0.0530933266425124,5903.70856132976,"moving",29,-14.69295,145.44156,"run_day_11652_liz21_del_07_29.json","07",11652
145.441745,-14.69341,2458,3.55,2021-11-26 07:41:00,0.0501147846222287,5572.50979987658,"moving",29,-14.69295,145.44156,"run_day_11652_liz21_del_07_29.json","07",11652
145.441835,-14.693838,2458,3.55,2021-11-26 07:53:00,0.0485659494244695,5400.28718367723,"moving",29,-14.69295,145.44156,"run_day_11652_liz21_del_07_29.json","07",11652
145.441949,-14.694249,2458,3.55,2021-11-26 08:05:00,0.0473174342667099,5261.45863229554,"moving",29,-14.69295,145.44156,"run_day_11652_liz21_del_07_29.json","07",11652
145.442079,-14.694658,2458,3.55,2021-11-26 08:17:00,0.0475796789012983,5290.61890520152,"moving",29,-14.69295,145.44156,"run_day_11652_liz21_del_07_29.json","07",11652
145.44162,-14.693221,2459,3.55,2021-11-26 07:55:00,0.0515062286684445,5727.23131852555,"moving",29,-14.69295,145.44156,"run_day_11652_liz21_del_07_29.json","07",11652
145.441711,-14.693705,2459,3.55,2021-11-26 08:07:00,0.0547011486822384,6082.4902150946,"moving",29,-14.69295,145.44156,"run_day_11652_liz21_del_07_29.json","07",11652
145.441827,-14.694167,2459,3.55,2021-11-26 08:19:00,0.0528654671935832,5878.37174662081,"moving",29,-14.69295,145.44156,"run_day_11652_liz21_del_07_29.json","07",11652
145.441967,-14.694603,2459,3.55,2021-11-26 08:31:00,0.050765670586001,5644.88501687222,"moving",29,-14.69295,145.44156,"run_day_11652_liz21_del_07_29.json","07",11652
145.441771,-14.693165,2460,3.55,2021-11-26 07:26:00,0.0451471256053929,5020.13131990435,"moving",29,-14.69295,145.44156,"run_day_11652_liz21_del_07_29.json","07",11652
145.441838,-14.693537,2460,3.55,2021-11-26 07:38:00,0.0419875628374821,4668.80396969763,"moving",29,-14.69295,145.44156,"run_day_11652_liz21_del_07_29.json","07",11652
145.441926,-14.693903,2460,3.55,2021-11-26 07:50:00,0.0417835198523332,4646.11542493165,"moving",29,-14.69295,145.44156,"run_day_11652_liz21_del_07_29.json","07",11652
145.44203,-14.694275,2460,3.55,2021-11-26 08:02:00,0.0428503283086796,4764.73911297889,"moving",29,-14.69295,145.44156,"run_day_11652_liz21_del_07_29.json","07",11652
145.442149,-14.694661,2460,3.55,2021-11-26 08:14:00,0.0447890349410057,4980.31345474571,"moving",29,-14.69295,145.44156,"run_day_11652_liz21_del_07_29.json","07",11652
145.44149,-14.693338,2461,3.55,2021-11-26 07:24:00,0.0561433916992879,6242.86032157904,"moving",29,-14.69295,145.44156,"run_day_11652_liz21_del_07_29.json","07",11652
145.441623,-14.693854,2461,3.55,2021-11-26 07:36:00,0.0591330104475482,6575.29075898705,"moving",29,-14.69295,145.44156,"run_day_11652_liz21_del_07_29.json","07",11652
145.441787,-14.694382,2461,3.55,2021-11-26 07:48:00,0.0613035529372085,6816.64407190372,"moving",29,-14.69295,145.44156,"run_day_11652_liz21_del_07_29.json","07",11652
145.441641,-14.693275,2462,3.55,2021-11-26 08:09:00,0.0512042983136752,5693.65819487522,"moving",29,-14.69295,145.44156,"run_day_11652_liz21_del_07_29.json","07",11652
145.441728,-14.693749,2462,3.55,2021-11-26 08:21:00,0.0535306315704362,5952.33465071156,"moving",29,-14.69295,145.44156,"run_day_11652_liz21_del_07_29.json","07",11652
145.441841,-14.694196,2462,3.55,2021-11-26 08:33:00,0.0511685687877342,5689.68525285916,"moving",29,-14.69295,145.44156,"run_day_11652_liz21_del_07_29.json","07",11652
145.44198,-14.694623,2462,3.55,2021-11-26 08:45:00,0.0497784288126458,5535.10874030354,"moving",29,-14.69295,145.44156,"run_day_11652_liz21_del_07_29.json","07",11652
145.441656,-14.693207,2463,3.55,2021-11-26 07:26:00,0.0504168630626911,5606.0993899047,"moving",29,-14.69295,145.44156,"run_day_11652_liz21_del_07_29.json","07",11652
145.441748,-14.693682,2463,3.55,2021-11-26 07:38:00,0.0537365462683551,5975.23132044168,"moving",29,-14.69295,145.44156,"run_day_11652_liz21_del_07_29.json","07",11652
145.441872,-14.694136,2463,3.55,2021-11-26 07:50:00,0.0522145960677751,5805.99817953151,"moving",29,-14.69295,145.44156,"run_day_11652_liz21_del_07_29.json","07",11652
145.44201,-14.69458,2463,3.55,2021-11-26 08:02:00,0.0515535246612079,5732.49039297146,"moving",29,-14.69295,145.44156,"run_day_11652_liz21_del_07_29.json","07",11652
145.441716,-14.693681,2464,3.55,2021-11-26 07:15:00,0.0564060513907778,6272.06674670675,"moving",29,-14.69295,145.44156,"run_day_11652_liz21_del_07_29.json","07",11652
145.441856,-14.694159,2464,3.55,2021-11-26 07:27:00,0.0552430581439223,6142.74779793454,"moving",29,-14.69295,145.44156,"run_day_11652_liz21_del_07_29.json","07",11652
145.442004,-14.694628,2464,3.55,2021-11-26 07:39:00,0.0545258453741651,6062.99737661284,"moving",29,-14.69295,145.44156,"run_day_11652_liz21_del_07_29.json","07",11652
145.441515,-14.693451,2465,3.55,2021-11-26 07:20:00,0.0573288024146926,6374.67197912215,"moving",29,-14.69295,145.44156,"run_day_11652_liz21_del_07_29.json","07",11652
145.441659,-14.693973,2465,3.55,2021-11-26 07:32:00,0.060074685005206,6680.00019234886,"moving",29,-14.69295,145.44156,"run_day_11652_liz21_del_07_29.json","07",11652
145.441828,-14.694497,2465,3.55,2021-11-26 07:44:00,0.0610357125616753,6786.86158099386,"moving",29,-14.69295,145.44156,"run_day_11652_liz21_del_07_29.json","07",11652
145.441592,-14.693283,2466,3.55,2021-11-26 07:36:00,0.0527305696526666,5863.37182445406,"moving",29,-14.69295,145.44156,"run_day_11652_liz21_del_07_29.json","07",11652
145.441699,-14.693782,2466,3.55,2021-11-26 07:48:00,0.0566672516139968,6301.11088636713,"moving",29,-14.69295,145.44156,"run_day_11652_liz21_del_07_29.json","07",11652
145.441837,-14.694273,2466,3.55,2021-11-26 08:00:00,0.0565784079803783,6291.23192504409,"moving",29,-14.69295,145.44156,"run_day_11652_liz21_del_07_29.json","07",11652
145.441694,-14.693375,2467,3.55,2021-11-26 07:20:00,0.0522484291589153,5809.76024761901,"moving",29,-14.69295,145.44156,"run_day_11652_liz21_del_07_29.json","07",11652
145.441799,-14.693842,2467,3.55,2021-11-26 07:32:00,0.0531419470218374,5909.11490084223,"moving",29,-14.69295,145.44156,"run_day_11652_liz21_del_07_29.json","07",11652
145.44193,-14.694291,2467,3.55,2021-11-26 07:44:00,0.0518766726211722,5768.42280667504,"moving",29,-14.69295,145.44156,"run_day_11652_liz21_del_07_29.json","07",11652
145.44157,-14.693443,2468,3.55,2021-11-26 07:34:00,0.0551131202943195,6128.2993682796,"moving",29,-14.69295,145.44156,"run_day_11652_liz21_del_07_29.json","07",11652
145.4417,-14.693959,2468,3.55,2021-11-26 07:46:00,0.0590557782321802,6566.70292846461,"moving",29,-14.69295,145.44156,"run_day_11652_liz21_del_07_29.json","07",11652
145.441856,-14.694463,2468,3.55,2021-11-26 07:58:00,0.0585001715297967,6504.92228194984,"moving",29,-14.69295,145.44156,"run_day_11652_liz21_del_07_29.json","07",11652
145.44174,-14.69329,2469,3.55,2021-11-26 07:23:00,0.0492767214366549,5479.32142543319,"moving",29,-14.69295,145.44156,"run_day_11652_liz21_del_07_29.json","07",11652
145.441824,-14.693708,2469,3.55,2021-11-26 07:35:00,0.047349462736225,5265.0200356138,"moving",29,-14.69295,145.44156,"run_day_11652_liz21_del_07_29.json","07",11652
145.441937,-14.694117,2469,3.55,2021-11-26 07:47:00,0.0470747934840506,5234.47820826676,"moving",29,-14.69295,145.44156,"run_day_11652_liz21_del_07_29.json","07",11652
145.44206,-14.694535,2469,3.55,2021-11-26 07:59:00,0.0483256185930707,5373.56361450942,"moving",29,-14.69295,145.44156,"run_day_11652_liz21_del_07_29.json","07",11652
145.441479,-14.693408,2470,3.55,2021-11-26 08:03:00,0.0570667045854863,6345.52803022985,"moving",29,-14.69295,145.44156,"run_day_11652_liz21_del_07_29.json","07",11652
145.441602,-14.693922,2470,3.55,2021-11-26 08:15:00,0.0586653745309743,6523.29201754725,"moving",29,-14.69295,145.44156,"run_day_11652_liz21_del_07_29.json","07",11652
145.441758,-14.694432,2470,3.55,2021-11-26 08:27:00,0.0591396197914656,6576.02568449911,"moving",29,-14.69295,145.44156,"run_day_11652_liz21_del_07_29.json","07",11652
145.441684,-14.693152,2471,3.55,2021-11-26 08:09:00,0.0485629759926454,5399.95655314367,"moving",29,-14.69295,145.44156,"run_day_11652_liz21_del_07_29.json","07",11652
145.441758,-14.693594,2471,3.55,2021-11-26 08:21:00,0.0497884760391443,5536.22594091702,"moving",29,-14.69295,145.44156,"run_day_11652_liz21_del_07_29.json","07",11652
145.44185,-14.694009,2471,3.55,2021-11-26 08:33:00,0.0471949344683024,5247.83727619764,"moving",29,-14.69295,145.44156,"run_day_11652_liz21_del_07_29.json","07",11652
145.441966,-14.69441,2471,3.55,2021-11-26 08:45:00,0.0463018657346973,5148.53256387587,"moving",29,-14.69295,145.44156,"run_day_11652_liz21_del_07_29.json","07",11652
145.441615,-14.693555,2472,3.55,2021-11-26 07:44:00,0.0557100550905006,6194.67548915254,"moving",29,-14.69295,145.44156,"run_day_11652_liz21_del_07_29.json","07",11652
145.441745,-14.694069,2472,3.55,2021-11-26 07:56:00,0.0588397336997147,6542.67987252514,"moving",29,-14.69295,145.44156,"run_day_11652_liz21_del_07_29.json","07",11652
145.4419,-14.694552,2472,3.55,2021-11-26 08:08:00,0.0562351922393858,6253.06807590116,"moving",29,-14.69295,145.44156,"run_day_11652_liz21_del_07_29.json","07",11652
145.441612,-14.693363,2473,3.55,2021-11-26 07:53:00,0.0534876177166892,5947.55172839946,"moving",29,-14.69295,145.44156,"run_day_11652_liz21_del_07_29.json","07",11652
145.441716,-14.693861,2473,3.55,2021-11-26 08:05:00,0.0564936016943448,6281.80189628959,"moving",29,-14.69295,145.44156,"run_day_11652_liz21_del_07_29.json","07",11652
145.441849,-14.694332,2473,3.55,2021-11-26 08:17:00,0.0542913536606546,6036.92308773029,"moving",29,-14.69295,145.44156,"run_day_11652_liz21_del_07_29.json","07",11652
145.441607,-14.693597,2474,3.55,2021-11-26 07:39:00,0.0562357243986311,6253.12724930941,"moving",29,-14.69295,145.44156,"run_day_11652_liz21_del_07_29.json","07",11652
145.441747,-14.694115,2474,3.55,2021-11-26 07:51:00,0.059534777941097,6619.96526596038,"moving",29,-14.69295,145.44156,"run_day_11652_liz21_del_07_29.json","07",11652
145.441908,-14.694606,2474,3.55,2021-11-26 08:03:00,0.0572771660715439,6368.93027973353,"moving",29,-14.69295,145.44156,"run_day_11652_liz21_del_07_29.json","07",11652
145.441641,-14.693403,2475,3.55,2021-11-26 07:44:00,0.0532050156463791,5916.12781192173,"moving",29,-14.69295,145.44156,"run_day_11652_liz21_del_07_29.json","07",11652
145.441749,-14.6939,2475,3.55,2021-11-26 07:56:00,0.0564715401413078,6279.34876351797,"moving",29,-14.69295,145.44156,"run_day_11652_liz21_del_07_29.json","07",11652
145.441885,-14.694366,2475,3.55,2021-11-26 08:08:00,0.0538419929098673,5986.95645200955,"moving",29,-14.69295,145.44156,"run_day_11652_liz21_del_07_29.json","07",11652
145.441529,-14.693386,2476,3.55,2021-11-26 07:52:00,0.0557032566106463,6193.91953268385,"moving",29,-14.69295,145.44156,"run_day_11652_liz21_del_07_29.json","07",11652
145.441648,-14.6939,2476,3.55,2021-11-26 08:04:00,0.0585698522892852,6512.67042888971,"moving",29,-14.69295,145.44156,"run_day_11652_liz21_del_07_29.json","07",11652
145.441799,-14.694404,2476,3.55,2021-11-26 08:16:00,0.0583481977653055,6488.02357035535,"moving",29,-14.69295,145.44156,"run_day_11652_liz21_del_07_29.json","07",11652
145.441758,-14.693188,2477,3.55,2021-11-26 07:44:00,0.0463526155204832,5154.17568258357,"moving",29,-14.69295,145.44156,"run_day_11652_liz21_del_07_29.json","07",11652
145.441825,-14.693579,2477,3.55,2021-11-26 07:56:00,0.0440704078093283,4900.40576355405,"moving",29,-14.69295,145.44156,"run_day_11652_liz21_del_07_29.json","07",11652
145.441912,-14.693953,2477,3.55,2021-11-26 08:08:00,0.0426266897566784,4739.87164059422,"moving",29,-14.69295,145.44156,"run_day_11652_liz21_del_07_29.json","07",11652
145.442015,-14.694323,2477,3.55,2021-11-26 08:20:00,0.0426075956716978,4737.74847521546,"moving",29,-14.69295,145.44156,"run_day_11652_liz21_del_07_29.json","07",11652
145.441562,-14.69366,2478,3.55,2021-11-26 07:16:00,0.0591070854205632,6572.40802751319,"moving",29,-14.69295,145.44156,"run_day_11652_liz21_del_07_29.json","07",11652
145.441724,-14.69419,2478,3.55,2021-11-26 07:28:00,0.0614552373043281,6833.51060397872,"moving",29,-14.69295,145.44156,"run_day_11652_liz21_del_07_29.json","07",11652
145.441901,-14.694703,2478,3.55,2021-11-26 07:40:00,0.0601360132663035,6686.81958384283,"moving",29,-14.69295,145.44156,"run_day_11652_liz21_del_07_29.json","07",11652
145.441606,-14.693452,2479,3.55,2021-11-26 07:32:00,0.0544288246661891,6052.20916610644,"moving",29,-14.69295,145.44156,"run_day_11652_liz21_del_07_29.json","07",11652
145.441732,-14.693963,2479,3.55,2021-11-26 07:44:00,0.0584144480178769,6495.39026233021,"moving",29,-14.69295,145.44156,"run_day_11652_liz21_del_07_29.json","07",11652
145.441883,-14.694453,2479,3.55,2021-11-26 07:56:00,0.0568546417220489,6321.9477156859,"moving",29,-14.69295,145.44156,"run_day_11652_liz21_del_07_29.json","07",11652
145.44169,-14.693633,2480,3.55,2021-11-26 07:19:00,0.0558614461425669,6211.5094060817,"moving",29,-14.69295,145.44156,"run_day_11652_liz21_del_07_29.json","07",11652
145.44183,-14.694121,2480,3.55,2021-11-26 07:31:00,0.0563137178098072,6261.79972094389,"moving",29,-14.69295,145.44156,"run_day_11652_liz21_del_07_29.json","07",11652
145.441978,-14.694594,2480,3.55,2021-11-26 07:43:00,0.0549514023825486,6110.31715694312,"moving",29,-14.69295,145.44156,"run_day_11652_liz21_del_07_29.json","07",11652
145.44152,-14.693415,2481,3.55,2021-11-26 08:02:00,0.0562449971780711,6254.15833533903,"moving",29,-14.69295,145.44156,"run_day_11652_liz21_del_07_29.json","07",11652
145.441638,-14.693923,2481,3.55,2021-11-26 08:14:00,0.0578953175297204,6437.66558578069,"moving",29,-14.69295,145.44156,"run_day_11652_liz21_del_07_29.json","07",11652
145.441789,-14.694424,2481,3.55,2021-11-26 08:26:00,0.0580278702919568,6452.40478045411,"moving",29,-14.69295,145.44156,"run_day_11652_liz21_del_07_29.json","07",11652
145.44174,-14.693207,2482,3.55,2021-11-26 07:11:00,0.0494764835563906,5501.53395968356,"moving",29,-14.69295,145.44156,"run_day_11652_liz21_del_07_29.json","07",11652
145.441819,-14.693617,2482,3.55,2021-11-26 07:23:00,0.0463750136022104,5156.6662356382,"moving",29,-14.69295,145.44156,"run_day_11652_liz21_del_07_29.json","07",11652
145.441929,-14.694018,2482,3.55,2021-11-26 07:35:00,0.0461321585167393,5129.66198222398,"moving",29,-14.69295,145.44156,"run_day_11652_liz21_del_07_29.json","07",11652
145.442046,-14.694435,2482,3.55,2021-11-26 07:47:00,0.0480456280633628,5342.43008809737,"moving",29,-14.69295,145.44156,"run_day_11652_liz21_del_07_29.json","07",11652
145.441749,-14.693202,2483,3.55,2021-11-26 07:49:00,0.0471380159524045,5241.50822599766,"moving",29,-14.69295,145.44156,"run_day_11652_liz21_del_07_29.json","07",11652
145.441818,-14.693603,2483,3.55,2021-11-26 08:01:00,0.0452025763329609,5026.29715948865,"moving",29,-14.69295,145.44156,"run_day_11652_liz21_del_07_29.json","07",11652
145.441905,-14.693981,2483,3.55,2021-11-26 08:13:00,0.0430607304669674,4788.13476553555,"moving",29,-14.69295,145.44156,"run_day_11652_liz21_del_07_29.json","07",11652
145.442012,-14.694357,2483,3.55,2021-11-26 08:25:00,0.0433643584743275,4821.89665954119,"moving",29,-14.69295,145.44156,"run_day_11652_liz21_del_07_29.json","07",11652
145.441624,-14.693317,2484,3.55,2021-11-26 07:23:00,0.0527931409225466,5870.32943221842,"moving",29,-14.69295,145.44156,"run_day_11652_liz21_del_07_29.json","07",11652
145.441735,-14.693811,2484,3.55,2021-11-26 07:35:00,0.0562127794026727,6250.57588216695,"moving",29,-14.69295,145.44156,"run_day_11652_liz21_del_07_29.json","07",11652
145.441875,-14.694289,2484,3.55,2021-11-26 07:47:00,0.0552430557024089,6142.74752645063,"moving",29,-14.69295,145.44156,"run_day_11652_liz21_del_07_29.json","07",11652
145.441748,-14.693612,2485,3.55,2021-11-26 08:08:00,0.0519603406194436,5777.72626360532,"moving",29,-14.69295,145.44156,"run_day_11652_liz21_del_07_29.json","07",11652
145.441847,-14.69404,2485,3.55,2021-11-26 08:20:00,0.0487681225896751,5422.76781395177,"moving",29,-14.69295,145.44156,"run_day_11652_liz21_del_07_29.json","07",11652
145.441969,-14.694451,2485,3.55,2021-11-26 08:32:00,0.047547671846603,5287.05988310258,"moving",29,-14.69295,145.44156,"run_day_11652_liz21_del_07_29.json","07",11652
145.441629,-14.693497,2486,3.55,2021-11-26 08:08:00,0.054056366727639,6010.79373295119,"moving",29,-14.69295,145.44156,"run_day_11652_liz21_del_07_29.json","07",11652
145.441737,-14.693988,2486,3.55,2021-11-26 08:20:00,0.0558188059142834,6206.76802902561,"moving",29,-14.69295,145.44156,"run_day_11652_liz21_del_07_29.json","07",11652
145.441875,-14.694447,2486,3.55,2021-11-26 08:32:00,0.0531529941817982,5910.3432889837,"moving",29,-14.69295,145.44156,"run_day_11652_liz21_del_07_29.json","07",11652
145.44157,-14.693329,2487,3.55,2021-11-26 07:15:00,0.0549207629427301,6106.91020668007,"moving",29,-14.69295,145.44156,"run_day_11652_liz21_del_07_29.json","07",11652
145.441694,-14.693835,2487,3.55,2021-11-26 07:27:00,0.0578237928157123,6429.71240045329,"moving",29,-14.69295,145.44156,"run_day_11652_liz21_del_07_29.json","07",11652
145.441847,-14.694338,2487,3.55,2021-11-26 07:39:00,0.0583017605715126,6482.85998999797,"moving",29,-14.69295,145.44156,"run_day_11652_liz21_del_07_29.json","07",11652
145.441621,-14.693397,2488,3.55,2021-11-26 08:05:00,0.053292849966976,5925.89454275737,"moving",29,-14.69295,145.44156,"run_day_11652_liz21_del_07_29.json","07",11652
145.441722,-14.693886,2488,3.55,2021-11-26 08:17:00,0.055448895391717,6165.63585560378,"moving",29,-14.69295,145.44156,"run_day_11652_liz21_del_07_29.json","07",11652
145.441852,-14.694348,2488,3.55,2021-11-26 08:29:00,0.0532409632530415,5920.1250034076,"moving",29,-14.69295,145.44156,"run_day_11652_liz21_del_07_29.json","07",11652
145.441504,-14.693383,2489,3.55,2021-11-26 08:04:00,0.0561852419169524,6247.5138534623,"moving",29,-14.69295,145.44156,"run_day_11652_liz21_del_07_29.json","07",11652
145.441621,-14.69389,2489,3.55,2021-11-26 08:16:00,0.05776330490117,6422.98645123287,"moving",29,-14.69295,145.44156,"run_day_11652_liz21_del_07_29.json","07",11652
145.44177,-14.694394,2489,3.55,2021-11-26 08:28:00,0.0582886863207209,6481.40619964025,"moving",29,-14.69295,145.44156,"run_day_11652_liz21_del_07_29.json","07",11652
145.441597,-14.693385,2490,3.55,2021-11-26 07:24:00,0.0541501409846859,6021.22095458466,"moving",29,-14.69295,145.44156,"run_day_11652_liz21_del_07_29.json","07",11652
145.44172,-14.693891,2490,3.55,2021-11-26 07:36:00,0.0577990780943598,6426.96424882546,"moving",29,-14.69295,145.44156,"run_day_11652_liz21_del_07_29.json","07",11652
145.441869,-14.694384,2490,3.55,2021-11-26 07:48:00,0.0571136722423391,6350.75059538827,"moving",29,-14.69295,145.44156,"run_day_11652_liz21_del_07_29.json","07",11652
145.441547,-14.693221,2491,3.55,2021-11-26 07:52:00,0.0533435174136794,5931.52850577682,"moving",29,-14.69295,145.44156,"run_day_11652_liz21_del_07_29.json","07",11652
145.44165,-14.693718,2491,3.55,2021-11-26 08:04:00,0.0563633742619834,6267.32126650105,"moving",29,-14.69295,145.44156,"run_day_11652_liz21_del_07_29.json","07",11652
145.44178,-14.694214,2491,3.55,2021-11-26 08:16:00,0.0568975465141024,6326.71851089098,"moving",29,-14.69295,145.44156,"run_day_11652_liz21_del_07_29.json","07",11652
145.441936,-14.694674,2491,3.55,2021-11-26 08:28:00,0.0538314482710061,5985.78394166488,"moving",29,-14.69295,145.44156,"run_day_11652_liz21_del_07_29.json","07",11652
145.441509,-14.693254,2492,3.55,2021-11-26 08:06:00,0.0544388517614096,6053.32412822395,"moving",29,-14.69295,145.44156,"run_day_11652_liz21_del_07_29.json","07",11652
145.441616,-14.69375,2492,3.55,2021-11-26 08:18:00,0.0563406600250378,6264.7955585901,"moving",29,-14.69295,145.44156,"run_day_11652_liz21_del_07_29.json","07",11652
145.441749,-14.69425,2492,3.55,2021-11-26 08:30:00,0.0574083436145951,6383.51655701053,"moving",29,-14.69295,145.44156,"run_day_11652_liz21_del_07_29.json","07",11652
145.44191,-14.694717,2492,3.55,2021-11-26 08:42:00,0.0547393200604622,6086.73467869612,"moving",29,-14.69295,145.44156,"run_day_11652_liz21_del_07_29.json","07",11652
145.441708,-14.693506,2493,3.55,2021-11-26 07:55:00,0.0529272723679515,5885.24416845094,"moving",29,-14.69295,145.44156,"run_day_11652_liz21_del_07_29.json","07",11652
145.441811,-14.693968,2493,3.55,2021-11-26 08:07:00,0.0525530354506457,5843.63092188345,"moving",29,-14.69295,145.44156,"run_day_11652_liz21_del_07_29.json","07",11652
145.441936,-14.694397,2493,3.55,2021-11-26 08:19:00,0.0495610939680208,5510.94220819815,"moving",29,-14.69295,145.44156,"run_day_11652_liz21_del_07_29.json","07",11652
145.441572,-14.693495,2494,3.55,2021-11-26 07:57:00,0.0559726526130111,6223.87500140514,"moving",29,-14.69295,145.44156,"run_day_11652_liz21_del_07_29.json","07",11652
145.441693,-14.694006,2494,3.55,2021-11-26 08:09:00,0.0582920251851428,6481.77746442473,"moving",29,-14.69295,145.44156,"run_day_11652_liz21_del_07_29.json","07",11652
145.441846,-14.694494,2494,3.55,2021-11-26 08:21:00,0.056703609999225,6305.15375434549,"moving",29,-14.69295,145.44156,"run_day_11652_liz21_del_07_29.json","07",11652
145.441579,-14.693199,2495,3.55,2021-11-26 07:47:00,0.0522042927700385,5804.8525050955,"moving",29,-14.69295,145.44156,"run_day_11652_liz21_del_07_29.json","07",11652
145.441678,-14.693691,2495,3.55,2021-11-26 07:59:00,0.0557345570532503,6197.39998310314,"moving",29,-14.69295,145.44156,"run_day_11652_liz21_del_07_29.json","07",11652
145.441804,-14.694179,2495,3.55,2021-11-26 08:11:00,0.0559298897243806,6219.11998514076,"moving",29,-14.69295,145.44156,"run_day_11652_liz21_del_07_29.json","07",11652
145.441952,-14.694631,2495,3.55,2021-11-26 08:23:00,0.0527207716050208,5862.28233126483,"moving",29,-14.69295,145.44156,"run_day_11652_liz21_del_07_29.json","07",11652
145.441726,-14.693339,2496,3.55,2021-11-26 07:15:00,0.0514517868616119,5721.1776658084,"moving",29,-14.69295,145.44156,"run_day_11652_liz21_del_07_29.json","07",11652
145.441821,-14.693776,2496,3.55,2021-11-26 07:27:00,0.0496548972780685,5521.37266037793,"moving",29,-14.69295,145.44156,"run_day_11652_liz21_del_07_29.json","07",11652
145.441945,-14.694203,2496,3.55,2021-11-26 07:39:00,0.0493178875132761,5483.89888430334,"moving",29,-14.69295,145.44156,"run_day_11652_liz21_del_07_29.json","07",11652
145.442079,-14.694639,2496,3.55,2021-11-26 07:51:00,0.0505780016329858,5624.01718140823,"moving",29,-14.69295,145.44156,"run_day_11652_liz21_del_07_29.json","07",11652
145.441626,-14.693638,2497,3.55,2021-11-26 07:14:00,0.0577021247494009,6416.18352874481,"moving",29,-14.69295,145.44156,"run_day_11652_liz21_del_07_29.json","07",11652
145.441778,-14.694153,2497,3.55,2021-11-26 07:26:00,0.0595534189831671,6622.03805526594,"moving",29,-14.69295,145.44156,"run_day_11652_liz21_del_07_29.json","07",11652
145.441941,-14.694647,2497,3.55,2021-11-26 07:38:00,0.0576602698740542,6411.52947895091,"moving",29,-14.69295,145.44156,"run_day_11652_liz21_del_07_29.json","07",11652
145.44178,-14.693291,2498,3.55,2021-11-26 07:14:00,0.0469926605551349,5225.34544326087,"moving",29,-14.69295,145.44156,"run_day_11652_liz21_del_07_29.json","07",11652
145.441857,-14.693672,2498,3.55,2021-11-26 07:26:00,0.0431672030674076,4799.97397853116,"moving",29,-14.69295,145.44156,"run_day_11652_liz21_del_07_29.json","07",11652
145.441964,-14.694057,2498,3.55,2021-11-26 07:38:00,0.0443300251071623,4929.27388994236,"moving",29,-14.69295,145.44156,"run_day_11652_liz21_del_07_29.json","07",11652
145.442076,-14.694463,2498,3.55,2021-11-26 07:50:00,0.0467247472140578,5195.5548389527,"moving",29,-14.69295,145.44156,"run_day_11652_liz21_del_07_29.json","07",11652
145.441631,-14.693357,2499,3.55,2021-11-26 07:17:00,0.0536853569038523,5969.53932281081,"moving",29,-14.69295,145.44156,"run_day_11652_liz21_del_07_29.json","07",11652
145.441747,-14.693852,2499,3.55,2021-11-26 07:29:00,0.0564378899508096,6275.60703305395,"moving",29,-14.69295,145.44156,"run_day_11652_liz21_del_07_29.json","07",11652
145.44189,-14.694331,2499,3.55,2021-11-26 07:41:00,0.0554387016603159,6164.50236438841,"moving",29,-14.69295,145.44156,"run_day_11652_liz21_del_07_29.json","07",11652
145.441706,-14.693638,2500,3.55,2021-11-26 07:49:00,0.0547598066953408,6089.01268855864,"moving",29,-14.69295,145.44156,"run_day_11652_liz21_del_07_29.json","07",11652
145.441827,-14.694114,2500,3.55,2021-11-26 08:01:00,0.0545053654015007,6060.72010755474,"moving",29,-14.69295,145.44156,"run_day_11652_liz21_del_07_29.json","07",11652
145.441968,-14.694561,2500,3.55,2021-11-26 08:13:00,0.0519663235457022,5778.39153465176,"moving",29,-14.69295,145.44156,"run_day_11652_liz21_del_07_29.json","07",11652
145.441683,-14.693593,2501,3.55,2021-11-26 07:55:00,0.0545214200774522,6062.50530606947,"moving",29,-14.69295,145.44156,"run_day_11652_liz21_del_07_29.json","07",11652
145.4418,-14.694077,2501,3.55,2021-11-26 08:07:00,0.0552700583366461,6145.75008238385,"moving",29,-14.69295,145.44156,"run_day_11652_liz21_del_07_29.json","07",11652
145.441939,-14.694524,2501,3.55,2021-11-26 08:19:00,0.0519039532866827,5771.45627827529,"moving",29,-14.69295,145.44156,"run_day_11652_liz21_del_07_29.json","07",11652
145.441723,-14.693562,2502,3.55,2021-11-26 07:11:00,0.0547797682695634,6091.23231434003,"moving",29,-14.69295,145.44156,"run_day_11652_liz21_del_07_29.json","07",11652
145.441851,-14.694027,2502,3.55,2021-11-26 07:23:00,0.0535071621292836,5949.7249679242,"moving",29,-14.69295,145.44156,"run_day_11652_liz21_del_07_29.json","07",11652
145.441987,-14.694485,2502,3.55,2021-11-26 07:35:00,0.0529864413535574,5891.82345946502,"moving",29,-14.69295,145.44156,"run_day_11652_liz21_del_07_29.json","07",11652
145.441759,-14.693298,2503,3.55,2021-11-26 07:30:00,0.0475400335270596,5286.21054072125,"moving",29,-14.69295,145.44156,"run_day_11652_liz21_del_07_29.json","07",11652
145.441838,-14.6937,2503,3.55,2021-11-26 07:42:00,0.0455008050502377,5059.45867982955,"moving",29,-14.69295,145.44156,"run_day_11652_liz21_del_07_29.json","07",11652
145.441943,-14.694093,2503,3.55,2021-11-26 07:54:00,0.0451353675047219,5018.82387876275,"moving",29,-14.69295,145.44156,"run_day_11652_liz21_del_07_29.json","07",11652
145.44206,-14.694496,2503,3.55,2021-11-26 08:06:00,0.0465450317314622,5175.5713890486,"moving",29,-14.69295,145.44156,"run_day_11652_liz21_del_07_29.json","07",11652
145.441772,-14.693435,2504,3.55,2021-11-26 07:26:00,0.0484347519462646,5385.69868971229,"moving",29,-14.69295,145.44156,"run_day_11652_liz21_del_07_29.json","07",11652
145.441866,-14.693843,2504,3.55,2021-11-26 07:38:00,0.0464804774329735,5168.39327856355,"moving",29,-14.69295,145.44156,"run_day_11652_liz21_del_07_29.json","07",11652
145.441982,-14.694249,2504,3.55,2021-11-26 07:50:00,0.0468375170261191,5208.09426993258,"moving",29,-14.69295,145.44156,"run_day_11652_liz21_del_07_29.json","07",11652
145.442112,-14.694666,2504,3.55,2021-11-26 08:02:00,0.0484306639328305,5385.24412335836,"moving",29,-14.69295,145.44156,"run_day_11652_liz21_del_07_29.json","07",11652
145.441515,-14.693386,2505,3.55,2021-11-26 07:55:00,0.0561852418767267,6247.51384898941,"moving",29,-14.69295,145.44156,"run_day_11652_liz21_del_07_29.json","07",11652
145.441634,-14.693899,2505,3.55,2021-11-26 08:07:00,0.0584613500512971,6500.60553049585,"moving",29,-14.69295,145.44156,"run_day_11652_liz21_del_07_29.json","07",11652
145.441786,-14.694404,2505,3.55,2021-11-26 08:19:00,0.0584849818918709,6503.23327127493,"moving",29,-14.69295,145.44156,"run_day_11652_liz21_del_07_29.json","07",11652
145.441555,-14.693623,2506,3.55,2021-11-26 08:04:00,0.0575228552199763,6396.24966657083,"moving",29,-14.69295,145.44156,"run_day_11652_liz21_del_07_29.json","07",11652
145.441687,-14.694137,2506,3.55,2021-11-26 08:16:00,0.0588912233089599,6548.40525584812,"moving",29,-14.69295,145.44156,"run_day_11652_liz21_del_07_29.json","07",11652
145.441852,-14.694628,2506,3.55,2021-11-26 08:28:00,0.0574087041938519,6383.55665159453,"moving",29,-14.69295,145.44156,"run_day_11652_liz21_del_07_29.json","07",11652
145.441718,-14.69336,2507,3.55,2021-11-26 07:39:00,0.0508660805772045,5656.05009847847,"moving",29,-14.69295,145.44156,"run_day_11652_liz21_del_07_29.json","07",11652
145.441809,-14.693807,2507,3.55,2021-11-26 07:51:00,0.0506586825327665,5632.98848814096,"moving",29,-14.69295,145.44156,"run_day_11652_liz21_del_07_29.json","07",11652
145.441926,-14.694231,2507,3.55,2021-11-26 08:03:00,0.0487972476659377,5426.00637467031,"moving",29,-14.69295,145.44156,"run_day_11652_liz21_del_07_29.json","07",11652
145.44206,-14.69465,2507,3.55,2021-11-26 08:15:00,0.048769036707366,5422.86945920136,"moving",29,-14.69295,145.44156,"run_day_11652_liz21_del_07_29.json","07",11652
145.441622,-14.693687,2508,3.55,2021-11-26 07:16:00,0.0582321416518694,6475.11871933517,"moving",29,-14.69295,145.44156,"run_day_11652_liz21_del_07_29.json","07",11652
145.441779,-14.694206,2508,3.55,2021-11-26 07:28:00,0.0601300435797827,6686.15578498805,"moving",29,-14.69295,145.44156,"run_day_11652_liz21_del_07_29.json","07",11652
145.441947,-14.694702,2508,3.55,2021-11-26 07:40:00,0.0580373512787838,6453.45901808885,"moving",29,-14.69295,145.44156,"run_day_11652_liz21_del_07_29.json","07",11652
145.441581,-14.693172,2509,3.55,2021-11-26 07:50:00,0.0518555656885499,5766.0758228504,"moving",29,-14.69295,145.44156,"run_day_11652_liz21_del_07_29.json","07",11652
145.441676,-14.69366,2509,3.55,2021-11-26 08:02:00,0.0552168032743783,6139.82838964152,"moving",29,-14.69295,145.44156,"run_day_11652_liz21_del_07_29.json","07",11652
145.441797,-14.694144,2509,3.55,2021-11-26 08:14:00,0.0553696011477072,6156.81873795778,"moving",29,-14.69295,145.44156,"run_day_11652_liz21_del_07_29.json","07",11652
145.441942,-14.694593,2509,3.55,2021-11-26 08:26:00,0.0523057376722138,5816.13266355135,"moving",29,-14.69295,145.44156,"run_day_11652_liz21_del_07_29.json","07",11652
145.441646,-14.693604,2510,3.55,2021-11-26 07:24:00,0.0558868526148102,6214.33447689908,"moving",29,-14.69295,145.44156,"run_day_11652_liz21_del_07_29.json","07",11652
145.441788,-14.69411,2510,3.55,2021-11-26 07:36:00,0.0583007882924869,6482.75187750303,"moving",29,-14.69295,145.44156,"run_day_11652_liz21_del_07_29.json","07",11652
145.441943,-14.694595,2510,3.55,2021-11-26 07:48:00,0.056447622153818,6276.68920465356,"moving",29,-14.69295,145.44156,"run_day_11652_liz21_del_07_29.json","07",11652
145.441523,-14.69343,2511,3.55,2021-11-26 07:32:00,0.056119823912703,6240.23970327856,"moving",29,-14.69295,145.44156,"run_day_11652_liz21_del_07_29.json","07",11652
145.441658,-14.693951,2511,3.55,2021-11-26 07:44:00,0.0597245559429603,6641.06761695631,"moving",29,-14.69295,145.44156,"run_day_11652_liz21_del_07_29.json","07",11652
145.441823,-14.694471,2511,3.55,2021-11-26 07:56:00,0.0604836264350199,6725.47240463893,"moving",29,-14.69295,145.44156,"run_day_11652_liz21_del_07_29.json","07",11652
145.441675,-14.693191,2512,3.55,2021-11-26 07:19:00,0.0503314300373573,5596.59967091969,"moving",29,-14.69295,145.44156,"run_day_11652_liz21_del_07_29.json","07",11652
145.441765,-14.693653,2512,3.55,2021-11-26 07:31:00,0.0522761483771097,5812.84248405278,"moving",29,-14.69295,145.44156,"run_day_11652_liz21_del_07_29.json","07",11652
145.441886,-14.694095,2512,3.55,2021-11-26 07:43:00,0.0508421081742124,5653.38448888627,"moving",29,-14.69295,145.44156,"run_day_11652_liz21_del_07_29.json","07",11652
145.442018,-14.694535,2512,3.55,2021-11-26 07:55:00,0.0509441304815212,5664.72885186358,"moving",29,-14.69295,145.44156,"run_day_11652_liz21_del_07_29.json","07",11652
145.441654,-14.693449,2513,3.55,2021-11-26 07:55:00,0.0534694279934841,5945.52912346198,"moving",29,-14.69295,145.44156,"run_day_11652_liz21_del_07_29.json","07",11652
145.441759,-14.69394,2513,3.55,2021-11-26 08:07:00,0.0557525487106765,6199.40056413086,"moving",29,-14.69295,145.44156,"run_day_11652_liz21_del_07_29.json","07",11652
145.441891,-14.694392,2513,3.55,2021-11-26 08:19:00,0.0522269307743978,5807.36973632962,"moving",29,-14.69295,145.44156,"run_day_11652_liz21_del_07_29.json","07",11652
145.441639,-14.693582,2514,3.55,2021-11-26 07:50:00,0.0554700712391784,6167.99050240889,"moving",29,-14.69295,145.44156,"run_day_11652_liz21_del_07_29.json","07",11652
145.441765,-14.694087,2514,3.55,2021-11-26 08:02:00,0.0577656877353722,6423.2514103072,"moving",29,-14.69295,145.44156,"run_day_11652_liz21_del_07_29.json","07",11652
145.441915,-14.694556,2514,3.55,2021-11-26 08:14:00,0.0545890368843208,6070.02395194916,"moving",29,-14.69295,145.44156,"run_day_11652_liz21_del_07_29.json","07",11652
145.441777,-14.693597,2515,3.55,2021-11-26 07:25:00,0.0505379620484195,5619.5649827395,"moving",29,-14.69295,145.44156,"run_day_11652_liz21_del_07_29.json","07",11652
145.441892,-14.694025,2515,3.55,2021-11-26 07:37:00,0.049172566910946,5467.7399705873,"moving",29,-14.69295,145.44156,"run_day_11652_liz21_del_07_29.json","07",11652
145.442017,-14.694457,2515,3.55,2021-11-26 07:49:00,0.049882250908067,5546.65323058798,"moving",29,-14.69295,145.44156,"run_day_11652_liz21_del_07_29.json","07",11652
145.441609,-14.693662,2516,3.55,2021-11-26 08:02:00,0.0567980351611231,6315.65335329615,"moving",29,-14.69295,145.44156,"run_day_11652_liz21_del_07_29.json","07",11652
145.44174,-14.694169,2516,3.55,2021-11-26 08:14:00,0.0581099457274371,6461.53115248166,"moving",29,-14.69295,145.44156,"run_day_11652_liz21_del_07_29.json","07",11652
145.441899,-14.694643,2516,3.55,2021-11-26 08:26:00,0.0554114889593043,6161.47645009562,"moving",29,-14.69295,145.44156,"run_day_11652_liz21_del_07_29.json","07",11652
145.44155,-14.693416,2517,3.55,2021-11-26 07:43:00,0.0554623433413306,6167.13119937459,"moving",29,-14.69295,145.44156,"run_day_11652_liz21_del_07_29.json","07",11652
145.441674,-14.693932,2517,3.55,2021-11-26 07:55:00,0.0589063165671258,6550.08354958271,"moving",29,-14.69295,145.44156,"run_day_11652_liz21_del_07_29.json","07",11652
145.441829,-14.694438,2517,3.55,2021-11-26 08:07:00,0.058682605293272,6525.20799089697,"moving",29,-14.69295,145.44156,"run_day_11652_liz21_del_07_29.json","07",11652
145.441544,-14.693371,2518,3.55,2021-11-26 07:21:00,0.0554776977581141,6168.8385326225,"moving",29,-14.69295,145.44156,"run_day_11652_liz21_del_07_29.json","07",11652
145.441674,-14.693882,2518,3.55,2021-11-26 07:33:00,0.0585157614270237,6506.65579942839,"moving",29,-14.69295,145.44156,"run_day_11652_liz21_del_07_29.json","07",11652
145.441832,-14.694396,2518,3.55,2021-11-26 07:45:00,0.0596272096164052,6630.24319931591,"moving",29,-14.69295,145.44156,"run_day_11652_liz21_del_07_29.json","07",11652
145.441575,-14.693316,2519,3.55,2021-11-26 07:58:00,0.0537940690866715,5981.62756600476,"moving",29,-14.69295,145.44156,"run_day_11652_liz21_del_07_29.json","07",11652
145.441679,-14.693812,2519,3.55,2021-11-26 08:10:00,0.0562756326985469,6257.56484979105,"moving",29,-14.69295,145.44156,"run_day_11652_liz21_del_07_29.json","07",11652
145.441812,-14.694297,2519,3.55,2021-11-26 08:22:00,0.055794579566822,6204.07418209677,"moving",29,-14.69295,145.44156,"run_day_11652_liz21_del_07_29.json","07",11652
145.441675,-14.693611,2520,3.55,2021-11-26 07:30:00,0.0549685614987077,6112.22516360572,"moving",29,-14.69295,145.44156,"run_day_11652_liz21_del_07_29.json","07",11652
145.44181,-14.694106,2520,3.55,2021-11-26 07:42:00,0.0569245693893257,6329.72331751916,"moving",29,-14.69295,145.44156,"run_day_11652_liz21_del_07_29.json","07",11652
145.44196,-14.694579,2520,3.55,2021-11-26 07:54:00,0.0550141038683285,6117.28924405492,"moving",29,-14.69295,145.44156,"run_day_11652_liz21_del_07_29.json","07",11652
145.441471,-14.693535,2521,3.55,2021-11-26 07:50:00,0.0588093945648747,6539.30631465215,"moving",29,-14.69295,145.44156,"run_day_11652_liz21_del_07_29.json","07",11652
145.441614,-14.694069,2521,3.55,2021-11-26 08:02:00,0.0613378178254952,6820.45415364324,"moving",29,-14.69295,145.44156,"run_day_11652_liz21_del_07_29.json","07",11652
145.441789,-14.694592,2521,3.55,2021-11-26 08:14:00,0.0611252022956121,6796.8123853944,"moving",29,-14.69295,145.44156,"run_day_11652_liz21_del_07_29.json","07",11652
145.441476,-14.693559,2522,3.55,2021-11-26 07:54:00,0.0588653942740944,6545.53319821096,"moving",29,-14.69295,145.44156,"run_day_11652_liz21_del_07_29.json","07",11652
145.441618,-14.694091,2522,3.55,2021-11-26 08:06:00,0.0610955810867253,6793.51865724511,"moving",29,-14.69295,145.44156,"run_day_11652_liz21_del_07_29.json","07",11652
145.441793,-14.694609,2522,3.55,2021-11-26 08:18:00,0.0605964854580461,6738.0217554255,"moving",29,-14.69295,145.44156,"run_day_11652_liz21_del_07_29.json","07",11652
145.441578,-14.693554,2523,3.55,2021-11-26 07:44:00,0.0564992673575156,6282.43188929026,"moving",29,-14.69295,145.44156,"run_day_11652_liz21_del_07_29.json","07",11652
145.441713,-14.694075,2523,3.55,2021-11-26 07:56:00,0.0597245539393033,6641.06739415982,"moving",29,-14.69295,145.44156,"run_day_11652_liz21_del_07_29.json","07",11652
145.441875,-14.694571,2523,3.55,2021-11-26 08:08:00,0.0578396787367286,6431.47883427538,"moving",29,-14.69295,145.44156,"run_day_11652_liz21_del_07_29.json","07",11652
145.441679,-14.693432,2524,3.55,2021-11-26 08:05:00,0.0523267599333445,5818.47023233568,"moving",29,-14.69295,145.44156,"run_day_11652_liz21_del_07_29.json","07",11652
145.441773,-14.693901,2524,3.55,2021-11-26 08:17:00,0.0531214489665116,5906.83562108392,"moving",29,-14.69295,145.44156,"run_day_11652_liz21_del_07_29.json","07",11652
145.441896,-14.694335,2524,3.55,2021-11-26 08:29:00,0.0500391451056299,5564.09906937695,"moving",29,-14.69295,145.44156,"run_day_11652_liz21_del_07_29.json","07",11652
145.441691,-14.693592,2525,3.55,2021-11-26 07:24:00,0.0546858307723386,6080.78694122694,"moving",29,-14.69295,145.44156,"run_day_11652_liz21_del_07_29.json","07",11652
145.441824,-14.694078,2525,3.55,2021-11-26 07:36:00,0.0559020685381786,6216.02641038187,"moving",29,-14.69295,145.44156,"run_day_11652_liz21_del_07_29.json","07",11652
145.441968,-14.694546,2525,3.55,2021-11-26 07:48:00,0.0542952148624923,6037.35243378539,"moving",29,-14.69295,145.44156,"run_day_11652_liz21_del_07_29.json","07",11652
145.441772,-14.693531,2526,3.55,2021-11-26 07:23:00,0.0500427089231748,5564.49534780743,"moving",29,-14.69295,145.44156,"run_day_11652_liz21_del_07_29.json","07",11652
145.441881,-14.693952,2526,3.55,2021-11-26 07:35:00,0.0482588009028033,5366.13382634158,"moving",29,-14.69295,145.44156,"run_day_11652_liz21_del_07_29.json","07",11652
145.442003,-14.694378,2526,3.55,2021-11-26 07:47:00,0.0491529771066559,5465.56168373628,"moving",29,-14.69295,145.44156,"run_day_11652_liz21_del_07_29.json","07",11652
145.441595,-14.693227,2527,3.55,2021-11-26 07:22:00,0.0524284315275279,5829.77559779273,"moving",29,-14.69295,145.44156,"run_day_11652_liz21_del_07_29.json","07",11652
145.441701,-14.693718,2527,3.55,2021-11-26 07:34:00,0.0557744383150614,6201.83457708471,"moving",29,-14.69295,145.44156,"run_day_11652_liz21_del_07_29.json","07",11652
145.44184,-14.694207,2527,3.55,2021-11-26 07:46:00,0.0563922590472198,6270.53310807656,"moving",29,-14.69295,145.44156,"run_day_11652_liz21_del_07_29.json","07",11652
145.441994,-14.694674,2527,3.55,2021-11-26 07:58:00,0.0545058184191384,6060.77048081773,"moving",29,-14.69295,145.44156,"run_day_11652_liz21_del_07_29.json","07",11652
145.441683,-14.69322,2528,3.55,2021-11-26 07:48:00,0.0499912645264066,5558.77499188251,"moving",29,-14.69295,145.44156,"run_day_11652_liz21_del_07_29.json","07",11652
145.441765,-14.693683,2528,3.55,2021-11-26 08:00:00,0.0522332647215,5808.07403911302,"moving",29,-14.69295,145.44156,"run_day_11652_liz21_del_07_29.json","07",11652
145.441873,-14.694112,2528,3.55,2021-11-26 08:12:00,0.0490966247541144,5459.29558802918,"moving",29,-14.69295,145.44156,"run_day_11652_liz21_del_07_29.json","07",11652
145.442,-14.694527,2528,3.55,2021-11-26 08:24:00,0.0481252090384253,5351.27908878175,"moving",29,-14.69295,145.44156,"run_day_11652_liz21_del_07_29.json","07",11652
145.441732,-14.693209,2529,3.55,2021-11-26 07:41:00,0.0483252431581539,5373.52186805139,"moving",29,-14.69295,145.44156,"run_day_11652_liz21_del_07_29.json","07",11652
145.441806,-14.693627,2529,3.55,2021-11-26 07:53:00,0.0471560486738682,5243.51337313802,"moving",29,-14.69295,145.44156,"run_day_11652_liz21_del_07_29.json","07",11652
145.441903,-14.694025,2529,3.55,2021-11-26 08:05:00,0.0454687493917212,5055.89425323226,"moving",29,-14.69295,145.44156,"run_day_11652_liz21_del_07_29.json","07",11652
145.442016,-14.694419,2529,3.55,2021-11-26 08:17:00,0.0454654553315048,5055.52797044814,"moving",29,-14.69295,145.44156,"run_day_11652_liz21_del_07_29.json","07",11652
145.441691,-14.69332,2530,3.55,2021-11-26 07:43:00,0.0510343283581976,5674.7583981441,"moving",29,-14.69295,145.44156,"run_day_11652_liz21_del_07_29.json","07",11652
145.441782,-14.693787,2530,3.55,2021-11-26 07:55:00,0.0528424238690871,5875.80944584382,"moving",29,-14.69295,145.44156,"run_day_11652_liz21_del_07_29.json","07",11652
145.4419,-14.694222,2530,3.55,2021-11-26 08:07:00,0.0500072039136797,5560.54737088111,"moving",29,-14.69295,145.44156,"run_day_11652_liz21_del_07_29.json","07",11652
145.442036,-14.694645,2530,3.55,2021-11-26 08:19:00,0.0492575787875864,5477.19285997425,"moving",29,-14.69295,145.44156,"run_day_11652_liz21_del_07_29.json","07",11652
145.441598,-14.693603,2531,3.55,2021-11-26 07:26:00,0.0567267362405724,6307.72527505568,"moving",29,-14.69295,145.44156,"run_day_11652_liz21_del_07_29.json","07",11652
145.441746,-14.694123,2531,3.55,2021-11-26 07:38:00,0.0599725984323638,6668.64868337027,"moving",29,-14.69295,145.44156,"run_day_11652_liz21_del_07_29.json","07",11652
145.441911,-14.694623,2531,3.55,2021-11-26 07:50:00,0.0583612597599296,6489.47599788941,"moving",29,-14.69295,145.44156,"run_day_11652_liz21_del_07_29.json","07",11652
145.441498,-14.693414,2532,3.55,2021-11-26 07:15:00,0.057597151122181,6404.51099396648,"moving",29,-14.69295,145.44156,"run_day_11652_liz21_del_07_29.json","07",11652
145.441642,-14.693936,2532,3.55,2021-11-26 07:27:00,0.0600746856822004,6680.0002676272,"moving",29,-14.69295,145.44156,"run_day_11652_liz21_del_07_29.json","07",11652
145.441811,-14.694463,2532,3.55,2021-11-26 07:39:00,0.0613542418264895,6822.28041922902,"moving",29,-14.69295,145.44156,"run_day_11652_liz21_del_07_29.json","07",11652
145.441671,-14.693424,2533,3.55,2021-11-26 07:47:00,0.0528624552919508,5878.03683843973,"moving",29,-14.69295,145.44156,"run_day_11652_liz21_del_07_29.json","07",11652
145.441775,-14.693909,2533,3.55,2021-11-26 07:59:00,0.0550774312267453,6124.33092502868,"moving",29,-14.69295,145.44156,"run_day_11652_liz21_del_07_29.json","07",11652
145.441905,-14.694358,2533,3.55,2021-11-26 08:11:00,0.0518475611276665,5765.18575629015,"moving",29,-14.69295,145.44156,"run_day_11652_liz21_del_07_29.json","07",11652
145.44171,-14.693441,2534,3.55,2021-11-26 08:01:00,0.0519045020743214,5771.51730067651,"moving",29,-14.69295,145.44156,"run_day_11652_liz21_del_07_29.json","07",11652
145.441802,-14.693892,2534,3.55,2021-11-26 08:13:00,0.0511158658576896,5683.8249544189,"moving",29,-14.69295,145.44156,"run_day_11652_liz21_del_07_29.json","07",11652
145.441919,-14.694311,2534,3.55,2021-11-26 08:25:00,0.0482602909895056,5366.29951642313,"moving",29,-14.69295,145.44156,"run_day_11652_liz21_del_07_29.json","07",11652
145.441684,-14.69355,2535,3.55,2021-11-26 07:18:00,0.0549038066434348,6105.02475222377,"moving",29,-14.69295,145.44156,"run_day_11652_liz21_del_07_29.json","07",11652
145.441816,-14.694036,2535,3.55,2021-11-26 07:30:00,0.0558746419707633,6212.97671523,"moving",29,-14.69295,145.44156,"run_day_11652_liz21_del_07_29.json","07",11652
145.441958,-14.694507,2535,3.55,2021-11-26 07:42:00,0.0545544076263407,6066.1733541483,"moving",29,-14.69295,145.44156,"run_day_11652_liz21_del_07_29.json","07",11652
145.441723,-14.693524,2536,3.55,2021-11-26 07:53:00,0.0526898297327679,5858.84175204941,"moving",29,-14.69295,145.44156,"run_day_11652_liz21_del_07_29.json","07",11652
145.441825,-14.693976,2536,3.55,2021-11-26 08:05:00,0.0514435623567626,5720.26314259501,"moving",29,-14.69295,145.44156,"run_day_11652_liz21_del_07_29.json","07",11652
145.441949,-14.694402,2536,3.55,2021-11-26 08:17:00,0.0492108417531048,5471.99593885347,"moving",29,-14.69295,145.44156,"run_day_11652_liz21_del_07_29.json","07",11652
145.441705,-14.693273,2537,3.55,2021-11-26 08:03:00,0.049895712938053,5548.15014002476,"moving",29,-14.69295,145.44156,"run_day_11652_liz21_del_07_29.json","07",11652
145.441782,-14.693713,2537,3.55,2021-11-26 08:15:00,0.049621792676257,5517.6915966079,"moving",29,-14.69295,145.44156,"run_day_11652_liz21_del_07_29.json","07",11652
145.441883,-14.694123,2537,3.55,2021-11-26 08:27:00,0.046866341007186,5211.29935039292,"moving",29,-14.69295,145.44156,"run_day_11652_liz21_del_07_29.json","07",11652
145.442006,-14.694524,2537,3.55,2021-11-26 08:39:00,0.0465103978100839,5171.72027270152,"moving",29,-14.69295,145.44156,"run_day_11652_liz21_del_07_29.json","07",11652
145.44151,-14.693445,2538,3.55,2021-11-26 07:28:00,0.0567633932043429,6311.80134345315,"moving",29,-14.69295,145.44156,"run_day_11652_liz21_del_07_29.json","07",11652
145.441651,-14.693968,2538,3.55,2021-11-26 07:40:00,0.0600998932668877,6682.80322315738,"moving",29,-14.69295,145.44156,"run_day_11652_liz21_del_07_29.json","07",11652
145.44182,-14.694493,2538,3.55,2021-11-26 07:52:00,0.0611418709600679,6798.66585631583,"moving",29,-14.69295,145.44156,"run_day_11652_liz21_del_07_29.json","07",11652
145.441476,-14.693346,2539,3.55,2021-11-26 07:41:00,0.0564136424482046,6272.91083378048,"moving",29,-14.69295,145.44156,"run_day_11652_liz21_del_07_29.json","07",11652
145.441605,-14.693867,2539,3.55,2021-11-26 07:53:00,0.0595709471603494,6623.98709964193,"moving",29,-14.69295,145.44156,"run_day_11652_liz21_del_07_29.json","07",11652
145.441765,-14.694393,2539,3.55,2021-11-26 08:05:00,0.060967765992707,6779.30626724168,"moving",29,-14.69295,145.44156,"run_day_11652_liz21_del_07_29.json","07",11652
145.441715,-14.693305,2540,3.55,2021-11-26 07:35:00,0.0500810716882163,5568.7610926521,"moving",29,-14.69295,145.44156,"run_day_11652_liz21_del_07_29.json","07",11652
145.441802,-14.69375,2540,3.55,2021-11-26 07:47:00,0.0503587850575044,5599.64141037831,"moving",29,-14.69295,145.44156,"run_day_11652_liz21_del_07_29.json","07",11652
145.441918,-14.694172,2540,3.55,2021-11-26 07:59:00,0.0485546653149919,5399.03244795162,"moving",29,-14.69295,145.44156,"run_day_11652_liz21_del_07_29.json","07",11652
145.442048,-14.694592,2540,3.55,2021-11-26 08:11:00,0.0487501398028745,5420.76821929262,"moving",29,-14.69295,145.44156,"run_day_11652_liz21_del_07_29.json","07",11652
145.441588,-14.693466,2541,3.55,2021-11-26 07:30:00,0.0550890799428701,6125.62620316368,"moving",29,-14.69295,145.44156,"run_day_11652_liz21_del_07_29.json","07",11652
145.441719,-14.69398,2541,3.55,2021-11-26 07:42:00,0.0588653877762748,6545.53247568638,"moving",29,-14.69295,145.44156,"run_day_11652_liz21_del_07_29.json","07",11652
145.441875,-14.694479,2541,3.55,2021-11-26 07:54:00,0.0579677755143823,6445.72254606998,"moving",29,-14.69295,145.44156,"run_day_11652_liz21_del_07_29.json","07",11652
145.441526,-14.693395,2542,3.55,2021-11-26 08:02:00,0.0558958123175027,6215.33075038273,"moving",29,-14.69295,145.44156,"run_day_11652_liz21_del_07_29.json","07",11652
145.441641,-14.693901,2542,3.55,2021-11-26 08:14:00,0.0576082147067012,6405.74120843563,"moving",29,-14.69295,145.44156,"run_day_11652_liz21_del_07_29.json","07",11652
145.441789,-14.6944,2542,3.55,2021-11-26 08:26:00,0.0577245873916696,6418.68126060412,"moving",29,-14.69295,145.44156,"run_day_11652_liz21_del_07_29.json","07",11652
145.441741,-14.693573,2543,3.55,2021-11-26 07:33:00,0.0524554664134752,5832.78173995249,"moving",29,-14.69295,145.44156,"run_day_11652_liz21_del_07_29.json","07",11652
145.441857,-14.694022,2543,3.55,2021-11-26 07:45:00,0.0514619012021465,5722.30232916221,"moving",29,-14.69295,145.44156,"run_day_11652_liz21_del_07_29.json","07",11652
145.441987,-14.694461,2543,3.55,2021-11-26 07:57:00,0.0507776950411696,5646.22207528262,"moving",29,-14.69295,145.44156,"run_day_11652_liz21_del_07_29.json","07",11652
145.441514,-14.693414,2544,3.55,2021-11-26 08:04:00,0.0562449971916411,6254.15833684794,"moving",29,-14.69295,145.44156,"run_day_11652_liz21_del_07_29.json","07",11652
145.441632,-14.693921,2544,3.55,2021-11-26 08:16:00,0.0577868325624551,6425.60260780359,"moving",29,-14.69295,145.44156,"run_day_11652_liz21_del_07_29.json","07",11652
145.441783,-14.694422,2544,3.55,2021-11-26 08:28:00,0.0580278703335675,6452.404785081,"moving",29,-14.69295,145.44156,"run_day_11652_liz21_del_07_29.json","07",11652
145.441492,-14.693312,2545,3.55,2021-11-26 07:54:00,0.055802029248199,6204.90254887101,"moving",29,-14.69295,145.44156,"run_day_11652_liz21_del_07_29.json","07",11652
145.441609,-14.693824,2545,3.55,2021-11-26 08:06:00,0.058306051663352,6483.33713764028,"moving",29,-14.69295,145.44156,"run_day_11652_liz21_del_07_29.json","07",11652
145.441756,-14.694334,2545,3.55,2021-11-26 08:18:00,0.0588722928561299,6546.30028553435,"moving",29,-14.69295,145.44156,"run_day_11652_liz21_del_07_29.json","07",11652
145.441551,-14.693408,2546,3.55,2021-11-26 08:02:00,0.0553671449558797,6156.5456218877,"moving",29,-14.69295,145.44156,"run_day_11652_liz21_del_07_29.json","07",11652
145.441664,-14.693912,2546,3.55,2021-11-26 08:14:00,0.0573450529626075,6376.47895760548,"moving",29,-14.69295,145.44156,"run_day_11652_liz21_del_07_29.json","07",11652
145.441809,-14.694404,2546,3.55,2021-11-26 08:26:00,0.0568875013242447,6325.60153674163,"moving",29,-14.69295,145.44156,"run_day_11652_liz21_del_07_29.json","07",11652
145.441682,-14.693329,2547,3.55,2021-11-26 08:04:00,0.0511042236229813,5682.53039698453,"moving",29,-14.69295,145.44156,"run_day_11652_liz21_del_07_29.json","07",11652
145.441767,-14.693791,2547,3.55,2021-11-26 08:16:00,0.0521792377817099,5802.06651750622,"moving",29,-14.69295,145.44156,"run_day_11652_liz21_del_07_29.json","07",11652
145.441879,-14.694218,2547,3.55,2021-11-26 08:28:00,0.0489846021364238,5446.83924127254,"moving",29,-14.69295,145.44156,"run_day_11652_liz21_del_07_29.json","07",11652
145.442013,-14.694633,2547,3.55,2021-11-26 08:40:00,0.0483443029325117,5375.64121826297,"moving",29,-14.69295,145.44156,"run_day_11652_liz21_del_07_29.json","07",11652
145.441679,-14.69359,2548,3.55,2021-11-26 07:25:00,0.0548162396126422,6095.28774265831,"moving",29,-14.69295,145.44156,"run_day_11652_liz21_del_07_29.json","07",11652
145.441814,-14.694082,2548,3.55,2021-11-26 07:37:00,0.0566020840306438,6293.86458171659,"moving",29,-14.69295,145.44156,"run_day_11652_liz21_del_07_29.json","07",11652
145.441961,-14.694553,2548,3.55,2021-11-26 07:49:00,0.0547074046049152,6083.18584195774,"moving",29,-14.69295,145.44156,"run_day_11652_liz21_del_07_29.json","07",11652
145.441513,-14.693604,2549,3.55,2021-11-26 07:16:00,0.0594807411683183,6613.95665097513,"moving",29,-14.69295,145.44156,"run_day_11652_liz21_del_07_29.json","07",11652
145.441675,-14.694138,2549,3.55,2021-11-26 07:28:00,0.0618818943871239,6880.95270700257,"moving",29,-14.69295,145.44156,"run_day_11652_liz21_del_07_29.json","07",11652
145.441856,-14.694664,2549,3.55,2021-11-26 07:40:00,0.0616434215460158,6854.43573692884,"moving",29,-14.69295,145.44156,"run_day_11652_liz21_del_07_29.json","07",11652
145.441573,-14.693328,2550,3.55,2021-11-26 07:57:00,0.0539254289708965,5996.2341186952,"moving",29,-14.69295,145.44156,"run_day_11652_liz21_del_07_29.json","07",11652
145.441679,-14.693827,2550,3.55,2021-11-26 08:09:00,0.0566455046159739,6298.69273051723,"moving",29,-14.69295,145.44156,"run_day_11652_liz21_del_07_29.json","07",11652
145.441814,-14.694313,2550,3.55,2021-11-26 08:21:00,0.0559574989064761,6222.18998611858,"moving",29,-14.69295,145.44156,"run_day_11652_liz21_del_07_29.json","07",11652
145.441713,-14.693202,2551,3.55,2021-11-26 08:05:00,0.0486353655987423,5408.00591008344,"moving",29,-14.69295,145.44156,"run_day_11652_liz21_del_07_29.json","07",11652
145.441784,-14.693628,2551,3.55,2021-11-26 08:17:00,0.0479806660924416,5335.20664650611,"moving",29,-14.69295,145.44156,"run_day_11652_liz21_del_07_29.json","07",11652
145.441876,-14.694026,2551,3.55,2021-11-26 08:29:00,0.0453483700306034,5042.50867900325,"moving",29,-14.69295,145.44156,"run_day_11652_liz21_del_07_29.json","07",11652
145.441989,-14.694416,2551,3.55,2021-11-26 08:41:00,0.0450370197541733,5007.88810785484,"moving",29,-14.69295,145.44156,"run_day_11652_liz21_del_07_29.json","07",11652
145.441541,-14.693368,2552,3.55,2021-11-26 07:53:00,0.055305914445451,6149.73709977216,"moving",29,-14.69295,145.44156,"run_day_11652_liz21_del_07_29.json","07",11652
145.441656,-14.693877,2552,3.55,2021-11-26 08:05:00,0.057934063957078,6441.97399192846,"moving",29,-14.69295,145.44156,"run_day_11652_liz21_del_07_29.json","07",11652
145.441802,-14.694377,2552,3.55,2021-11-26 08:17:00,0.0577726367934229,6424.02411030739,"moving",29,-14.69295,145.44156,"run_day_11652_liz21_del_07_29.json","07",11652
145.441512,-14.693604,2553,3.55,2021-11-26 07:59:00,0.0586060293315078,6516.69313244587,"moving",29,-14.69295,145.44156,"run_day_11652_liz21_del_07_29.json","07",11652
145.441651,-14.694129,2553,3.55,2021-11-26 08:11:00,0.0602613799342376,6700.75972128744,"moving",29,-14.69295,145.44156,"run_day_11652_liz21_del_07_29.json","07",11652
145.441823,-14.694635,2553,3.55,2021-11-26 08:23:00,0.0592280190061624,6585.85522869275,"moving",29,-14.69295,145.44156,"run_day_11652_liz21_del_07_29.json","07",11652
145.441509,-14.693624,2554,3.55,2021-11-26 07:56:00,0.0588971002297388,6549.05873962303,"moving",29,-14.69295,145.44156,"run_day_11652_liz21_del_07_29.json","07",11652
145.441652,-14.694153,2554,3.55,2021-11-26 08:08:00,0.0607997647333553,6760.62537953187,"moving",29,-14.69295,145.44156,"run_day_11652_liz21_del_07_29.json","07",11652
145.441828,-14.694663,2554,3.55,2021-11-26 08:20:00,0.0597855365926665,6647.84835582714,"moving",29,-14.69295,145.44156,"run_day_11652_liz21_del_07_29.json","07",11652
145.441587,-14.693389,2555,3.55,2021-11-26 07:37:00,0.0541265281097826,6018.59532269193,"moving",29,-14.69295,145.44156,"run_day_11652_liz21_del_07_29.json","07",11652
145.441706,-14.693899,2555,3.55,2021-11-26 07:49:00,0.0581359043536142,6464.41762001522,"moving",29,-14.69295,145.44156,"run_day_11652_liz21_del_07_29.json","07",11652
145.441854,-14.694393,2555,3.55,2021-11-26 08:01:00,0.0571903767458432,6359.27974702871,"moving",29,-14.69295,145.44156,"run_day_11652_liz21_del_07_29.json","07",11652
145.441462,-14.693358,2556,3.55,2021-11-26 07:47:00,0.0570053514481261,6338.70587262168,"moving",29,-14.69295,145.44156,"run_day_11652_liz21_del_07_29.json","07",11652
145.441591,-14.693882,2556,3.55,2021-11-26 07:59:00,0.0598954074945584,6660.06544270337,"moving",29,-14.69295,145.44156,"run_day_11652_liz21_del_07_29.json","07",11652
145.441751,-14.694406,2556,3.55,2021-11-26 08:11:00,0.0607544516697769,6755.58679675123,"moving",29,-14.69295,145.44156,"run_day_11652_liz21_del_07_29.json","07",11652
145.441727,-14.693261,2557,3.55,2021-11-26 08:01:00,0.0490737070829307,5456.74725926304,"moving",29,-14.69295,145.44156,"run_day_11652_liz21_del_07_29.json","07",11652
145.4418,-14.693682,2557,3.55,2021-11-26 08:13:00,0.0474669701008264,5278.08625840085,"moving",29,-14.69295,145.44156,"run_day_11652_liz21_del_07_29.json","07",11652
145.441895,-14.694076,2557,3.55,2021-11-26 08:25:00,0.0449866042949572,5002.28216456555,"moving",29,-14.69295,145.44156,"run_day_11652_liz21_del_07_29.json","07",11652
145.442011,-14.694467,2557,3.55,2021-11-26 08:37:00,0.0452320387932881,5029.57323560351,"moving",29,-14.69295,145.44156,"run_day_11652_liz21_del_07_29.json","07",11652
145.441632,-14.693364,2558,3.55,2021-11-26 08:01:00,0.0529446788464724,5887.17968055322,"moving",29,-14.69295,145.44156,"run_day_11652_liz21_del_07_29.json","07",11652
145.441729,-14.693851,2558,3.55,2021-11-26 08:13:00,0.055147823175192,6132.15815257257,"moving",29,-14.69295,145.44156,"run_day_11652_liz21_del_07_29.json","07",11652
145.441856,-14.694308,2558,3.55,2021-11-26 08:25:00,0.052620021920777,5851.07947751587,"moving",29,-14.69295,145.44156,"run_day_11652_liz21_del_07_29.json","07",11652
145.441601,-14.693417,2559,3.55,2021-11-26 07:27:00,0.0542586047370691,6033.28157357451,"moving",29,-14.69295,145.44156,"run_day_11652_liz21_del_07_29.json","07",11652
145.441726,-14.693925,2559,3.55,2021-11-26 07:39:00,0.058065018104386,6456.53542873218,"moving",29,-14.69295,145.44156,"run_day_11652_liz21_del_07_29.json","07",11652
145.441876,-14.694417,2559,3.55,2021-11-26 07:51:00,0.0570372833188847,6342.2565346483,"moving",29,-14.69295,145.44156,"run_day_11652_liz21_del_07_29.json","07",11652
145.441534,-14.693572,2560,3.55,2021-11-26 07:19:00,0.0583518103078598,6488.42526675967,"moving",29,-14.69295,145.44156,"run_day_11652_liz21_del_07_29.json","07",11652
145.441689,-14.6941,2560,3.55,2021-11-26 07:31:00,0.0610320605481276,6786.45549561531,"moving",29,-14.69295,145.44156,"run_day_11652_liz21_del_07_29.json","07",11652
145.441864,-14.69462,2560,3.55,2021-11-26 07:43:00,0.0608079133720876,6761.53146681796,"moving",29,-14.69295,145.44156,"run_day_11652_liz21_del_07_29.json","07",11652
145.441587,-14.693563,2561,3.55,2021-11-26 07:50:00,0.0563214452643644,6262.65897468652,"moving",29,-14.69295,145.44156,"run_day_11652_liz21_del_07_29.json","07",11652
145.441719,-14.694081,2561,3.55,2021-11-26 08:02:00,0.059322981791359,6596.41460862666,"moving",29,-14.69295,145.44156,"run_day_11652_liz21_del_07_29.json","07",11652
145.441877,-14.69457,2561,3.55,2021-11-26 08:14:00,0.0569681359836023,6334.56770177391,"moving",29,-14.69295,145.44156,"run_day_11652_liz21_del_07_29.json","07",11652
145.441616,-14.693395,2562,3.55,2021-11-26 08:09:00,0.0532050157228365,5916.1278204234,"moving",29,-14.69295,145.44156,"run_day_11652_liz21_del_07_29.json","07",11652
145.441716,-14.693883,2562,3.55,2021-11-26 08:21:00,0.0553188461527814,6151.17504002016,"moving",29,-14.69295,145.44156,"run_day_11652_liz21_del_07_29.json","07",11652
145.441846,-14.694346,2562,3.55,2021-11-26 08:33:00,0.0533482629597718,5932.05618642646,"moving",29,-14.69295,145.44156,"run_day_11652_liz21_del_07_29.json","07",11652
145.441657,-14.693674,2563,3.55,2021-11-26 07:50:00,0.0561666623557752,6245.44790052012,"moving",29,-14.69295,145.44156,"run_day_11652_liz21_del_07_29.json","07",11652
145.44179,-14.694178,2563,3.55,2021-11-26 08:02:00,0.0578392006438206,6431.42567276955,"moving",29,-14.69295,145.44156,"run_day_11652_liz21_del_07_29.json","07",11652
145.441945,-14.694643,2563,3.55,2021-11-26 08:14:00,0.0543268992003546,6040.87557140976,"moving",29,-14.69295,145.44156,"run_day_11652_liz21_del_07_29.json","07",11652
145.441566,-14.693516,2564,3.55,2021-11-26 07:17:00,0.0571250266617959,6352.01314922686,"moving",29,-14.69295,145.44156,"run_day_11652_liz21_del_07_29.json","07",11652
145.441713,-14.694037,2564,3.55,2021-11-26 07:29:00,0.0600514047917054,6677.41155071639,"moving",29,-14.69295,145.44156,"run_day_11652_liz21_del_07_29.json","07",11652
145.441877,-14.694546,2564,3.55,2021-11-26 07:41:00,0.0592833119429776,6592.00352274589,"moving",29,-14.69295,145.44156,"run_day_11652_liz21_del_07_29.json","07",11652
145.441667,-14.693178,2565,3.55,2021-11-26 07:36:00,0.0496352306691877,5519.18583324608,"moving",29,-14.69295,145.44156,"run_day_11652_liz21_del_07_29.json","07",11652
145.441752,-14.693646,2565,3.55,2021-11-26 07:48:00,0.05283621701136,5875.11927475416,"moving",29,-14.69295,145.44156,"run_day_11652_liz21_del_07_29.json","07",11652
145.441865,-14.69409,2565,3.55,2021-11-26 08:00:00,0.0508445942838477,5653.6609316648,"moving",29,-14.69295,145.44156,"run_day_11652_liz21_del_07_29.json","07",11652
145.441996,-14.694518,2565,3.55,2021-11-26 08:12:00,0.0496334081216671,5518.98317520822,"moving",29,-14.69295,145.44156,"run_day_11652_liz21_del_07_29.json","07",11652
145.441713,-14.693466,2566,3.55,2021-11-26 07:46:00,0.0524170781696583,5828.51316199725,"moving",29,-14.69295,145.44156,"run_day_11652_liz21_del_07_29.json","07",11652
145.441814,-14.693926,2566,3.55,2021-11-26 07:58:00,0.0522905509500666,5814.44397709621,"moving",29,-14.69295,145.44156,"run_day_11652_liz21_del_07_29.json","07",11652
145.441938,-14.694357,2566,3.55,2021-11-26 08:10:00,0.0497462370343163,5531.52917787364,"moving",29,-14.69295,145.44156,"run_day_11652_liz21_del_07_29.json","07",11652
145.441692,-14.69355,2567,3.55,2021-11-26 07:39:00,0.0538857921340001,5991.82670352408,"moving",29,-14.69295,145.44156,"run_day_11652_liz21_del_07_29.json","07",11652
145.441811,-14.694031,2567,3.55,2021-11-26 07:51:00,0.0549949561419299,6115.16011402262,"moving",29,-14.69295,145.44156,"run_day_11652_liz21_del_07_29.json","07",11652
145.44195,-14.694486,2567,3.55,2021-11-26 08:03:00,0.0527564339775101,5866.24780615774,"moving",29,-14.69295,145.44156,"run_day_11652_liz21_del_07_29.json","07",11652
145.441692,-14.693644,2568,3.55,2021-11-26 07:55:00,0.0549783883839331,6113.3178633875,"moving",29,-14.69295,145.44156,"run_day_11652_liz21_del_07_29.json","07",11652
145.441813,-14.694125,2568,3.55,2021-11-26 08:07:00,0.0550454183013288,6120.77125013531,"moving",29,-14.69295,145.44156,"run_day_11652_liz21_del_07_29.json","07",11652
145.441955,-14.694572,2568,3.55,2021-11-26 08:19:00,0.0519978144870975,5781.89316757018,"moving",29,-14.69295,145.44156,"run_day_11652_liz21_del_07_29.json","07",11652
145.441609,-14.693658,2569,3.55,2021-11-26 07:23:00,0.0574497403264862,6388.11966135258,"moving",29,-14.69295,145.44156,"run_day_11652_liz21_del_07_29.json","07",11652
145.441762,-14.694178,2569,3.55,2021-11-26 07:35:00,0.060117580195253,6684.76991985954,"moving",29,-14.69295,145.44156,"run_day_11652_liz21_del_07_29.json","07",11652
145.44193,-14.694677,2569,3.55,2021-11-26 07:47:00,0.0583544487859838,6488.71865214112,"moving",29,-14.69295,145.44156,"run_day_11652_liz21_del_07_29.json","07",11652
145.441479,-14.693512,2570,3.55,2021-11-26 07:58:00,0.0583566749217987,6488.96618714976,"moving",29,-14.69295,145.44156,"run_day_11652_liz21_del_07_29.json","07",11652
145.441613,-14.694037,2570,3.55,2021-11-26 08:10:00,0.0601302144920656,6686.17478956681,"moving",29,-14.69295,145.44156,"run_day_11652_liz21_del_07_29.json","07",11652
145.441782,-14.694551,2570,3.55,2021-11-26 08:22:00,0.0599751321290896,6668.93041759184,"moving",29,-14.69295,145.44156,"run_day_11652_liz21_del_07_29.json","07",11652
145.441617,-14.69366,2571,3.55,2021-11-26 07:32:00,0.0568109425768109,6317.08859243673,"moving",29,-14.69295,145.44156,"run_day_11652_liz21_del_07_29.json","07",11652
145.441766,-14.694179,2571,3.55,2021-11-26 07:44:00,0.0598940885171671,6659.91877910911,"moving",29,-14.69295,145.44156,"run_day_11652_liz21_del_07_29.json","07",11652
145.441933,-14.694673,2571,3.55,2021-11-26 07:56:00,0.0577925372934882,6426.23694495235,"moving",29,-14.69295,145.44156,"run_day_11652_liz21_del_07_29.json","07",11652
145.441685,-14.69366,2572,3.55,2021-11-26 07:47:00,0.0554071539711036,6160.99442140064,"moving",29,-14.69295,145.44156,"run_day_11652_liz21_del_07_29.json","07",11652
145.441814,-14.69415,2572,3.55,2021-11-26 07:59:00,0.0562244370905901,6251.87215791977,"moving",29,-14.69295,145.44156,"run_day_11652_liz21_del_07_29.json","07",11652
145.441962,-14.694608,2572,3.55,2021-11-26 08:11:00,0.0533571828425458,5933.04803213719,"moving",29,-14.69295,145.44156,"run_day_11652_liz21_del_07_29.json","07",11652
145.441564,-14.693617,2573,3.55,2021-11-26 07:48:00,0.057593705491183,6404.12785728042,"moving",29,-14.69295,145.44156,"run_day_11652_liz21_del_07_29.json","07",11652
145.441705,-14.694142,2573,3.55,2021-11-26 08:00:00,0.0603151092498764,6706.73414859855,"moving",29,-14.69295,145.44156,"run_day_11652_liz21_del_07_29.json","07",11652
145.441874,-14.694641,2573,3.55,2021-11-26 08:12:00,0.0583878451610963,6492.43215962196,"moving",29,-14.69295,145.44156,"run_day_11652_liz21_del_07_29.json","07",11652
145.441459,-14.69343,2574,3.55,2021-11-26 08:07:00,0.0575749620155947,6402.0436778873,"moving",29,-14.69295,145.44156,"run_day_11652_liz21_del_07_29.json","07",11652
145.441584,-14.693945,2574,3.55,2021-11-26 08:19:00,0.0588225053557634,6540.76416808327,"moving",29,-14.69295,145.44156,"run_day_11652_liz21_del_07_29.json","07",11652
145.441744,-14.694457,2574,3.55,2021-11-26 08:31:00,0.0594759625383904,6613.42529157085,"moving",29,-14.69295,145.44156,"run_day_11652_liz21_del_07_29.json","07",11652
145.441642,-14.693215,2575,3.55,2021-11-26 07:27:00,0.050765337936329,5644.84802791634,"moving",29,-14.69295,145.44156,"run_day_11652_liz21_del_07_29.json","07",11652
145.441738,-14.693695,2575,3.55,2021-11-26 07:39:00,0.0543631837087059,6044.91022465423,"moving",29,-14.69295,145.44156,"run_day_11652_liz21_del_07_29.json","07",11652
145.441865,-14.694158,2575,3.55,2021-11-26 07:51:00,0.0532646033403848,5922.7536611856,"moving",29,-14.69295,145.44156,"run_day_11652_liz21_del_07_29.json","07",11652
145.442007,-14.694606,2575,3.55,2021-11-26 08:03:00,0.0521041140293218,5793.71313737016,"moving",29,-14.69295,145.44156,"run_day_11652_liz21_del_07_29.json","07",11652
145.441744,-14.693454,2576,3.55,2021-11-26 07:23:00,0.0511942672856984,5692.54279545516,"moving",29,-14.69295,145.44156,"run_day_11652_liz21_del_07_29.json","07",11652
145.441848,-14.693888,2576,3.55,2021-11-26 07:35:00,0.0495380712158559,5508.38219496003,"moving",29,-14.69295,145.44156,"run_day_11652_liz21_del_07_29.json","07",11652
145.441972,-14.694316,2576,3.55,2021-11-26 07:47:00,0.0494249464553663,5495.8032955157,"moving",29,-14.69295,145.44156,"run_day_11652_liz21_del_07_29.json","07",11652
145.441554,-14.693539,2577,3.55,2021-11-26 07:54:00,0.0568717537474776,6323.85048609818,"moving",29,-14.69295,145.44156,"run_day_11652_liz21_del_07_29.json","07",11652
145.441685,-14.694058,2577,3.55,2021-11-26 08:06:00,0.0594053483354632,6605.57335045629,"moving",29,-14.69295,145.44156,"run_day_11652_liz21_del_07_29.json","07",11652
145.441846,-14.694555,2577,3.55,2021-11-26 08:18:00,0.057913465974035,6439.68360071497,"moving",29,-14.69295,145.44156,"run_day_11652_liz21_del_07_29.json","07",11652
145.441494,-14.693341,2578,3.55,2021-11-26 08:09:00,0.0556193881780426,6184.59378847269,"moving",29,-14.69295,145.44156,"run_day_11652_liz21_del_07_29.json","07",11652
145.441607,-14.693844,2578,3.55,2021-11-26 08:21:00,0.0572363898990067,6364.39617621941,"moving",29,-14.69295,145.44156,"run_day_11652_liz21_del_07_29.json","07",11652
145.441752,-14.694347,2578,3.55,2021-11-26 08:33:00,0.0580647512501374,6456.50575589358,"moving",29,-14.69295,145.44156,"run_day_11652_liz21_del_07_29.json","07",11652
145.441631,-14.693391,2579,3.55,2021-11-26 07:51:00,0.0533140112103009,5928.24756565659,"moving",29,-14.69295,145.44156,"run_day_11652_liz21_del_07_29.json","07",11652
145.441736,-14.693889,2579,3.55,2021-11-26 08:03:00,0.0565149969596047,6284.1809412407,"moving",29,-14.69295,145.44156,"run_day_11652_liz21_del_07_29.json","07",11652
145.44187,-14.694352,2579,3.55,2021-11-26 08:15:00,0.0534626389056529,5944.77421133861,"moving",29,-14.69295,145.44156,"run_day_11652_liz21_del_07_29.json","07",11652
145.441476,-14.693376,2580,3.55,2021-11-26 07:46:00,0.0568450768808244,6320.88415386757,"moving",29,-14.69295,145.44156,"run_day_11652_liz21_del_07_29.json","07",11652
145.441605,-14.693899,2580,3.55,2021-11-26 07:58:00,0.0597872425673785,6648.03805156009,"moving",29,-14.69295,145.44156,"run_day_11652_liz21_del_07_29.json","07",11652
145.441766,-14.694422,2580,3.55,2021-11-26 08:10:00,0.0606784268787747,6747.13322569257,"moving",29,-14.69295,145.44156,"run_day_11652_liz21_del_07_29.json","07",11652
145.441491,-14.69344,2581,3.55,2021-11-26 08:01:00,0.0572580111215114,6366.80034646978,"moving",29,-14.69295,145.44156,"run_day_11652_liz21_del_07_29.json","07",11652
145.441615,-14.693955,2581,3.55,2021-11-26 08:13:00,0.0587980143189824,6538.04088904496,"moving",29,-14.69295,145.44156,"run_day_11652_liz21_del_07_29.json","07",11652
145.441774,-14.694464,2581,3.55,2021-11-26 08:25:00,0.0591255256145746,6574.4584835336,"moving",29,-14.69295,145.44156,"run_day_11652_liz21_del_07_29.json","07",11652
145.441646,-14.693652,2582,3.55,2021-11-26 07:47:00,0.0562318153476805,6252.69258267571,"moving",29,-14.69295,145.44156,"run_day_11652_liz21_del_07_29.json","07",11652
145.44178,-14.69416,2582,3.55,2021-11-26 07:59:00,0.0582967646345667,6482.30446715575,"moving",29,-14.69295,145.44156,"run_day_11652_liz21_del_07_29.json","07",11652
145.441936,-14.694632,2582,3.55,2021-11-26 08:11:00,0.0551008839208448,6126.93874562868,"moving",29,-14.69295,145.44156,"run_day_11652_liz21_del_07_29.json","07",11652
145.441775,-14.693469,2583,3.55,2021-11-26 07:15:00,0.0495671580771918,5511.61650637259,"moving",29,-14.69295,145.44156,"run_day_11652_liz21_del_07_29.json","07",11652
145.441877,-14.69388,2583,3.55,2021-11-26 07:27:00,0.0469995079745833,5226.10684156414,"moving",29,-14.69295,145.44156,"run_day_11652_liz21_del_07_29.json","07",11652
145.441997,-14.694297,2583,3.55,2021-11-26 07:39:00,0.0481311537926604,5351.94011529285,"moving",29,-14.69295,145.44156,"run_day_11652_liz21_del_07_29.json","07",11652
145.441613,-14.693343,2584,3.55,2021-11-26 07:57:00,0.0532264296881521,5918.50894472584,"moving",29,-14.69295,145.44156,"run_day_11652_liz21_del_07_29.json","07",11652
145.441713,-14.693836,2584,3.55,2021-11-26 08:09:00,0.055864315453025,6211.8284588476,"moving",29,-14.69295,145.44156,"run_day_11652_liz21_del_07_29.json","07",11652
145.441843,-14.694304,2584,3.55,2021-11-26 08:21:00,0.0538849989476272,5991.73850522353,"moving",29,-14.69295,145.44156,"run_day_11652_liz21_del_07_29.json","07",11652
145.441543,-14.693285,2585,3.55,2021-11-26 07:23:00,0.0543211082411532,6040.23164612616,"moving",29,-14.69295,145.44156,"run_day_11652_liz21_del_07_29.json","07",11652
145.441663,-14.693789,2585,3.55,2021-11-26 07:35:00,0.0575093384676401,6394.74667228634,"moving",29,-14.69295,145.44156,"run_day_11652_liz21_del_07_29.json","07",11652
145.441816,-14.6943,2585,3.55,2021-11-26 07:47:00,0.0591556817765538,6577.81169575276,"moving",29,-14.69295,145.44156,"run_day_11652_liz21_del_07_29.json","07",11652
145.441645,-14.693393,2586,3.55,2021-11-26 08:02:00,0.0528826951497093,5880.28740793849,"moving",29,-14.69295,145.44156,"run_day_11652_liz21_del_07_29.json","07",11652
145.441743,-14.693878,2586,3.55,2021-11-26 08:14:00,0.0549499960777433,6110.16078298346,"moving",29,-14.69295,145.44156,"run_day_11652_liz21_del_07_29.json","07",11652
145.44187,-14.694329,2586,3.55,2021-11-26 08:26:00,0.0519760126958301,5779.46891898948,"moving",29,-14.69295,145.44156,"run_day_11652_liz21_del_07_29.json","07",11652
145.441548,-14.693355,2587,3.55,2021-11-26 07:11:00,0.0560183094783611,6228.95181319855,"moving",29,-14.69295,145.44156,"run_day_11652_liz21_del_07_29.json","07",11652
145.441679,-14.693868,2587,3.55,2021-11-26 07:23:00,0.0587574329976284,6533.52845199387,"moving",29,-14.69295,145.44156,"run_day_11652_liz21_del_07_29.json","07",11652
145.441838,-14.69438,2587,3.55,2021-11-26 07:35:00,0.0594449316164897,6609.97481048639,"moving",29,-14.69295,145.44156,"run_day_11652_liz21_del_07_29.json","07",11652
145.441671,-14.693288,2588,3.55,2021-11-26 07:57:00,0.0511435985350057,5686.90868743872,"moving",29,-14.69295,145.44156,"run_day_11652_liz21_del_07_29.json","07",11652
145.441757,-14.693759,2588,3.55,2021-11-26 08:09:00,0.0531834022721867,5913.72451436386,"moving",29,-14.69295,145.44156,"run_day_11652_liz21_del_07_29.json","07",11652
145.441869,-14.694193,2588,3.55,2021-11-26 08:21:00,0.0497394309477733,5530.77237557974,"moving",29,-14.69295,145.44156,"run_day_11652_liz21_del_07_29.json","07",11652
145.442004,-14.694612,2588,3.55,2021-11-26 08:33:00,0.0488009323837747,5426.4160965999,"moving",29,-14.69295,145.44156,"run_day_11652_liz21_del_07_29.json","07",11652
145.441626,-14.693331,2589,3.55,2021-11-26 07:35:00,0.0525081151183975,5838.63600883425,"moving",29,-14.69295,145.44156,"run_day_11652_liz21_del_07_29.json","07",11652
145.441733,-14.693828,2589,3.55,2021-11-26 07:47:00,0.0564495140771617,6276.89957693098,"moving",29,-14.69295,145.44156,"run_day_11652_liz21_del_07_29.json","07",11652
145.44187,-14.694303,2589,3.55,2021-11-26 07:59:00,0.0548345872698481,6097.32790905542,"moving",29,-14.69295,145.44156,"run_day_11652_liz21_del_07_29.json","07",11652
145.441608,-14.693558,2590,3.55,2021-11-26 07:33:00,0.0557161479722818,6195.35298669525,"moving",29,-14.69295,145.44156,"run_day_11652_liz21_del_07_29.json","07",11652
145.441746,-14.694074,2590,3.55,2021-11-26 07:45:00,0.0592654049464821,6590.01235558415,"moving",29,-14.69295,145.44156,"run_day_11652_liz21_del_07_29.json","07",11652
145.441905,-14.694567,2590,3.55,2021-11-26 07:57:00,0.0574247580462024,6385.34175852901,"moving",29,-14.69295,145.44156,"run_day_11652_liz21_del_07_29.json","07",11652
145.441555,-14.693373,2591,3.55,2021-11-26 07:26:00,0.0548868297805882,6103.13701120488,"moving",29,-14.69295,145.44156,"run_day_11652_liz21_del_07_29.json","07",11652
145.441682,-14.693885,2591,3.55,2021-11-26 07:38:00,0.0585476171084191,6510.19798958438,"moving",29,-14.69295,145.44156,"run_day_11652_liz21_del_07_29.json","07",11652
145.441838,-14.694394,2591,3.55,2021-11-26 07:50:00,0.0590330034141644,6564.170484246,"moving",29,-14.69295,145.44156,"run_day_11652_liz21_del_07_29.json","07",11652
145.441538,-14.693332,2592,3.55,2021-11-26 08:01:00,0.0548246239482981,6096.22003824653,"moving",29,-14.69295,145.44156,"run_day_11652_liz21_del_07_29.json","07",11652
145.441647,-14.693832,2592,3.55,2021-11-26 08:13:00,0.0568201286605995,6318.11003834975,"moving",29,-14.69295,145.44156,"run_day_11652_liz21_del_07_29.json","07",11652
145.441786,-14.694328,2592,3.55,2021-11-26 08:25:00,0.0571431410520263,6354.02737751974,"moving",29,-14.69295,145.44156,"run_day_11652_liz21_del_07_29.json","07",11652
145.441624,-14.693617,2593,3.55,2021-11-26 07:54:00,0.0562099007051822,6250.25578561067,"moving",29,-14.69295,145.44156,"run_day_11652_liz21_del_07_29.json","07",11652
145.441753,-14.694127,2593,3.55,2021-11-26 08:06:00,0.0583821344129538,6491.79715340117,"moving",29,-14.69295,145.44156,"run_day_11652_liz21_del_07_29.json","07",11652
145.441908,-14.694599,2593,3.55,2021-11-26 08:18:00,0.0550682269381666,6123.30745483535,"moving",29,-14.69295,145.44156,"run_day_11652_liz21_del_07_29.json","07",11652
145.441676,-14.6936,2594,3.55,2021-11-26 07:24:00,0.055077434439596,6124.33128228137,"moving",29,-14.69295,145.44156,"run_day_11652_liz21_del_07_29.json","07",11652
145.441813,-14.694094,2594,3.55,2021-11-26 07:36:00,0.0568724163216075,6323.92416097995,"moving",29,-14.69295,145.44156,"run_day_11652_liz21_del_07_29.json","07",11652
145.441961,-14.694568,2594,3.55,2021-11-26 07:48:00,0.0550578394825045,6122.15242246498,"moving",29,-14.69295,145.44156,"run_day_11652_liz21_del_07_29.json","07",11652
145.441607,-14.693318,2595,3.55,2021-11-26 08:01:00,0.052899630881852,5882.17057543177,"moving",29,-14.69295,145.44156,"run_day_11652_liz21_del_07_29.json","07",11652
145.441705,-14.693807,2595,3.55,2021-11-26 08:13:00,0.0553865823247843,6158.7069586972,"moving",29,-14.69295,145.44156,"run_day_11652_liz21_del_07_29.json","07",11652
145.441832,-14.694276,2595,3.55,2021-11-26 08:25:00,0.0539097301384892,5994.48848817726,"moving",29,-14.69295,145.44156,"run_day_11652_liz21_del_07_29.json","07",11652
145.44162,-14.693239,2596,3.55,2021-11-26 07:22:00,0.0520955858511153,5792.76484722008,"moving",29,-14.69295,145.44156,"run_day_11652_liz21_del_07_29.json","07",11652
145.441723,-14.693726,2596,3.55,2021-11-26 07:34:00,0.055273548070789,6146.13812311587,"moving",29,-14.69295,145.44156,"run_day_11652_liz21_del_07_29.json","07",11652
145.441859,-14.694203,2596,3.55,2021-11-26 07:46:00,0.0550201375482008,6117.96015864573,"moving",29,-14.69295,145.44156,"run_day_11652_liz21_del_07_29.json","07",11652
145.442009,-14.694663,2596,3.55,2021-11-26 07:58:00,0.0536338015821916,5963.80663260062,"moving",29,-14.69295,145.44156,"run_day_11652_liz21_del_07_29.json","07",11652
145.441503,-14.693268,2597,3.55,2021-11-26 07:50:00,0.0549949665442893,6115.16127071221,"moving",29,-14.69295,145.44156,"run_day_11652_liz21_del_07_29.json","07",11652
145.441618,-14.693777,2597,3.55,2021-11-26 08:02:00,0.057934065165733,6441.97412632477,"moving",29,-14.69295,145.44156,"run_day_11652_liz21_del_07_29.json","07",11652
145.441761,-14.694288,2597,3.55,2021-11-26 08:14:00,0.0588655346068864,6545.54880250547,"moving",29,-14.69295,145.44156,"run_day_11652_liz21_del_07_29.json","07",11652
145.441562,-14.693315,2598,3.55,2021-11-26 07:43:00,0.0539332469231744,5997.10343532525,"moving",29,-14.69295,145.44156,"run_day_11652_liz21_del_07_29.json","07",11652
145.441674,-14.693821,2598,3.55,2021-11-26 07:55:00,0.0575397962248816,6398.13342036856,"moving",29,-14.69295,145.44156,"run_day_11652_liz21_del_07_29.json","07",11652
145.441817,-14.694322,2598,3.55,2021-11-26 08:07:00,0.0577929428692736,6426.28204292205,"moving",29,-14.69295,145.44156,"run_day_11652_liz21_del_07_29.json","07",11652
145.441757,-14.69336,2599,3.55,2021-11-26 07:46:00,0.048617164170067,5405.98200355707,"moving",29,-14.69295,145.44156,"run_day_11652_liz21_del_07_29.json","07",11652
145.441837,-14.693771,2599,3.55,2021-11-26 07:58:00,0.0465041108608122,5171.02119583844,"moving",29,-14.69295,145.44156,"run_day_11652_liz21_del_07_29.json","07",11652
145.441941,-14.694163,2599,3.55,2021-11-26 08:10:00,0.0450008606465157,5003.86739853132,"moving",29,-14.69295,145.44156,"run_day_11652_liz21_del_07_29.json","07",11652
145.442061,-14.694559,2599,3.55,2021-11-26 08:22:00,0.045885854639697,5102.274240684,"moving",29,-14.69295,145.44156,"run_day_11652_liz21_del_07_29.json","07",11652
145.441606,-14.693466,2600,3.55,2021-11-26 07:46:00,0.0547952003944386,6092.9482883335,"moving",29,-14.69295,145.44156,"run_day_11652_liz21_del_07_29.json","07",11652
145.441726,-14.693977,2600,3.55,2021-11-26 07:58:00,0.0582681058921252,6479.11776039225,"moving",29,-14.69295,145.44156,"run_day_11652_liz21_del_07_29.json","07",11652
145.441874,-14.694459,2600,3.55,2021-11-26 08:10:00,0.0559100009538095,6216.90845475605,"moving",29,-14.69295,145.44156,"run_day_11652_liz21_del_07_29.json","07",11652
145.441675,-14.693337,2601,3.55,2021-11-26 07:42:00,0.0516614401237924,5744.49004491736,"moving",29,-14.69295,145.44156,"run_day_11652_liz21_del_07_29.json","07",11652
145.44177,-14.693815,2601,3.55,2021-11-26 07:54:00,0.0541244488177404,6018.36411596581,"moving",29,-14.69295,145.44156,"run_day_11652_liz21_del_07_29.json","07",11652
145.441894,-14.694261,2601,3.55,2021-11-26 08:06:00,0.0513550463746254,5710.42061445438,"moving",29,-14.69295,145.44156,"run_day_11652_liz21_del_07_29.json","07",11652
145.442036,-14.694691,2601,3.55,2021-11-26 08:18:00,0.0501939529811409,5581.3129197384,"moving",29,-14.69295,145.44156,"run_day_11652_liz21_del_07_29.json","07",11652
145.441543,-14.693318,2602,3.55,2021-11-26 07:12:00,0.0556939067960628,6192.87988073709,"moving",29,-14.69295,145.44156,"run_day_11652_liz21_del_07_29.json","07",11652
145.44167,-14.693828,2602,3.55,2021-11-26 07:24:00,0.0583313887334963,6486.15449129636,"moving",29,-14.69295,145.44156,"run_day_11652_liz21_del_07_29.json","07",11652
145.441828,-14.694339,2602,3.55,2021-11-26 07:36:00,0.0593075375888508,6594.69729166167,"moving",29,-14.69295,145.44156,"run_day_11652_liz21_del_07_29.json","07",11652
145.441624,-14.693625,2603,3.55,2021-11-26 07:56:00,0.0561881829500074,6247.84088141712,"moving",29,-14.69295,145.44156,"run_day_11652_liz21_del_07_29.json","07",11652
145.441753,-14.694133,2603,3.55,2021-11-26 08:08:00,0.0581661402160107,6467.77969451643,"moving",29,-14.69295,145.44156,"run_day_11652_liz21_del_07_29.json","07",11652
145.441908,-14.694604,2603,3.55,2021-11-26 08:20:00,0.0549622603079993,6111.52450316713,"moving",29,-14.69295,145.44156,"run_day_11652_liz21_del_07_29.json","07",11652
145.441678,-14.693462,2604,3.55,2021-11-26 07:54:00,0.0530217243286828,5895.7467472959,"moving",29,-14.69295,145.44156,"run_day_11652_liz21_del_07_29.json","07",11652
145.441781,-14.693942,2604,3.55,2021-11-26 08:06:00,0.0545111992508427,6061.36880200438,"moving",29,-14.69295,145.44156,"run_day_11652_liz21_del_07_29.json","07",11652
145.44191,-14.694384,2604,3.55,2021-11-26 08:18:00,0.0510691396328752,5678.62923527829,"moving",29,-14.69295,145.44156,"run_day_11652_liz21_del_07_29.json","07",11652
145.441517,-14.693431,2605,3.55,2021-11-26 07:45:00,0.0564759067682197,6279.83431027713,"moving",29,-14.69295,145.44156,"run_day_11652_liz21_del_07_29.json","07",11652
145.441647,-14.693953,2605,3.55,2021-11-26 07:57:00,0.0597041865539165,6638.80264423579,"moving",29,-14.69295,145.44156,"run_day_11652_liz21_del_07_29.json","07",11652
145.441808,-14.694467,2605,3.55,2021-11-26 08:09:00,0.0597199734720675,6640.55806944154,"moving",29,-14.69295,145.44156,"run_day_11652_liz21_del_07_29.json","07",11652
145.441675,-14.693264,2606,3.55,2021-11-26 07:57:00,0.0507958896199725,5648.24522013795,"moving",29,-14.69295,145.44156,"run_day_11652_liz21_del_07_29.json","07",11652
145.441759,-14.693731,2606,3.55,2021-11-26 08:09:00,0.0527081587601695,5860.87984690681,"moving",29,-14.69295,145.44156,"run_day_11652_liz21_del_07_29.json","07",11652
145.441868,-14.694162,2606,3.55,2021-11-26 08:21:00,0.0493381753052653,5486.15478384535,"moving",29,-14.69295,145.44156,"run_day_11652_liz21_del_07_29.json","07",11652
145.442,-14.694578,2606,3.55,2021-11-26 08:33:00,0.0483868981163472,5380.37758660497,"moving",29,-14.69295,145.44156,"run_day_11652_liz21_del_07_29.json","07",11652
145.441748,-14.693456,2607,3.55,2021-11-26 07:49:00,0.0505168458515221,5617.21696877448,"moving",29,-14.69295,145.44156,"run_day_11652_liz21_del_07_29.json","07",11652
145.441839,-14.693885,2607,3.55,2021-11-26 08:01:00,0.0486964225853297,5414.79513722817,"moving",29,-14.69295,145.44156,"run_day_11652_liz21_del_07_29.json","07",11652
145.441953,-14.694292,2607,3.55,2021-11-26 08:13:00,0.046887988822522,5213.70647763123,"moving",29,-14.69295,145.44156,"run_day_11652_liz21_del_07_29.json","07",11652
145.441573,-14.693363,2608,3.55,2021-11-26 08:09:00,0.0538803575095738,5991.22240085965,"moving",29,-14.69295,145.44156,"run_day_11652_liz21_del_07_29.json","07",11652
145.441677,-14.693855,2608,3.55,2021-11-26 08:21:00,0.0558397978523424,6209.10222603821,"moving",29,-14.69295,145.44156,"run_day_11652_liz21_del_07_29.json","07",11652
145.441812,-14.694337,2608,3.55,2021-11-26 08:33:00,0.0555280741497294,6174.44013179277,"moving",29,-14.69295,145.44156,"run_day_11652_liz21_del_07_29.json","07",11652
145.441698,-14.693617,2609,3.55,2021-11-26 07:54:00,0.0544823631390617,6058.16237267018,"moving",29,-14.69295,145.44156,"run_day_11652_liz21_del_07_29.json","07",11652
145.441815,-14.694093,2609,3.55,2021-11-26 08:06:00,0.0544042406950752,6049.47555324181,"moving",29,-14.69295,145.44156,"run_day_11652_liz21_del_07_29.json","07",11652
145.441953,-14.694536,2609,3.55,2021-11-26 08:18:00,0.0514470489748685,5720.65083683952,"moving",29,-14.69295,145.44156,"run_day_11652_liz21_del_07_29.json","07",11652
145.441656,-14.693473,2610,3.55,2021-11-26 07:12:00,0.0552082201062233,6138.87398488815,"moving",29,-14.69295,145.44156,"run_day_11652_liz21_del_07_29.json","07",11652
145.441785,-14.69397,2610,3.55,2021-11-26 07:24:00,0.0569790547413627,6335.78181224212,"moving",29,-14.69295,145.44156,"run_day_11652_liz21_del_07_29.json","07",11652
145.441929,-14.694447,2610,3.55,2021-11-26 07:36:00,0.0552551269588253,6144.08978892236,"moving",29,-14.69295,145.44156,"run_day_11652_liz21_del_07_29.json","07",11652
145.441544,-14.693466,2611,3.55,2021-11-26 07:35:00,0.0560183079423531,6228.95164240226,"moving",29,-14.69295,145.44156,"run_day_11652_liz21_del_07_29.json","07",11652
145.441679,-14.693987,2611,3.55,2021-11-26 07:47:00,0.0597245553611191,6641.06755225852,"moving",29,-14.69295,145.44156,"run_day_11652_liz21_del_07_29.json","07",11652
145.441842,-14.694501,2611,3.55,2021-11-26 07:59:00,0.0597827038949426,6647.53337421152,"moving",29,-14.69295,145.44156,"run_day_11652_liz21_del_07_29.json","07",11652
145.441612,-14.693257,2612,3.55,2021-11-26 07:52:00,0.05213743462023,5797.41821803195,"moving",29,-14.69295,145.44156,"run_day_11652_liz21_del_07_29.json","07",11652
145.441708,-14.693748,2612,3.55,2021-11-26 08:04:00,0.0555645472405919,6178.49575445574,"moving",29,-14.69295,145.44156,"run_day_11652_liz21_del_07_29.json","07",11652
145.441831,-14.694218,2612,3.55,2021-11-26 08:16:00,0.0539101142599713,5994.53120053729,"moving",29,-14.69295,145.44156,"run_day_11652_liz21_del_07_29.json","07",11652
145.441977,-14.694659,2612,3.55,2021-11-26 08:28:00,0.0514900246359845,5725.42951232482,"moving",29,-14.69295,145.44156,"run_day_11652_liz21_del_07_29.json","07",11652
145.441526,-14.693573,2613,3.55,2021-11-26 07:41:00,0.0578990740944314,6438.08329671817,"moving",29,-14.69295,145.44156,"run_day_11652_liz21_del_07_29.json","07",11652
145.441671,-14.694104,2613,3.55,2021-11-26 07:53:00,0.0610695297394377,6790.62187959448,"moving",29,-14.69295,145.44156,"run_day_11652_liz21_del_07_29.json","07",11652
145.441846,-14.694621,2613,3.55,2021-11-26 08:05:00,0.0604908005131023,6726.27012572505,"moving",29,-14.69295,145.44156,"run_day_11652_liz21_del_07_29.json","07",11652
145.441751,-14.693631,2614,3.55,2021-11-26 07:48:00,0.0527267029855227,5862.94187068463,"moving",29,-14.69295,145.44156,"run_day_11652_liz21_del_07_29.json","07",11652
145.441863,-14.694075,2614,3.55,2021-11-26 08:00:00,0.0508189906552598,5650.81393806213,"moving",29,-14.69295,145.44156,"run_day_11652_liz21_del_07_29.json","07",11652
145.441992,-14.694502,2614,3.55,2021-11-26 08:12:00,0.0494660287312593,5500.37143617001,"moving",29,-14.69295,145.44156,"run_day_11652_liz21_del_07_29.json","07",11652
145.441634,-14.693395,2615,3.55,2021-11-26 07:56:00,0.0532928499850729,5925.89454476966,"moving",29,-14.69295,145.44156,"run_day_11652_liz21_del_07_29.json","07",11652
145.441737,-14.693889,2615,3.55,2021-11-26 08:08:00,0.0560363334424285,6230.95598656087,"moving",29,-14.69295,145.44156,"run_day_11652_liz21_del_07_29.json","07",11652
145.441868,-14.694348,2615,3.55,2021-11-26 08:20:00,0.0529476818952486,5887.51360434159,"moving",29,-14.69295,145.44156,"run_day_11652_liz21_del_07_29.json","07",11652
145.441619,-14.693179,2616,3.55,2021-11-26 07:56:00,0.0510277608683374,5674.02812659086,"moving",29,-14.69295,145.44156,"run_day_11652_liz21_del_07_29.json","07",11652
145.441707,-14.693658,2616,3.55,2021-11-26 08:08:00,0.0540968490970988,6015.29516705366,"moving",29,-14.69295,145.44156,"run_day_11652_liz21_del_07_29.json","07",11652
145.441819,-14.694119,2616,3.55,2021-11-26 08:20:00,0.0526573328204232,5855.22826026508,"moving",29,-14.69295,145.44156,"run_day_11652_liz21_del_07_29.json","07",11652
145.441956,-14.694553,2616,3.55,2021-11-26 08:32:00,0.0504581597983846,5610.69137740079,"moving",29,-14.69295,145.44156,"run_day_11652_liz21_del_07_29.json","07",11652
145.441564,-14.693302,2617,3.55,2021-11-26 07:32:00,0.0535480089740829,5954.26692983532,"moving",29,-14.69295,145.44156,"run_day_11652_liz21_del_07_29.json","07",11652
145.441679,-14.693807,2617,3.55,2021-11-26 07:44:00,0.0574996192466034,6393.66594421612,"moving",29,-14.69295,145.44156,"run_day_11652_liz21_del_07_29.json","07",11652
145.441826,-14.694311,2617,3.55,2021-11-26 07:56:00,0.0582299101790784,6474.87059088187,"moving",29,-14.69295,145.44156,"run_day_11652_liz21_del_07_29.json","07",11652
145.441563,-14.693284,2618,3.55,2021-11-26 07:13:00,0.0546797803295871,6080.11416268903,"moving",29,-14.69295,145.44156,"run_day_11652_liz21_del_07_29.json","07",11652
145.441683,-14.693788,2618,3.55,2021-11-26 07:25:00,0.0575093384807051,6394.74667373911,"moving",29,-14.69295,145.44156,"run_day_11652_liz21_del_07_29.json","07",11652
145.441836,-14.694292,2618,3.55,2021-11-26 07:37:00,0.0584084434214367,6494.72258166951,"moving",29,-14.69295,145.44156,"run_day_11652_liz21_del_07_29.json","07",11652
145.441696,-14.693153,2619,3.55,2021-11-26 08:03:00,0.0486537973300394,5410.05542509296,"moving",29,-14.69295,145.44156,"run_day_11652_liz21_del_07_29.json","07",11652
145.441768,-14.693589,2619,3.55,2021-11-26 08:15:00,0.0490956113395773,5459.18290147407,"moving",29,-14.69295,145.44156,"run_day_11652_liz21_del_07_29.json","07",11652
145.441859,-14.693997,2619,3.55,2021-11-26 08:27:00,0.0464113559189031,5160.70731687694,"moving",29,-14.69295,145.44156,"run_day_11652_liz21_del_07_29.json","07",11652
145.441973,-14.694391,2619,3.55,2021-11-26 08:39:00,0.0454943268187487,5058.73833335434,"moving",29,-14.69295,145.44156,"run_day_11652_liz21_del_07_29.json","07",11652
145.441528,-14.69353,2620,3.55,2021-11-26 07:30:00,0.0571687849404712,6356.87884781425,"moving",29,-14.69295,145.44156,"run_day_11652_liz21_del_07_29.json","07",11652
145.441675,-14.694057,2620,3.55,2021-11-26 07:42:00,0.0606952878781287,6749.0080832789,"moving",29,-14.69295,145.44156,"run_day_11652_liz21_del_07_29.json","07",11652
145.441847,-14.694578,2620,3.55,2021-11-26 07:54:00,0.0608147240343585,6762.28877790958,"moving",29,-14.69295,145.44156,"run_day_11652_liz21_del_07_29.json","07",11652
145.441539,-14.69362,2621,3.55,2021-11-26 07:18:00,0.0589172545092143,6551.29979325088,"moving",29,-14.69295,145.44156,"run_day_11652_liz21_del_07_29.json","07",11652
145.4417,-14.694151,2621,3.55,2021-11-26 07:30:00,0.0615315213505245,6841.99300289967,"moving",29,-14.69295,145.44156,"run_day_11652_liz21_del_07_29.json","07",11652
145.441877,-14.69467,2621,3.55,2021-11-26 07:42:00,0.0607692358774676,6757.2307256409,"moving",29,-14.69295,145.44156,"run_day_11652_liz21_del_07_29.json","07",11652
145.441698,-14.693406,2622,3.55,2021-11-26 08:09:00,0.051247160632882,5698.42426731523,"moving",29,-14.69295,145.44156,"run_day_11652_liz21_del_07_29.json","07",11652
145.441786,-14.69386,2622,3.55,2021-11-26 08:21:00,0.051362158596547,5711.21145744923,"moving",29,-14.69295,145.44156,"run_day_11652_liz21_del_07_29.json","07",11652
145.4419,-14.69428,2622,3.55,2021-11-26 08:33:00,0.0482846998167083,5369.01365417342,"moving",29,-14.69295,145.44156,"run_day_11652_liz21_del_07_29.json","07",11652
145.442037,-14.694692,2622,3.55,2021-11-26 08:45:00,0.0481238093102179,5351.12344610641,"moving",29,-14.69295,145.44156,"run_day_11652_liz21_del_07_29.json","07",11652
145.441608,-14.69364,2623,3.55,2021-11-26 07:35:00,0.0567870103946624,6314.42745519828,"moving",29,-14.69295,145.44156,"run_day_11652_liz21_del_07_29.json","07",11652
145.441754,-14.694161,2623,3.55,2021-11-26 07:47:00,0.0600231728647427,6674.27230366874,"moving",29,-14.69295,145.44156,"run_day_11652_liz21_del_07_29.json","07",11652
145.44192,-14.694655,2623,3.55,2021-11-26 07:59:00,0.057759198693045,6422.52986172163,"moving",29,-14.69295,145.44156,"run_day_11652_liz21_del_07_29.json","07",11652
145.44165,-14.693173,2624,3.55,2021-11-26 07:49:00,0.0502015114597534,5582.15338421325,"moving",29,-14.69295,145.44156,"run_day_11652_liz21_del_07_29.json","07",11652
145.441734,-14.693648,2624,3.55,2021-11-26 08:01:00,0.053584769458701,5958.35450922585,"moving",29,-14.69295,145.44156,"run_day_11652_liz21_del_07_29.json","07",11652
145.441843,-14.694095,2624,3.55,2021-11-26 08:13:00,0.0510680867836531,5678.51216378626,"moving",29,-14.69295,145.44156,"run_day_11652_liz21_del_07_29.json","07",11652
145.441974,-14.69452,2624,3.55,2021-11-26 08:25:00,0.0493136382933546,5483.42639260587,"moving",29,-14.69295,145.44156,"run_day_11652_liz21_del_07_29.json","07",11652
145.441675,-14.693626,2625,3.55,2021-11-26 07:33:00,0.0551863162561715,6136.43838788841,"moving",29,-14.69295,145.44156,"run_day_11652_liz21_del_07_29.json","07",11652
145.44181,-14.694122,2625,3.55,2021-11-26 07:45:00,0.0570320927475451,6341.67936944895,"moving",29,-14.69295,145.44156,"run_day_11652_liz21_del_07_29.json","07",11652
145.441961,-14.694593,2625,3.55,2021-11-26 07:57:00,0.0548332924127453,6097.18392751485,"moving",29,-14.69295,145.44156,"run_day_11652_liz21_del_07_29.json","07",11652
145.441568,-14.693467,2626,3.55,2021-11-26 07:12:00,0.0570168115564053,6339.98017852112,"moving",29,-14.69295,145.44156,"run_day_11652_liz21_del_07_29.json","07",11652
145.44171,-14.693986,2626,3.55,2021-11-26 07:24:00,0.0596970405275315,6638.00804235611,"moving",29,-14.69295,145.44156,"run_day_11652_liz21_del_07_29.json","07",11652
145.441871,-14.694493,2626,3.55,2021-11-26 07:36:00,0.0589754814700024,6557.77433588445,"moving",29,-14.69295,145.44156,"run_day_11652_liz21_del_07_29.json","07",11652
145.441545,-14.693549,2627,3.55,2021-11-26 07:51:00,0.0572685116462065,6367.96795154299,"moving",29,-14.69295,145.44156,"run_day_11652_liz21_del_07_29.json","07",11652
145.441679,-14.694072,2627,3.55,2021-11-26 08:03:00,0.0599143307486493,6662.16961255389,"moving",29,-14.69295,145.44156,"run_day_11652_liz21_del_07_29.json","07",11652
145.441844,-14.694575,2627,3.55,2021-11-26 08:15:00,0.0586791359634189,6524.82221901846,"moving",29,-14.69295,145.44156,"run_day_11652_liz21_del_07_29.json","07",11652
145.441475,-14.693357,2628,3.55,2021-11-26 07:36:00,0.056466526097904,6278.7912273295,"moving",29,-14.69295,145.44156,"run_day_11652_liz21_del_07_29.json","07",11652
145.441607,-14.693879,2628,3.55,2021-11-26 07:48:00,0.0597549335346026,6644.44545103062,"moving",29,-14.69295,145.44156,"run_day_11652_liz21_del_07_29.json","07",11652
145.441771,-14.694408,2628,3.55,2021-11-26 08:00:00,0.061410052983668,6828.48633675743,"moving",29,-14.69295,145.44156,"run_day_11652_liz21_del_07_29.json","07",11652
145.441536,-14.693445,2629,3.55,2021-11-26 07:56:00,0.056221029168441,6251.4932142664,"moving",29,-14.69295,145.44156,"run_day_11652_liz21_del_07_29.json","07",11652
145.441658,-14.693959,2629,3.55,2021-11-26 08:08:00,0.0586412120686515,6520.60527432172,"moving",29,-14.69295,145.44156,"run_day_11652_liz21_del_07_29.json","07",11652
145.441812,-14.694459,2629,3.55,2021-11-26 08:20:00,0.0580124329269216,6450.68822378144,"moving",29,-14.69295,145.44156,"run_day_11652_liz21_del_07_29.json","07",11652
145.441683,-14.693568,2630,3.55,2021-11-26 08:01:00,0.0541349024549698,6019.5265073907,"moving",29,-14.69295,145.44156,"run_day_11652_liz21_del_07_29.json","07",11652
145.441793,-14.694045,2630,3.55,2021-11-26 08:13:00,0.0543435539449804,6042.72749451671,"moving",29,-14.69295,145.44156,"run_day_11652_liz21_del_07_29.json","07",11652
145.441929,-14.694487,2630,3.55,2021-11-26 08:25:00,0.0512788149150897,5701.9440629033,"moving",29,-14.69295,145.44156,"run_day_11652_liz21_del_07_29.json","07",11652
145.44149,-14.693307,2631,3.55,2021-11-26 07:13:00,0.0565742654125033,6290.7712925131,"moving",29,-14.69295,145.44156,"run_day_11652_liz21_del_07_29.json","07",11652
145.441624,-14.693823,2631,3.55,2021-11-26 07:25:00,0.059159123191476,6578.19436363258,"moving",29,-14.69295,145.44156,"run_day_11652_liz21_del_07_29.json","07",11652
145.441788,-14.694349,2631,3.55,2021-11-26 07:37:00,0.0610906025899212,6792.96507365818,"moving",29,-14.69295,145.44156,"run_day_11652_liz21_del_07_29.json","07",11652
145.441578,-14.693192,2632,3.55,2021-11-26 07:32:00,0.0518624100301393,5766.83687891137,"moving",29,-14.69295,145.44156,"run_day_11652_liz21_del_07_29.json","07",11652
145.441681,-14.693684,2632,3.55,2021-11-26 07:44:00,0.0558183524671894,6206.71760800924,"moving",29,-14.69295,145.44156,"run_day_11652_liz21_del_07_29.json","07",11652
145.441815,-14.694179,2632,3.55,2021-11-26 07:56:00,0.0568972271554154,6326.68299982521,"moving",29,-14.69295,145.44156,"run_day_11652_liz21_del_07_29.json","07",11652
145.441968,-14.694643,2632,3.55,2021-11-26 08:08:00,0.054155324704272,6021.79735790378,"moving",29,-14.69295,145.44156,"run_day_11652_liz21_del_07_29.json","07",11652
145.441713,-14.693321,2633,3.55,2021-11-26 08:01:00,0.0504619073337862,5611.10808432488,"moving",29,-14.69295,145.44156,"run_day_11652_liz21_del_07_29.json","07",11652
145.441793,-14.69376,2633,3.55,2021-11-26 08:13:00,0.049567156087825,5511.61628516509,"moving",29,-14.69295,145.44156,"run_day_11652_liz21_del_07_29.json","07",11652
145.441897,-14.694169,2633,3.55,2021-11-26 08:25:00,0.0468342000506124,5207.72543908444,"moving",29,-14.69295,145.44156,"run_day_11652_liz21_del_07_29.json","07",11652
145.442023,-14.694572,2633,3.55,2021-11-26 08:37:00,0.0468160302132853,5205.7050453557,"moving",29,-14.69295,145.44156,"run_day_11652_liz21_del_07_29.json","07",11652
145.4416,-14.693469,2634,3.55,2021-11-26 07:46:00,0.0550351342295123,6119.62771352407,"moving",29,-14.69295,145.44156,"run_day_11652_liz21_del_07_29.json","07",11652
145.441721,-14.69398,2634,3.55,2021-11-26 07:58:00,0.0582920255315896,6481.77750294785,"moving",29,-14.69295,145.44156,"run_day_11652_liz21_del_07_29.json","07",11652
145.441871,-14.694465,2634,3.55,2021-11-26 08:10:00,0.0562911364052551,6259.28878332119,"moving",29,-14.69295,145.44156,"run_day_11652_liz21_del_07_29.json","07",11652
145.441492,-14.693392,2635,3.55,2021-11-26 07:52:00,0.0567424120513288,6309.46834568283,"moving",29,-14.69295,145.44156,"run_day_11652_liz21_del_07_29.json","07",11652
145.441617,-14.693912,2635,3.55,2021-11-26 08:04:00,0.0593638990310749,6600.96439809536,"moving",29,-14.69295,145.44156,"run_day_11652_liz21_del_07_29.json","07",11652
145.441774,-14.694426,2635,3.55,2021-11-26 08:16:00,0.0595966432792988,6626.84437770357,"moving",29,-14.69295,145.44156,"run_day_11652_liz21_del_07_29.json","07",11652
145.441705,-14.693505,2636,3.55,2021-11-26 08:09:00,0.0523428675903823,5820.26132207841,"moving",29,-14.69295,145.44156,"run_day_11652_liz21_del_07_29.json","07",11652
145.441801,-14.693958,2636,3.55,2021-11-26 08:21:00,0.0514187329364372,5717.50223702329,"moving",29,-14.69295,145.44156,"run_day_11652_liz21_del_07_29.json","07",11652
145.441924,-14.694382,2636,3.55,2021-11-26 08:33:00,0.0489676440631214,5444.95358955565,"moving",29,-14.69295,145.44156,"run_day_11652_liz21_del_07_29.json","07",11652
145.441777,-14.693599,2637,3.55,2021-11-26 07:18:00,0.0513229538736292,5706.85209116027,"moving",29,-14.69295,145.44156,"run_day_11652_liz21_del_07_29.json","07",11652
145.441896,-14.694026,2637,3.55,2021-11-26 07:30:00,0.049175179066275,5468.03042900749,"moving",29,-14.69295,145.44156,"run_day_11652_liz21_del_07_29.json","07",11652
145.442021,-14.694464,2637,3.55,2021-11-26 07:42:00,0.0505250497889882,5618.12920499922,"moving",29,-14.69295,145.44156,"run_day_11652_liz21_del_07_29.json","07",11652
145.441741,-14.693388,2638,3.55,2021-11-26 07:26:00,0.0502998280099504,5593.08568580035,"moving",29,-14.69295,145.44156,"run_day_11652_liz21_del_07_29.json","07",11652
145.441835,-14.693817,2638,3.55,2021-11-26 07:38:00,0.0487623043284933,5422.12085282646,"moving",29,-14.69295,145.44156,"run_day_11652_liz21_del_07_29.json","07",11652
145.441955,-14.694236,2638,3.55,2021-11-26 07:50:00,0.0483454360743704,5375.76721788882,"moving",29,-14.69295,145.44156,"run_day_11652_liz21_del_07_29.json","07",11652
145.442089,-14.694661,2638,3.55,2021-11-26 08:02:00,0.0494067991340036,5493.78540544798,"moving",29,-14.69295,145.44156,"run_day_11652_liz21_del_07_29.json","07",11652
145.441609,-14.693384,2639,3.55,2021-11-26 07:44:00,0.0536628327839772,5967.03475495356,"moving",29,-14.69295,145.44156,"run_day_11652_liz21_del_07_29.json","07",11652
145.44172,-14.693889,2639,3.55,2021-11-26 07:56:00,0.0574086047120715,6383.54558972526,"moving",29,-14.69295,145.44156,"run_day_11652_liz21_del_07_29.json","07",11652
145.441861,-14.694369,2639,3.55,2021-11-26 08:08:00,0.0554863576142756,6169.80146469313,"moving",29,-14.69295,145.44156,"run_day_11652_liz21_del_07_29.json","07",11652
145.44176,-14.693366,2640,3.55,2021-11-26 07:24:00,0.0488007993661482,5426.40130571468,"moving",29,-14.69295,145.44156,"run_day_11652_liz21_del_07_29.json","07",11652
145.441848,-14.693776,2640,3.55,2021-11-26 07:36:00,0.0465621059715511,5177.4699579228,"moving",29,-14.69295,145.44156,"run_day_11652_liz21_del_07_29.json","07",11652
145.441962,-14.694181,2640,3.55,2021-11-26 07:48:00,0.0466733757608083,5189.84259397701,"moving",29,-14.69295,145.44156,"run_day_11652_liz21_del_07_29.json","07",11652
145.442088,-14.694598,2640,3.55,2021-11-26 08:00:00,0.0483082079102688,5371.62763491243,"moving",29,-14.69295,145.44156,"run_day_11652_liz21_del_07_29.json","07",11652
145.441531,-14.693543,2641,3.55,2021-11-26 07:56:00,0.057376899264246,6380.02010478007,"moving",29,-14.69295,145.44156,"run_day_11652_liz21_del_07_29.json","07",11652
145.441664,-14.694064,2641,3.55,2021-11-26 08:08:00,0.0596726192832893,6635.29252389404,"moving",29,-14.69295,145.44156,"run_day_11652_liz21_del_07_29.json","07",11652
145.441828,-14.694566,2641,3.55,2021-11-26 08:20:00,0.0585406591515952,6509.42430008574,"moving",29,-14.69295,145.44156,"run_day_11652_liz21_del_07_29.json","07",11652
145.441519,-14.693275,2642,3.55,2021-11-26 08:03:00,0.0546076916465728,6072.09826686935,"moving",29,-14.69295,145.44156,"run_day_11652_liz21_del_07_29.json","07",11652
145.441627,-14.693772,2642,3.55,2021-11-26 08:15:00,0.0564715415417461,6279.34891923961,"moving",29,-14.69295,145.44156,"run_day_11652_liz21_del_07_29.json","07",11652
145.441762,-14.69427,2642,3.55,2021-11-26 08:27:00,0.0572471795911932,6365.59593525061,"moving",29,-14.69295,145.44156,"run_day_11652_liz21_del_07_29.json","07",11652
145.441752,-14.693337,2643,3.55,2021-11-26 08:00:00,0.0484717684239691,5389.81473423528,"moving",29,-14.69295,145.44156,"run_day_11652_liz21_del_07_29.json","07",11652
145.441826,-14.693743,2643,3.55,2021-11-26 08:12:00,0.045841406408804,5097.33182291036,"moving",29,-14.69295,145.44156,"run_day_11652_liz21_del_07_29.json","07",11652
145.441922,-14.694127,2643,3.55,2021-11-26 08:24:00,0.0439296005442419,4884.74871004175,"moving",29,-14.69295,145.44156,"run_day_11652_liz21_del_07_29.json","07",11652
145.442039,-14.694513,2643,3.55,2021-11-26 08:36:00,0.0447280385099883,4973.53096107315,"moving",29,-14.69295,145.44156,"run_day_11652_liz21_del_07_29.json","07",11652
145.441536,-14.693298,2644,3.55,2021-11-26 07:30:00,0.0542129970478907,6028.21022992189,"moving",29,-14.69295,145.44156,"run_day_11652_liz21_del_07_29.json","07",11652
145.441656,-14.693805,2644,3.55,2021-11-26 07:42:00,0.0578344615794852,6430.8987128584,"moving",29,-14.69295,145.44156,"run_day_11652_liz21_del_07_29.json","07",11652
145.441808,-14.694319,2644,3.55,2021-11-26 07:54:00,0.059446500557885,6610.14926880975,"moving",29,-14.69295,145.44156,"run_day_11652_liz21_del_07_29.json","07",11652
145.441736,-14.693514,2645,3.55,2021-11-26 07:41:00,0.0519228865079053,5773.56155642028,"moving",29,-14.69295,145.44156,"run_day_11652_liz21_del_07_29.json","07",11652
145.441842,-14.693959,2645,3.55,2021-11-26 07:53:00,0.0507782418980243,5646.28288299047,"moving",29,-14.69295,145.44156,"run_day_11652_liz21_del_07_29.json","07",11652
145.441967,-14.694388,2645,3.55,2021-11-26 08:05:00,0.0495610941182584,5510.94222490381,"moving",29,-14.69295,145.44156,"run_day_11652_liz21_del_07_29.json","07",11652
145.441674,-14.693144,2646,3.55,2021-11-26 07:47:00,0.0490970706466616,5459.34516901825,"moving",29,-14.69295,145.44156,"run_day_11652_liz21_del_07_29.json","07",11652
145.441754,-14.693605,2646,3.55,2021-11-26 07:59:00,0.0519780381220536,5779.69413610982,"moving",29,-14.69295,145.44156,"run_day_11652_liz21_del_07_29.json","07",11652
145.441855,-14.694035,2646,3.55,2021-11-26 08:11:00,0.0490323817698956,5452.15209411154,"moving",29,-14.69295,145.44156,"run_day_11652_liz21_del_07_29.json","07",11652
145.441978,-14.694448,2646,3.55,2021-11-26 08:23:00,0.0477911271328098,5314.13087579357,"moving",29,-14.69295,145.44156,"run_day_11652_liz21_del_07_29.json","07",11652
145.441708,-14.693532,2647,3.55,2021-11-26 07:34:00,0.0531901792081593,5914.47807526221,"moving",29,-14.69295,145.44156,"run_day_11652_liz21_del_07_29.json","07",11652
145.441825,-14.694002,2647,3.55,2021-11-26 07:46:00,0.0537553876359237,5977.32638492636,"moving",29,-14.69295,145.44156,"run_day_11652_liz21_del_07_29.json","07",11652
145.44196,-14.694452,2647,3.55,2021-11-26 07:58:00,0.0521019532594981,5793.47287072812,"moving",29,-14.69295,145.44156,"run_day_11652_liz21_del_07_29.json","07",11652
145.441667,-14.69342,2648,3.55,2021-11-26 07:32:00,0.0526601761860703,5855.54442809963,"moving",29,-14.69295,145.44156,"run_day_11652_liz21_del_07_29.json","07",11652
145.441779,-14.693908,2648,3.55,2021-11-26 07:44:00,0.055584222194355,6180.68350949616,"moving",29,-14.69295,145.44156,"run_day_11652_liz21_del_07_29.json","07",11652
145.441915,-14.69437,2648,3.55,2021-11-26 07:56:00,0.0534140792634757,5939.37462548882,"moving",29,-14.69295,145.44156,"run_day_11652_liz21_del_07_29.json","07",11652
145.441736,-14.69321,2649,3.55,2021-11-26 07:21:00,0.0486010765279117,5404.19313936773,"moving",29,-14.69295,145.44156,"run_day_11652_liz21_del_07_29.json","07",11652
145.441814,-14.693622,2649,3.55,2021-11-26 07:33:00,0.0465741613522065,5178.81045509044,"moving",29,-14.69295,145.44156,"run_day_11652_liz21_del_07_29.json","07",11652
145.441921,-14.694024,2649,3.55,2021-11-26 07:45:00,0.0461581336570477,5132.55028604516,"moving",29,-14.69295,145.44156,"run_day_11652_liz21_del_07_29.json","07",11652
145.442038,-14.694434,2649,3.55,2021-11-26 07:57:00,0.0472948768027273,5258.9503567427,"moving",29,-14.69295,145.44156,"run_day_11652_liz21_del_07_29.json","07",11652
145.441643,-14.693224,2650,3.55,2021-11-26 07:47:00,0.0510277604645093,5674.02808168722,"moving",29,-14.69295,145.44156,"run_day_11652_liz21_del_07_29.json","07",11652
145.441733,-14.693707,2650,3.55,2021-11-26 07:59:00,0.0545725701955778,6068.19293970231,"moving",29,-14.69295,145.44156,"run_day_11652_liz21_del_07_29.json","07",11652
145.441849,-14.694161,2650,3.55,2021-11-26 08:11:00,0.0520014610199682,5782.29864352524,"moving",29,-14.69295,145.44156,"run_day_11652_liz21_del_07_29.json","07",11652
145.441987,-14.694593,2650,3.55,2021-11-26 08:23:00,0.0502771540758391,5590.56445936011,"moving",29,-14.69295,145.44156,"run_day_11652_liz21_del_07_29.json","07",11652
145.441633,-14.693545,2651,3.55,2021-11-26 08:04:00,0.0548408733433045,6098.02688853228,"moving",29,-14.69295,145.44156,"run_day_11652_liz21_del_07_29.json","07",11652
145.441747,-14.694039,2651,3.55,2021-11-26 08:16:00,0.0562821926182112,6258.29427957692,"moving",29,-14.69295,145.44156,"run_day_11652_liz21_del_07_29.json","07",11652
145.44189,-14.694499,2651,3.55,2021-11-26 08:28:00,0.0534121481702415,5939.15989771831,"moving",29,-14.69295,145.44156,"run_day_11652_liz21_del_07_29.json","07",11652
145.441752,-14.693573,2652,3.55,2021-11-26 07:50:00,0.0518863326956334,5769.49695794613,"moving",29,-14.69295,145.44156,"run_day_11652_liz21_del_07_29.json","07",11652
145.441855,-14.694008,2652,3.55,2021-11-26 08:02:00,0.0496222753369887,5517.74526603256,"moving",29,-14.69295,145.44156,"run_day_11652_liz21_del_07_29.json","07",11652
145.441978,-14.694425,2652,3.55,2021-11-26 08:14:00,0.0482186829721179,5361.67291598188,"moving",29,-14.69295,145.44156,"run_day_11652_liz21_del_07_29.json","07",11652
145.441485,-14.693335,2653,3.55,2021-11-26 07:30:00,0.0557935344448547,6203.95796983628,"moving",29,-14.69295,145.44156,"run_day_11652_liz21_del_07_29.json","07",11652
145.441617,-14.693854,2653,3.55,2021-11-26 07:42:00,0.0594309547257624,6608.42065114724,"moving",29,-14.69295,145.44156,"run_day_11652_liz21_del_07_29.json","07",11652
145.441779,-14.694382,2653,3.55,2021-11-26 07:54:00,0.0612420016993723,6809.79988652765,"moving",29,-14.69295,145.44156,"run_day_11652_liz21_del_07_29.json","07",11652
145.441625,-14.693283,2654,3.55,2021-11-26 07:37:00,0.0519642972636331,5778.16622236573,"moving",29,-14.69295,145.44156,"run_day_11652_liz21_del_07_29.json","07",11652
145.441726,-14.693776,2654,3.55,2021-11-26 07:49:00,0.055885124474731,6214.14231648975,"moving",29,-14.69295,145.44156,"run_day_11652_liz21_del_07_29.json","07",11652
145.441858,-14.69425,2654,3.55,2021-11-26 08:01:00,0.0545851476008217,6069.59148335578,"moving",29,-14.69295,145.44156,"run_day_11652_liz21_del_07_29.json","07",11652
145.442009,-14.694698,2654,3.55,2021-11-26 08:13:00,0.0523960420164265,5826.17404848176,"moving",29,-14.69295,145.44156,"run_day_11652_liz21_del_07_29.json","07",11652
145.441457,-14.69341,2655,3.55,2021-11-26 08:05:00,0.0575749623122373,6402.04371087246,"moving",29,-14.69295,145.44156,"run_day_11652_liz21_del_07_29.json","07",11652
145.441582,-14.693925,2655,3.55,2021-11-26 08:17:00,0.0588225056370506,6540.76419936099,"moving",29,-14.69295,145.44156,"run_day_11652_liz21_del_07_29.json","07",11652
145.44174,-14.694438,2655,3.55,2021-11-26 08:29:00,0.0595206339529938,6618.39252624077,"moving",29,-14.69295,145.44156,"run_day_11652_liz21_del_07_29.json","07",11652
145.441618,-14.693439,2656,3.55,2021-11-26 07:19:00,0.0548863326320466,6103.08173080927,"moving",29,-14.69295,145.44156,"run_day_11652_liz21_del_07_29.json","07",11652
145.441747,-14.693944,2656,3.55,2021-11-26 07:31:00,0.0578422428219328,6431.76394754158,"moving",29,-14.69295,145.44156,"run_day_11652_liz21_del_07_29.json","07",11652
145.441896,-14.694432,2656,3.55,2021-11-26 07:43:00,0.0565802482272313,6291.4365511579,"moving",29,-14.69295,145.44156,"run_day_11652_liz21_del_07_29.json","07",11652
145.441666,-14.693376,2657,3.55,2021-11-26 07:46:00,0.0523368630286455,5819.59364527655,"moving",29,-14.69295,145.44156,"run_day_11652_liz21_del_07_29.json","07",11652
145.441766,-14.693861,2657,3.55,2021-11-26 07:58:00,0.0549916660549877,6114.79427304643,"moving",29,-14.69295,145.44156,"run_day_11652_liz21_del_07_29.json","07",11652
145.441894,-14.694312,2657,3.55,2021-11-26 08:10:00,0.0520043840366743,5782.62366815346,"moving",29,-14.69295,145.44156,"run_day_11652_liz21_del_07_29.json","07",11652
145.441677,-14.693392,2658,3.55,2021-11-26 07:39:00,0.0522072285972494,5805.17895418685,"moving",29,-14.69295,145.44156,"run_day_11652_liz21_del_07_29.json","07",11652
145.44178,-14.693873,2658,3.55,2021-11-26 07:51:00,0.054620078958298,6073.47567308796,"moving",29,-14.69295,145.44156,"run_day_11652_liz21_del_07_29.json","07",11652
145.44191,-14.694323,2658,3.55,2021-11-26 08:03:00,0.0519546453625256,5777.0929799301,"moving",29,-14.69295,145.44156,"run_day_11652_liz21_del_07_29.json","07",11652
145.441517,-14.693299,2659,3.55,2021-11-26 07:16:00,0.0556622307105998,6189.35766073766,"moving",29,-14.69295,145.44156,"run_day_11652_liz21_del_07_29.json","07",11652
145.441645,-14.693809,2659,3.55,2021-11-26 07:28:00,0.0583566705068865,6488.96569623393,"moving",29,-14.69295,145.44156,"run_day_11652_liz21_del_07_29.json","07",11652
145.441804,-14.694328,2659,3.55,2021-11-26 07:40:00,0.0601908072806482,6692.91240024845,"moving",29,-14.69295,145.44156,"run_day_11652_liz21_del_07_29.json","07",11652
145.441502,-14.693459,2660,3.55,2021-11-26 07:59:00,0.0571250274481167,6352.01323666174,"moving",29,-14.69295,145.44156,"run_day_11652_liz21_del_07_29.json","07",11652
145.441628,-14.693977,2660,3.55,2021-11-26 08:11:00,0.0591718502063243,6579.60954311504,"moving",29,-14.69295,145.44156,"run_day_11652_liz21_del_07_29.json","07",11652
145.441788,-14.694484,2660,3.55,2021-11-26 08:23:00,0.0589439892754457,6554.27256362084,"moving",29,-14.69295,145.44156,"run_day_11652_liz21_del_07_29.json","07",11652
145.441546,-14.693609,2661,3.55,2021-11-26 07:29:00,0.0577602491589696,6422.64666820306,"moving",29,-14.69295,145.44156,"run_day_11652_liz21_del_07_29.json","07",11652
145.441699,-14.69414,2661,3.55,2021-11-26 07:41:00,0.0612949211929317,6815.68426573205,"moving",29,-14.69295,145.44156,"run_day_11652_liz21_del_07_29.json","07",11652
145.441875,-14.694656,2661,3.55,2021-11-26 07:53:00,0.0604187480959023,6718.25826247993,"moving",29,-14.69295,145.44156,"run_day_11652_liz21_del_07_29.json","07",11652
145.441514,-14.693569,2662,3.55,2021-11-26 07:56:00,0.058148437471,6465.81123908356,"moving",29,-14.69295,145.44156,"run_day_11652_liz21_del_07_29.json","07",11652
145.441651,-14.694094,2662,3.55,2021-11-26 08:08:00,0.0602083716082554,6694.86546436829,"moving",29,-14.69295,145.44156,"run_day_11652_liz21_del_07_29.json","07",11652
145.441821,-14.694601,2662,3.55,2021-11-26 08:20:00,0.0592669416887691,6590.18323353002,"moving",29,-14.69295,145.44156,"run_day_11652_liz21_del_07_29.json","07",11652
145.441642,-14.693208,2663,3.55,2021-11-26 07:52:00,0.0507677919614891,5645.120903064,"moving",29,-14.69295,145.44156,"run_day_11652_liz21_del_07_29.json","07",11652
145.441729,-14.693688,2663,3.55,2021-11-26 08:04:00,0.0541876543859545,6025.39225448691,"moving",29,-14.69295,145.44156,"run_day_11652_liz21_del_07_29.json","07",11652
145.441842,-14.694139,2663,3.55,2021-11-26 08:16:00,0.0516007278944599,5737.7391530303,"moving",29,-14.69295,145.44156,"run_day_11652_liz21_del_07_29.json","07",11652
145.441977,-14.694567,2663,3.55,2021-11-26 08:28:00,0.04975725319229,5532.75411875143,"moving",29,-14.69295,145.44156,"run_day_11652_liz21_del_07_29.json","07",11652
145.441576,-14.693481,2664,3.55,2021-11-26 07:29:00,0.0555706929256649,6179.1791234566,"moving",29,-14.69295,145.44156,"run_day_11652_liz21_del_07_29.json","07",11652
145.441712,-14.693998,2664,3.55,2021-11-26 07:41:00,0.059319651129877,6596.04425596749,"moving",29,-14.69295,145.44156,"run_day_11652_liz21_del_07_29.json","07",11652
145.441871,-14.694501,2664,3.55,2021-11-26 07:53:00,0.0584871915158434,6503.47897025047,"moving",29,-14.69295,145.44156,"run_day_11652_liz21_del_07_29.json","07",11652
145.441712,-14.693655,2665,3.55,2021-11-26 07:49:00,0.0547400497036951,6086.81581132188,"moving",29,-14.69295,145.44156,"run_day_11652_liz21_del_07_29.json","07",11652
145.441834,-14.694127,2665,3.55,2021-11-26 08:01:00,0.054099543237339,6015.59474178005,"moving",29,-14.69295,145.44156,"run_day_11652_liz21_del_07_29.json","07",11652
145.441975,-14.694572,2665,3.55,2021-11-26 08:13:00,0.0517536551899023,5754.74389242897,"moving",29,-14.69295,145.44156,"run_day_11652_liz21_del_07_29.json","07",11652
145.441728,-14.693305,2666,3.55,2021-11-26 07:23:00,0.0501005876230778,5570.93116559742,"moving",29,-14.69295,145.44156,"run_day_11652_liz21_del_07_29.json","07",11652
145.441816,-14.693735,2666,3.55,2021-11-26 07:35:00,0.0487416679137604,5419.82618820403,"moving",29,-14.69295,145.44156,"run_day_11652_liz21_del_07_29.json","07",11652
145.441934,-14.694154,2666,3.55,2021-11-26 07:47:00,0.0482884517923717,5369.43085483208,"moving",29,-14.69295,145.44156,"run_day_11652_liz21_del_07_29.json","07",11652
145.442062,-14.69458,2666,3.55,2021-11-26 07:59:00,0.0493291793778521,5485.15448235654,"moving",29,-14.69295,145.44156,"run_day_11652_liz21_del_07_29.json","07",11652
145.441466,-14.693439,2667,3.55,2021-11-26 07:43:00,0.0578392126100883,6431.42700335781,"moving",29,-14.69295,145.44156,"run_day_11652_liz21_del_07_29.json","07",11652
145.441604,-14.693969,2667,3.55,2021-11-26 07:55:00,0.060773772551243,6757.73518074857,"moving",29,-14.69295,145.44156,"run_day_11652_liz21_del_07_29.json","07",11652
145.441774,-14.694497,2667,3.55,2021-11-26 08:07:00,0.0614923494641117,6837.63728786347,"moving",29,-14.69295,145.44156,"run_day_11652_liz21_del_07_29.json","07",11652
145.441652,-14.693442,2668,3.55,2021-11-26 07:23:00,0.0537272506539767,5974.19769528276,"moving",29,-14.69295,145.44156,"run_day_11652_liz21_del_07_29.json","07",11652
145.441774,-14.693936,2668,3.55,2021-11-26 07:35:00,0.0564758997217263,6279.83352674281,"moving",29,-14.69295,145.44156,"run_day_11652_liz21_del_07_29.json","07",11652
145.441916,-14.69441,2668,3.55,2021-11-26 07:47:00,0.0548747339437194,6101.79201551156,"moving",29,-14.69295,145.44156,"run_day_11652_liz21_del_07_29.json","07",11652
145.441617,-14.693194,2669,3.55,2021-11-26 07:33:00,0.0509406852184095,5664.3457560846,"moving",29,-14.69295,145.44156,"run_day_11652_liz21_del_07_29.json","07",11652
145.441714,-14.693681,2669,3.55,2021-11-26 07:45:00,0.055147824710303,6132.15832326912,"moving",29,-14.69295,145.44156,"run_day_11652_liz21_del_07_29.json","07",11652
145.441841,-14.694156,2669,3.55,2021-11-26 07:57:00,0.054555390891238,6066.28268821644,"moving",29,-14.69295,145.44156,"run_day_11652_liz21_del_07_29.json","07",11652
145.441985,-14.694607,2669,3.55,2021-11-26 08:09:00,0.0524862130694088,5836.20061210359,"moving",29,-14.69295,145.44156,"run_day_11652_liz21_del_07_29.json","07",11652
145.441732,-14.693269,2670,3.55,2021-11-26 07:39:00,0.0490009553227715,5448.65763262888,"moving",29,-14.69295,145.44156,"run_day_11652_liz21_del_07_29.json","07",11652
145.441811,-14.693694,2670,3.55,2021-11-26 07:51:00,0.0480156729084862,5339.09922684825,"moving",29,-14.69295,145.44156,"run_day_11652_liz21_del_07_29.json","07",11652
145.441916,-14.694099,2670,3.55,2021-11-26 08:03:00,0.0464284616226714,5162.60938435266,"moving",29,-14.69295,145.44156,"run_day_11652_liz21_del_07_29.json","07",11652
145.442036,-14.694502,2670,3.55,2021-11-26 08:15:00,0.0466333072358871,5185.38717728764,"moving",29,-14.69295,145.44156,"run_day_11652_liz21_del_07_29.json","07",11652
145.441631,-14.693561,2671,3.55,2021-11-26 07:37:00,0.0552526257668362,6143.81166906261,"moving",29,-14.69295,145.44156,"run_day_11652_liz21_del_07_29.json","07",11652
145.441763,-14.694071,2671,3.55,2021-11-26 07:49:00,0.0584596619912965,6500.41782678792,"moving",29,-14.69295,145.44156,"run_day_11652_liz21_del_07_29.json","07",11652
145.441917,-14.694553,2671,3.55,2021-11-26 08:01:00,0.0560971527041817,6237.71877991009,"moving",29,-14.69295,145.44156,"run_day_11652_liz21_del_07_29.json","07",11652
145.441676,-14.693375,2672,3.55,2021-11-26 07:27:00,0.0520724896889846,5790.19667116618,"moving",29,-14.69295,145.44156,"run_day_11652_liz21_del_07_29.json","07",11652
145.441782,-14.693854,2672,3.55,2021-11-26 07:39:00,0.0544689564071629,6056.67161210015,"moving",29,-14.69295,145.44156,"run_day_11652_liz21_del_07_29.json","07",11652
145.441915,-14.694309,2672,3.55,2021-11-26 07:51:00,0.0525771953244919,5846.31737728351,"moving",29,-14.69295,145.44156,"run_day_11652_liz21_del_07_29.json","07",11652
145.441764,-14.693541,2673,3.55,2021-11-26 07:13:00,0.0519603046103983,5777.72225958216,"moving",29,-14.69295,145.44156,"run_day_11652_liz21_del_07_29.json","07",11652
145.44188,-14.693972,2673,3.55,2021-11-26 07:25:00,0.0495224861680299,5506.64921671026,"moving",29,-14.69295,145.44156,"run_day_11652_liz21_del_07_29.json","07",11652
145.442005,-14.694409,2673,3.55,2021-11-26 07:37:00,0.0504178735529364,5606.2117512934,"moving",29,-14.69295,145.44156,"run_day_11652_liz21_del_07_29.json","07",11652
145.441522,-14.693301,2674,3.55,2021-11-26 08:08:00,0.0544992413290998,6060.03914177336,"moving",29,-14.69295,145.44156,"run_day_11652_liz21_del_07_29.json","07",11652
145.441629,-14.693797,2674,3.55,2021-11-26 08:20:00,0.0563406595193494,6264.79550236012,"moving",29,-14.69295,145.44156,"run_day_11652_liz21_del_07_29.json","07",11652
145.441765,-14.694293,2674,3.55,2021-11-26 08:32:00,0.0570595689500062,6344.73458376608,"moving",29,-14.69295,145.44156,"run_day_11652_liz21_del_07_29.json","07",11652
145.441593,-14.693255,2675,3.55,2021-11-26 07:56:00,0.0526169100598457,5850.73345436789,"moving",29,-14.69295,145.44156,"run_day_11652_liz21_del_07_29.json","07",11652
145.44169,-14.693745,2675,3.55,2021-11-26 08:08:00,0.0554754207341158,6168.58533910604,"moving",29,-14.69295,145.44156,"run_day_11652_liz21_del_07_29.json","07",11652
145.441814,-14.694222,2675,3.55,2021-11-26 08:20:00,0.0546911412195764,6081.377436018,"moving",29,-14.69295,145.44156,"run_day_11652_liz21_del_07_29.json","07",11652
145.441963,-14.694666,2675,3.55,2021-11-26 08:32:00,0.0519065332382371,5771.74315579913,"moving",29,-14.69295,145.44156,"run_day_11652_liz21_del_07_29.json","07",11652
145.441659,-14.693139,2676,3.55,2021-11-26 07:46:00,0.0494647724987079,5500.23174948361,"moving",29,-14.69295,145.44156,"run_day_11652_liz21_del_07_29.json","07",11652
145.441741,-14.693608,2676,3.55,2021-11-26 07:58:00,0.052890974940322,5881.2080786483,"moving",29,-14.69295,145.44156,"run_day_11652_liz21_del_07_29.json","07",11652
145.441846,-14.694049,2676,3.55,2021-11-26 08:10:00,0.0503206677771473,5595.40296218511,"moving",29,-14.69295,145.44156,"run_day_11652_liz21_del_07_29.json","07",11652
145.441972,-14.694469,2676,3.55,2021-11-26 08:22:00,0.0486284891554623,5407.24128447735,"moving",29,-14.69295,145.44156,"run_day_11652_liz21_del_07_29.json","07",11652
145.441553,-14.693453,2677,3.55,2021-11-26 07:21:00,0.0562596266104229,6255.78505399624,"moving",29,-14.69295,145.44156,"run_day_11652_liz21_del_07_29.json","07",11652
145.441692,-14.69397,2677,3.55,2021-11-26 07:33:00,0.0594000448333085,6604.98362792324,"moving",29,-14.69295,145.44156,"run_day_11652_liz21_del_07_29.json","07",11652
145.441854,-14.694483,2677,3.55,2021-11-26 07:45:00,0.0596448970436201,6632.20995148759,"moving",29,-14.69295,145.44156,"run_day_11652_liz21_del_07_29.json","07",11652
145.441763,-14.693238,2678,3.55,2021-11-26 07:57:00,0.0464444444266489,5164.38659106851,"moving",29,-14.69295,145.44156,"run_day_11652_liz21_del_07_29.json","07",11652
145.441829,-14.693626,2678,3.55,2021-11-26 08:09:00,0.0437237552187901,4861.859754178,"moving",29,-14.69295,145.44156,"run_day_11652_liz21_del_07_29.json","07",11652
145.441914,-14.693993,2678,3.55,2021-11-26 08:21:00,0.0418201063570612,4650.18365864107,"moving",29,-14.69295,145.44156,"run_day_11652_liz21_del_07_29.json","07",11652
145.442018,-14.694361,2678,3.55,2021-11-26 08:33:00,0.0424211288476949,4717.01431039881,"moving",29,-14.69295,145.44156,"run_day_11652_liz21_del_07_29.json","07",11652
145.441638,-14.693195,2679,3.55,2021-11-26 07:31:00,0.0505476173742686,5620.63860598902,"moving",29,-14.69295,145.44156,"run_day_11652_liz21_del_07_29.json","07",11652
145.441731,-14.693676,2679,3.55,2021-11-26 07:43:00,0.0544121157331418,6050.35121752194,"moving",29,-14.69295,145.44156,"run_day_11652_liz21_del_07_29.json","07",11652
145.441855,-14.694139,2679,3.55,2021-11-26 07:55:00,0.0531827670352182,5913.65387923575,"moving",29,-14.69295,145.44156,"run_day_11652_liz21_del_07_29.json","07",11652
145.441995,-14.694584,2679,3.55,2021-11-26 08:07:00,0.05172223879818,5751.25054905598,"moving",29,-14.69295,145.44156,"run_day_11652_liz21_del_07_29.json","07",11652
145.441477,-14.693441,2680,3.55,2021-11-26 08:07:00,0.0571498307886746,6354.77124229561,"moving",29,-14.69295,145.44156,"run_day_11652_liz21_del_07_29.json","07",11652
145.441601,-14.693954,2680,3.55,2021-11-26 08:19:00,0.0585814429915558,6513.95925617845,"moving",29,-14.69295,145.44156,"run_day_11652_liz21_del_07_29.json","07",11652
145.441759,-14.694463,2680,3.55,2021-11-26 08:31:00,0.0590945047235944,6571.00911783661,"moving",29,-14.69295,145.44156,"run_day_11652_liz21_del_07_29.json","07",11652
145.441582,-14.693519,2681,3.55,2021-11-26 07:49:00,0.0559954866497686,6226.41403044739,"moving",29,-14.69295,145.44156,"run_day_11652_liz21_del_07_29.json","07",11652
145.441709,-14.694036,2681,3.55,2021-11-26 08:01:00,0.0590883880233071,6570.32897179686,"moving",29,-14.69295,145.44156,"run_day_11652_liz21_del_07_29.json","07",11652
145.441865,-14.694525,2681,3.55,2021-11-26 08:13:00,0.0569043360996933,6327.47347836271,"moving",29,-14.69295,145.44156,"run_day_11652_liz21_del_07_29.json","07",11652
145.441756,-14.693551,2682,3.55,2021-11-26 07:33:00,0.0511751677504165,5690.41902403055,"moving",29,-14.69295,145.44156,"run_day_11652_liz21_del_07_29.json","07",11652
145.441866,-14.693987,2682,3.55,2021-11-26 07:45:00,0.0499037936756659,5549.04867705087,"moving",29,-14.69295,145.44156,"run_day_11652_liz21_del_07_29.json","07",11652
145.441991,-14.694416,2682,3.55,2021-11-26 07:57:00,0.0495610936508522,5510.94217293062,"moving",29,-14.69295,145.44156,"run_day_11652_liz21_del_07_29.json","07",11652
145.441511,-14.693444,2683,3.55,2021-11-26 07:58:00,0.0567511039492453,6310.43484063406,"moving",29,-14.69295,145.44156,"run_day_11652_liz21_del_07_29.json","07",11652
145.441635,-14.69396,2683,3.55,2021-11-26 08:10:00,0.0589063161801504,6550.08350655301,"moving",29,-14.69295,145.44156,"run_day_11652_liz21_del_07_29.json","07",11652
145.441792,-14.694465,2683,3.55,2021-11-26 08:22:00,0.0586375875516718,6520.20224642203,"moving",29,-14.69295,145.44156,"run_day_11652_liz21_del_07_29.json","07",11652
145.441639,-14.6934,2684,3.55,2021-11-26 07:37:00,0.0531610284074098,5911.23665411123,"moving",29,-14.69295,145.44156,"run_day_11652_liz21_del_07_29.json","07",11652
145.44175,-14.693899,2684,3.55,2021-11-26 07:49:00,0.056756191417898,6311.0005413377,"moving",29,-14.69295,145.44156,"run_day_11652_liz21_del_07_29.json","07",11652
145.441889,-14.69437,2684,3.55,2021-11-26 08:01:00,0.0544649540719192,6056.22657272631,"moving",29,-14.69295,145.44156,"run_day_11652_liz21_del_07_29.json","07",11652
145.441518,-14.693326,2685,3.55,2021-11-26 07:22:00,0.0554463444905754,6165.35220833846,"moving",29,-14.69295,145.44156,"run_day_11652_liz21_del_07_29.json","07",11652
145.441647,-14.693837,2685,3.55,2021-11-26 07:34:00,0.0584901538097939,6503.80836230899,"moving",29,-14.69295,145.44156,"run_day_11652_liz21_del_07_29.json","07",11652
145.441806,-14.694357,2685,3.55,2021-11-26 07:46:00,0.0602974271819245,6704.76799234972,"moving",29,-14.69295,145.44156,"run_day_11652_liz21_del_07_29.json","07",11652
145.441778,-14.693504,2686,3.55,2021-11-26 07:42:00,0.0483799033829229,5379.59980773495,"moving",29,-14.69295,145.44156,"run_day_11652_liz21_del_07_29.json","07",11652
145.441873,-14.693915,2686,3.55,2021-11-26 07:54:00,0.0468294814593522,5207.20075567539,"moving",29,-14.69295,145.44156,"run_day_11652_liz21_del_07_29.json","07",11652
145.441986,-14.694316,2686,3.55,2021-11-26 08:06:00,0.046215962256139,5138.98053287908,"moving",29,-14.69295,145.44156,"run_day_11652_liz21_del_07_29.json","07",11652
145.441681,-14.693681,2687,3.55,2021-11-26 07:56:00,0.0556049249767728,6182.98555386845,"moving",29,-14.69295,145.44156,"run_day_11652_liz21_del_07_29.json","07",11652
145.441807,-14.69417,2687,3.55,2021-11-26 08:08:00,0.0560377775537966,6231.11656441852,"moving",29,-14.69295,145.44156,"run_day_11652_liz21_del_07_29.json","07",11652
145.441955,-14.694622,2687,3.55,2021-11-26 08:20:00,0.0527207718032009,5862.28235330144,"moving",29,-14.69295,145.44156,"run_day_11652_liz21_del_07_29.json","07",11652
145.441737,-14.693627,2688,3.55,2021-11-26 07:38:00,0.053478618737997,5946.5510876239,"moving",29,-14.69295,145.44156,"run_day_11652_liz21_del_07_29.json","07",11652
145.441857,-14.694083,2688,3.55,2021-11-26 07:50:00,0.052321850525289,5817.92433106708,"moving",29,-14.69295,145.44156,"run_day_11652_liz21_del_07_29.json","07",11652
145.441993,-14.694527,2688,3.55,2021-11-26 08:02:00,0.051492002709767,5725.64946409396,"moving",29,-14.69295,145.44156,"run_day_11652_liz21_del_07_29.json","07",11652
145.441683,-14.693585,2689,3.55,2021-11-26 07:12:00,0.0559487460192082,6221.2167094609,"moving",29,-14.69295,145.44156,"run_day_11652_liz21_del_07_29.json","07",11652
145.441822,-14.694076,2689,3.55,2021-11-26 07:24:00,0.0566067239944985,6294.38052215705,"moving",29,-14.69295,145.44156,"run_day_11652_liz21_del_07_29.json","07",11652
145.441967,-14.69455,2689,3.55,2021-11-26 07:36:00,0.0549654146690233,6111.8752521098,"moving",29,-14.69295,145.44156,"run_day_11652_liz21_del_07_29.json","07",11652
145.441553,-14.693212,2690,3.55,2021-11-26 07:13:00,0.0540055946329378,6005.1481336053,"moving",29,-14.69295,145.44156,"run_day_11652_liz21_del_07_29.json","07",11652
145.441668,-14.69371,2690,3.55,2021-11-26 07:25:00,0.0567397260470665,6309.16967563591,"moving",29,-14.69295,145.44156,"run_day_11652_liz21_del_07_29.json","07",11652
145.441816,-14.694214,2690,3.55,2021-11-26 07:37:00,0.0582592091435329,6478.12848708515,"moving",29,-14.69295,145.44156,"run_day_11652_liz21_del_07_29.json","07",11652
145.441978,-14.694696,2690,3.55,2021-11-26 07:49:00,0.0563572170494195,6266.63661570168,"moving",29,-14.69295,145.44156,"run_day_11652_liz21_del_07_29.json","07",11652
145.441737,-14.69361,2691,3.55,2021-11-26 07:13:00,0.0546705284031477,6079.08539540728,"moving",29,-14.69295,145.44156,"run_day_11652_liz21_del_07_29.json","07",11652
145.441867,-14.694069,2691,3.55,2021-11-26 07:25:00,0.0529191654458598,5884.34271984365,"moving",29,-14.69295,145.44156,"run_day_11652_liz21_del_07_29.json","07",11652
145.442002,-14.694526,2691,3.55,2021-11-26 07:37:00,0.0528499234855393,5876.64336514508,"moving",29,-14.69295,145.44156,"run_day_11652_liz21_del_07_29.json","07",11652
145.441652,-14.693551,2692,3.55,2021-11-26 07:57:00,0.0547111430005512,6083.60153258626,"moving",29,-14.69295,145.44156,"run_day_11652_liz21_del_07_29.json","07",11652
145.441767,-14.694046,2692,3.55,2021-11-26 08:09:00,0.0564142070287532,6272.97361227316,"moving",29,-14.69295,145.44156,"run_day_11652_liz21_del_07_29.json","07",11652
145.441909,-14.694503,2692,3.55,2021-11-26 08:21:00,0.0530617211113396,5900.19418660944,"moving",29,-14.69295,145.44156,"run_day_11652_liz21_del_07_29.json","07",11652
145.441592,-14.693661,2693,3.55,2021-11-26 07:47:00,0.0574614430852076,6389.42094875015,"moving",29,-14.69295,145.44156,"run_day_11652_liz21_del_07_29.json","07",11652
145.441735,-14.694185,2693,3.55,2021-11-26 07:59:00,0.0602620379314136,6700.83288723515,"moving",29,-14.69295,145.44156,"run_day_11652_liz21_del_07_29.json","07",11652
145.441903,-14.694677,2693,3.55,2021-11-26 08:11:00,0.0576148457633351,6406.47854829161,"moving",29,-14.69295,145.44156,"run_day_11652_liz21_del_07_29.json","07",11652
145.441702,-14.693156,2694,3.55,2021-11-26 07:32:00,0.0484215046357711,5384.22565599373,"moving",29,-14.69295,145.44156,"run_day_11652_liz21_del_07_29.json","07",11652
145.441781,-14.693596,2694,3.55,2021-11-26 07:44:00,0.0496581499758865,5521.7343438732,"moving",29,-14.69295,145.44156,"run_day_11652_liz21_del_07_29.json","07",11652
145.441885,-14.694015,2694,3.55,2021-11-26 07:56:00,0.0479147052319231,5327.87213345935,"moving",29,-14.69295,145.44156,"run_day_11652_liz21_del_07_29.json","07",11652
145.442005,-14.694428,2694,3.55,2021-11-26 08:08:00,0.047702811737985,5304.31065194443,"moving",29,-14.69295,145.44156,"run_day_11652_liz21_del_07_29.json","07",11652
145.441588,-14.693331,2695,3.55,2021-11-26 07:48:00,0.0536853571865513,5969.5393542455,"moving",29,-14.69295,145.44156,"run_day_11652_liz21_del_07_29.json","07",11652
145.441695,-14.693833,2695,3.55,2021-11-26 08:00:00,0.0569939240058405,6337.43519901499,"moving",29,-14.69295,145.44156,"run_day_11652_liz21_del_07_29.json","07",11652
145.441832,-14.694318,2695,3.55,2021-11-26 08:12:00,0.0559064337409005,6216.51179877832,"moving",29,-14.69295,145.44156,"run_day_11652_liz21_del_07_29.json","07",11652
145.441508,-14.6936,2696,3.55,2021-11-26 07:17:00,0.0594000512054291,6604.98433647072,"moving",29,-14.69295,145.44156,"run_day_11652_liz21_del_07_29.json","07",11652
145.44167,-14.694134,2696,3.55,2021-11-26 07:29:00,0.0618818944760835,6880.95271689443,"moving",29,-14.69295,145.44156,"run_day_11652_liz21_del_07_29.json","07",11652
145.441851,-14.694661,2696,3.55,2021-11-26 07:41:00,0.0617489356378486,6866.16836863015,"moving",29,-14.69295,145.44156,"run_day_11652_liz21_del_07_29.json","07",11652
145.441749,-14.693399,2697,3.55,2021-11-26 07:27:00,0.0498429690935978,5542.28529210961,"moving",29,-14.69295,145.44156,"run_day_11652_liz21_del_07_29.json","07",11652
145.441842,-14.693823,2697,3.55,2021-11-26 07:39:00,0.0481961114431929,5359.16307647881,"moving",29,-14.69295,145.44156,"run_day_11652_liz21_del_07_29.json","07",11652
145.44196,-14.694238,2697,3.55,2021-11-26 07:51:00,0.0478594515823402,5321.72820794712,"moving",29,-14.69295,145.44156,"run_day_11652_liz21_del_07_29.json","07",11652
145.442093,-14.69466,2697,3.55,2021-11-26 08:03:00,0.0490563475457672,5454.81696680156,"moving",29,-14.69295,145.44156,"run_day_11652_liz21_del_07_29.json","07",11652
145.44168,-14.693534,2698,3.55,2021-11-26 07:20:00,0.0544465414431507,6054.17918182107,"moving",29,-14.69295,145.44156,"run_day_11652_liz21_del_07_29.json","07",11652
145.44181,-14.694021,2698,3.55,2021-11-26 07:32:00,0.0559280258103301,6218.91272735464,"moving",29,-14.69295,145.44156,"run_day_11652_liz21_del_07_29.json","07",11652
145.441952,-14.694491,2698,3.55,2021-11-26 07:44:00,0.0544476685189867,6054.30450693598,"moving",29,-14.69295,145.44156,"run_day_11652_liz21_del_07_29.json","07",11652
145.441537,-14.693617,2699,3.55,2021-11-26 07:46:00,0.058198153934843,6471.33945763361,"moving",29,-14.69295,145.44156,"run_day_11652_liz21_del_07_29.json","07",11652
145.441683,-14.694148,2699,3.55,2021-11-26 07:58:00,0.0610970856964938,6793.68596221794,"moving",29,-14.69295,145.44156,"run_day_11652_liz21_del_07_29.json","07",11652
145.441857,-14.694659,2699,3.55,2021-11-26 08:10:00,0.0598233754729055,6652.05584733962,"moving",29,-14.69295,145.44156,"run_day_11652_liz21_del_07_29.json","07",11652
145.441491,-14.693377,2700,3.55,2021-11-26 07:19:00,0.0570584975619491,6344.61545084966,"moving",29,-14.69295,145.44156,"run_day_11652_liz21_del_07_29.json","07",11652
145.44163,-14.693897,2700,3.55,2021-11-26 07:31:00,0.0597229508007898,6640.88913329041,"moving",29,-14.69295,145.44156,"run_day_11652_liz21_del_07_29.json","07",11652
145.441798,-14.694425,2700,3.55,2021-11-26 07:43:00,0.0614287293159619,6830.56305015683,"moving",29,-14.69295,145.44156,"run_day_11652_liz21_del_07_29.json","07",11652
145.441776,-14.693241,2701,3.55,2021-11-26 07:40:00,0.0453662348591378,5044.49515730165,"moving",29,-14.69295,145.44156,"run_day_11652_liz21_del_07_29.json","07",11652
145.441843,-14.693622,2701,3.55,2021-11-26 07:52:00,0.0429738098757559,4778.46963677189,"moving",29,-14.69295,145.44156,"run_day_11652_liz21_del_07_29.json","07",11652
145.441933,-14.69399,2701,3.55,2021-11-26 08:04:00,0.0420491588507408,4675.65313387352,"moving",29,-14.69295,145.44156,"run_day_11652_liz21_del_07_29.json","07",11652
145.442037,-14.694361,2701,3.55,2021-11-26 08:16:00,0.0427429977131597,4752.80449528333,"moving",29,-14.69295,145.44156,"run_day_11652_liz21_del_07_29.json","07",11652
145.441592,-14.693657,2702,3.55,2021-11-26 08:04:00,0.0569736272738281,6335.17830538774,"moving",29,-14.69295,145.44156,"run_day_11652_liz21_del_07_29.json","07",11652
145.441724,-14.694167,2702,3.55,2021-11-26 08:16:00,0.0584596604757502,6500.41765826685,"moving",29,-14.69295,145.44156,"run_day_11652_liz21_del_07_29.json","07",11652
145.441885,-14.694647,2702,3.55,2021-11-26 08:28:00,0.0561124800035256,6239.4230978363,"moving",29,-14.69295,145.44156,"run_day_11652_liz21_del_07_29.json","07",11652
145.441553,-14.693565,2703,3.55,2021-11-26 07:24:00,0.0574669460325387,6390.03284857495,"moving",29,-14.69295,145.44156,"run_day_11652_liz21_del_07_29.json","07",11652
145.441704,-14.694091,2703,3.55,2021-11-26 07:36:00,0.0607016331580132,6749.71364621019,"moving",29,-14.69295,145.44156,"run_day_11652_liz21_del_07_29.json","07",11652
145.441874,-14.694605,2703,3.55,2021-11-26 07:48:00,0.0600078170866275,6672.56481904764,"moving",29,-14.69295,145.44156,"run_day_11652_liz21_del_07_29.json","07",11652
145.441573,-14.693475,2704,3.55,2021-11-26 07:39:00,0.0555466427060542,6176.50486105121,"moving",29,-14.69295,145.44156,"run_day_11652_liz21_del_07_29.json","07",11652
145.441702,-14.693993,2704,3.55,2021-11-26 07:51:00,0.0592465860724583,6587.91979226753,"moving",29,-14.69295,145.44156,"run_day_11652_liz21_del_07_29.json","07",11652
145.44186,-14.694494,2704,3.55,2021-11-26 08:03:00,0.0582430833434897,6476.33537993226,"moving",29,-14.69295,145.44156,"run_day_11652_liz21_del_07_29.json","07",11652
145.441643,-14.693625,2705,3.55,2021-11-26 07:27:00,0.0560185169157559,6228.97487918445,"moving",29,-14.69295,145.44156,"run_day_11652_liz21_del_07_29.json","07",11652
145.441786,-14.694134,2705,3.55,2021-11-26 07:39:00,0.0586509019536549,6521.68274037386,"moving",29,-14.69295,145.44156,"run_day_11652_liz21_del_07_29.json","07",11652
145.441944,-14.69462,2705,3.55,2021-11-26 07:51:00,0.0566498258562831,6299.17323051643,"moving",29,-14.69295,145.44156,"run_day_11652_liz21_del_07_29.json","07",11652
145.441765,-14.693533,2706,3.55,2021-11-26 07:53:00,0.0501524123970186,5576.69381753415,"moving",29,-14.69295,145.44156,"run_day_11652_liz21_del_07_29.json","07",11652
145.441859,-14.693952,2706,3.55,2021-11-26 08:05:00,0.0476750755544207,5301.2265290476,"moving",29,-14.69295,145.44156,"run_day_11652_liz21_del_07_29.json","07",11652
145.441974,-14.694355,2706,3.55,2021-11-26 08:17:00,0.0464873346315985,5169.15576426165,"moving",29,-14.69295,145.44156,"run_day_11652_liz21_del_07_29.json","07",11652
145.441522,-14.693486,2707,3.55,2021-11-26 07:52:00,0.0571004158244807,6349.27654897693,"moving",29,-14.69295,145.44156,"run_day_11652_liz21_del_07_29.json","07",11652
145.441652,-14.694008,2707,3.55,2021-11-26 08:04:00,0.0597041857303249,6638.80255265659,"moving",29,-14.69295,145.44156,"run_day_11652_liz21_del_07_29.json","07",11652
145.441814,-14.694514,2707,3.55,2021-11-26 08:16:00,0.0589009253910009,6549.48407814898,"moving",29,-14.69295,145.44156,"run_day_11652_liz21_del_07_29.json","07",11652
145.441726,-14.693516,2708,3.55,2021-11-26 07:35:00,0.0524361655269095,5830.63557928664,"moving",29,-14.69295,145.44156,"run_day_11652_liz21_del_07_29.json","07",11652
145.441837,-14.69397,2708,3.55,2021-11-26 07:47:00,0.0518750579231064,5768.24326044205,"moving",29,-14.69295,145.44156,"run_day_11652_liz21_del_07_29.json","07",11652
145.441966,-14.694409,2708,3.55,2021-11-26 07:59:00,0.0507481832216117,5642.94051067174,"moving",29,-14.69295,145.44156,"run_day_11652_liz21_del_07_29.json","07",11652
145.441779,-14.693585,2709,3.55,2021-11-26 07:12:00,0.0513229539804482,5706.852103038,"moving",29,-14.69295,145.44156,"run_day_11652_liz21_del_07_29.json","07",11652
145.441898,-14.694012,2709,3.55,2021-11-26 07:24:00,0.0491751792799289,5468.03045276472,"moving",29,-14.69295,145.44156,"run_day_11652_liz21_del_07_29.json","07",11652
145.442022,-14.694449,2709,3.55,2021-11-26 07:36:00,0.050389297370973,5603.0342248362,"moving",29,-14.69295,145.44156,"run_day_11652_liz21_del_07_29.json","07",11652
145.441494,-14.693595,2710,3.55,2021-11-26 07:35:00,0.0587810123325532,6536.15035441116,"moving",29,-14.69295,145.44156,"run_day_11652_liz21_del_07_29.json","07",11652
145.441649,-14.694132,2710,3.55,2021-11-26 07:47:00,0.0619953568626107,6893.56915864124,"moving",29,-14.69295,145.44156,"run_day_11652_liz21_del_07_29.json","07",11652
145.441832,-14.694661,2710,3.55,2021-11-26 07:59:00,0.0620279494803329,6897.19329237801,"moving",29,-14.69295,145.44156,"run_day_11652_liz21_del_07_29.json","07",11652
145.44175,-14.693283,2711,3.55,2021-11-26 07:53:00,0.0481427431620321,5353.22879437,"moving",29,-14.69295,145.44156,"run_day_11652_liz21_del_07_29.json","07",11652
145.441822,-14.69369,2711,3.55,2021-11-26 08:05:00,0.0459141444547885,5105.41992459788,"moving",29,-14.69295,145.44156,"run_day_11652_liz21_del_07_29.json","07",11652
145.441916,-14.694073,2711,3.55,2021-11-26 08:17:00,0.0437713409816079,4867.15104958386,"moving",29,-14.69295,145.44156,"run_day_11652_liz21_del_07_29.json","07",11652
145.442029,-14.694458,2711,3.55,2021-11-26 08:29:00,0.044501925579316,4948.38835033365,"moving",29,-14.69295,145.44156,"run_day_11652_liz21_del_07_29.json","07",11652
145.441583,-14.693337,2712,3.55,2021-11-26 07:28:00,0.0536079887254674,5960.93637389068,"moving",29,-14.69295,145.44156,"run_day_11652_liz21_del_07_29.json","07",11652
145.441701,-14.693841,2712,3.55,2021-11-26 07:40:00,0.0574614407751347,6389.42069188176,"moving",29,-14.69295,145.44156,"run_day_11652_liz21_del_07_29.json","07",11652
145.441849,-14.694339,2712,3.55,2021-11-26 07:52:00,0.0576177135183612,6406.79742810137,"moving",29,-14.69295,145.44156,"run_day_11652_liz21_del_07_29.json","07",11652
145.441694,-14.69324,2713,3.55,2021-11-26 07:12:00,0.051422605245627,5717.9328181596,"moving",29,-14.69295,145.44156,"run_day_11652_liz21_del_07_29.json","07",11652
145.441786,-14.693697,2713,3.55,2021-11-26 07:24:00,0.0517705774553407,5756.62556249305,"moving",29,-14.69295,145.44156,"run_day_11652_liz21_del_07_29.json","07",11652
145.441911,-14.694133,2713,3.55,2021-11-26 07:36:00,0.0503107183941682,5594.29664127458,"moving",29,-14.69295,145.44156,"run_day_11652_liz21_del_07_29.json","07",11652
145.442043,-14.694575,2713,3.55,2021-11-26 07:48:00,0.0511577462805494,5688.48184496663,"moving",29,-14.69295,145.44156,"run_day_11652_liz21_del_07_29.json","07",11652
145.441735,-14.693344,2714,3.55,2021-11-26 07:18:00,0.0507761846204956,5646.05412416658,"moving",29,-14.69295,145.44156,"run_day_11652_liz21_del_07_29.json","07",11652
145.441827,-14.693773,2714,3.55,2021-11-26 07:30:00,0.0487181564147403,5417.21182879518,"moving",29,-14.69295,145.44156,"run_day_11652_liz21_del_07_29.json","07",11652
145.441948,-14.694195,2714,3.55,2021-11-26 07:42:00,0.0486956310839659,5414.70712629208,"moving",29,-14.69295,145.44156,"run_day_11652_liz21_del_07_29.json","07",11652
145.442079,-14.694625,2714,3.55,2021-11-26 07:54:00,0.0498466866311284,5542.69866342263,"moving",29,-14.69295,145.44156,"run_day_11652_liz21_del_07_29.json","07",11652
145.441488,-14.693505,2715,3.55,2021-11-26 08:03:00,0.0579568567572564,6444.50843567233,"moving",29,-14.69295,145.44156,"run_day_11652_liz21_del_07_29.json","07",11652
145.441617,-14.694023,2715,3.55,2021-11-26 08:15:00,0.0592465856268302,6587.91974271596,"moving",29,-14.69295,145.44156,"run_day_11652_liz21_del_07_29.json","07",11652
145.441782,-14.694532,2715,3.55,2021-11-26 08:27:00,0.0593154046656492,6595.57207068918,"moving",29,-14.69295,145.44156,"run_day_11652_liz21_del_07_29.json","07",11652
145.441572,-14.693487,2716,3.55,2021-11-26 07:25:00,0.0559687211180476,6223.43783911107,"moving",29,-14.69295,145.44156,"run_day_11652_liz21_del_07_29.json","07",11652
145.441711,-14.694004,2716,3.55,2021-11-26 07:37:00,0.0594000442477549,6604.98356281265,"moving",29,-14.69295,145.44156,"run_day_11652_liz21_del_07_29.json","07",11652
145.441872,-14.694511,2716,3.55,2021-11-26 07:49:00,0.05897548105129,6557.77428932575,"moving",29,-14.69295,145.44156,"run_day_11652_liz21_del_07_29.json","07",11652
145.441553,-14.693284,2717,3.55,2021-11-26 07:54:00,0.0539945725455969,6003.92253341195,"moving",29,-14.69295,145.44156,"run_day_11652_liz21_del_07_29.json","07",11652
145.441659,-14.693784,2717,3.55,2021-11-26 08:06:00,0.0567544288346393,6310.80455102154,"moving",29,-14.69295,145.44156,"run_day_11652_liz21_del_07_29.json","07",11652
145.441794,-14.694278,2717,3.55,2021-11-26 08:18:00,0.0568170569720802,6317.76848217017,"moving",29,-14.69295,145.44156,"run_day_11652_liz21_del_07_29.json","07",11652
145.441523,-14.693567,2718,3.55,2021-11-26 07:32:00,0.0577863818401904,6425.55248977443,"moving",29,-14.69295,145.44156,"run_day_11652_liz21_del_07_29.json","07",11652
145.441673,-14.694098,2718,3.55,2021-11-26 07:44:00,0.0612090797128977,6806.1391286566,"moving",29,-14.69295,145.44156,"run_day_11652_liz21_del_07_29.json","07",11652
145.441849,-14.69462,2718,3.55,2021-11-26 07:56:00,0.0610526836645458,6788.74868153262,"moving",29,-14.69295,145.44156,"run_day_11652_liz21_del_07_29.json","07",11652
145.441598,-14.69329,2719,3.55,2021-11-26 07:50:00,0.0529879101688154,5891.98678426989,"moving",29,-14.69295,145.44156,"run_day_11652_liz21_del_07_29.json","07",11652
145.441699,-14.693787,2719,3.55,2021-11-26 08:02:00,0.0563214861506566,6262.66352103479,"moving",29,-14.69295,145.44156,"run_day_11652_liz21_del_07_29.json","07",11652
145.441829,-14.694266,2719,3.55,2021-11-26 08:14:00,0.0550671610356072,6123.18893187845,"moving",29,-14.69295,145.44156,"run_day_11652_liz21_del_07_29.json","07",11652
145.441662,-14.693318,2720,3.55,2021-11-26 07:53:00,0.05175012972939,5754.35187910592,"moving",29,-14.69295,145.44156,"run_day_11652_liz21_del_07_29.json","07",11652
145.441753,-14.693798,2720,3.55,2021-11-26 08:05:00,0.0542636047262285,6033.83754700231,"moving",29,-14.69295,145.44156,"run_day_11652_liz21_del_07_29.json","07",11652
145.441873,-14.694242,2720,3.55,2021-11-26 08:17:00,0.0510298072132302,5674.25566976111,"moving",29,-14.69295,145.44156,"run_day_11652_liz21_del_07_29.json","07",11652
145.442013,-14.694668,2720,3.55,2021-11-26 08:29:00,0.0497048568834402,5526.92791503242,"moving",29,-14.69295,145.44156,"run_day_11652_liz21_del_07_29.json","07",11652
145.441526,-14.693432,2721,3.55,2021-11-26 08:03:00,0.0561126125886265,6239.43784062687,"moving",29,-14.69295,145.44156,"run_day_11652_liz21_del_07_29.json","07",11652
145.441644,-14.69394,2721,3.55,2021-11-26 08:15:00,0.0578953173125726,6437.66556163496,"moving",29,-14.69295,145.44156,"run_day_11652_liz21_del_07_29.json","07",11652
145.441795,-14.694439,2721,3.55,2021-11-26 08:27:00,0.0578144019138816,6428.6681798131,"moving",29,-14.69295,145.44156,"run_day_11652_liz21_del_07_29.json","07",11652
145.441736,-14.693487,2722,3.55,2021-11-26 07:41:00,0.0515943014332172,5737.02456314384,"moving",29,-14.69295,145.44156,"run_day_11652_liz21_del_07_29.json","07",11652
145.441838,-14.69393,2722,3.55,2021-11-26 07:53:00,0.0504662820391546,5611.59452936741,"moving",29,-14.69295,145.44156,"run_day_11652_liz21_del_07_29.json","07",11652
145.44196,-14.694356,2722,3.55,2021-11-26 08:05:00,0.0491529774593912,5465.56172295865,"moving",29,-14.69295,145.44156,"run_day_11652_liz21_del_07_29.json","07",11652
145.441765,-14.693467,2723,3.55,2021-11-26 07:41:00,0.0491653117481361,5466.93323329086,"moving",29,-14.69295,145.44156,"run_day_11652_liz21_del_07_29.json","07",11652
145.441859,-14.693883,2723,3.55,2021-11-26 07:53:00,0.0473491318974924,5264.98324802521,"moving",29,-14.69295,145.44156,"run_day_11652_liz21_del_07_29.json","07",11652
145.441973,-14.694288,2723,3.55,2021-11-26 08:05:00,0.0466733741832794,5189.84241856379,"moving",29,-14.69295,145.44156,"run_day_11652_liz21_del_07_29.json","07",11652
145.441722,-14.693334,2724,3.55,2021-11-26 07:22:00,0.0507958890677231,5648.24515873061,"moving",29,-14.69295,145.44156,"run_day_11652_liz21_del_07_29.json","07",11652
145.441815,-14.693773,2724,3.55,2021-11-26 07:34:00,0.0498289195743361,5540.72305684592,"moving",29,-14.69295,145.44156,"run_day_11652_liz21_del_07_29.json","07",11652
145.441937,-14.6942,2724,3.55,2021-11-26 07:46:00,0.0492601481694519,5477.47856220229,"moving",29,-14.69295,145.44156,"run_day_11652_liz21_del_07_29.json","07",11652
145.442071,-14.694632,2724,3.55,2021-11-26 07:58:00,0.0501518231814723,5576.6282997547,"moving",29,-14.69295,145.44156,"run_day_11652_liz21_del_07_29.json","07",11652
145.44157,-14.693532,2725,3.55,2021-11-26 08:00:00,0.0562987435206266,6260.13465595691,"moving",29,-14.69295,145.44156,"run_day_11652_liz21_del_07_29.json","07",11652
145.441693,-14.694041,2725,3.55,2021-11-26 08:12:00,0.0581238549970969,6463.07779270116,"moving",29,-14.69295,145.44156,"run_day_11652_liz21_del_07_29.json","07",11652
145.441848,-14.694528,2725,3.55,2021-11-26 08:24:00,0.0566601309722933,6300.31910713524,"moving",29,-14.69295,145.44156,"run_day_11652_liz21_del_07_29.json","07",11652
145.441667,-14.693526,2726,3.55,2021-11-26 07:42:00,0.0540563664597931,6010.79370316808,"moving",29,-14.69295,145.44156,"run_day_11652_liz21_del_07_29.json","07",11652
145.441787,-14.69402,2726,3.55,2021-11-26 07:54:00,0.0564263043288868,6274.31877067412,"moving",29,-14.69295,145.44156,"run_day_11652_liz21_del_07_29.json","07",11652
145.441929,-14.694482,2726,3.55,2021-11-26 08:06:00,0.0535944055822699,5959.42599727923,"moving",29,-14.69295,145.44156,"run_day_11652_liz21_del_07_29.json","07",11652
145.441771,-14.693268,2727,3.55,2021-11-26 07:59:00,0.046097742795286,5125.83512860156,"moving",29,-14.69295,145.44156,"run_day_11652_liz21_del_07_29.json","07",11652
145.441836,-14.69365,2727,3.55,2021-11-26 08:11:00,0.0430479746488945,4786.71638328064,"moving",29,-14.69295,145.44156,"run_day_11652_liz21_del_07_29.json","07",11652
145.441922,-14.694014,2727,3.55,2021-11-26 08:23:00,0.0415184851099658,4616.64490619585,"moving",29,-14.69295,145.44156,"run_day_11652_liz21_del_07_29.json","07",11652
145.442026,-14.69438,2727,3.55,2021-11-26 08:35:00,0.0422066504265145,4693.16539808881,"moving",29,-14.69295,145.44156,"run_day_11652_liz21_del_07_29.json","07",11652
145.441592,-14.693578,2728,3.55,2021-11-26 07:18:00,0.0572926464394754,6370.65161811011,"moving",29,-14.69295,145.44156,"run_day_11652_liz21_del_07_29.json","07",11652
145.441742,-14.694098,2728,3.55,2021-11-26 07:30:00,0.0600300559585923,6675.03766878443,"moving",29,-14.69295,145.44156,"run_day_11652_liz21_del_07_29.json","07",11652
145.441906,-14.6946,2728,3.55,2021-11-26 07:42:00,0.0585406583242837,6509.42420809291,"moving",29,-14.69295,145.44156,"run_day_11652_liz21_del_07_29.json","07",11652
145.441741,-14.693464,2729,3.55,2021-11-26 07:29:00,0.0510657238947845,5678.24942253186,"moving",29,-14.69295,145.44156,"run_day_11652_liz21_del_07_29.json","07",11652
145.441845,-14.693901,2729,3.55,2021-11-26 07:41:00,0.049863096906557,5544.52340279513,"moving",29,-14.69295,145.44156,"run_day_11652_liz21_del_07_29.json","07",11652
145.441968,-14.694328,2729,3.55,2021-11-26 07:53:00,0.0492889068840403,5480.67638536135,"moving",29,-14.69295,145.44156,"run_day_11652_liz21_del_07_29.json","07",11652
145.441595,-14.693518,2730,3.55,2021-11-26 07:43:00,0.0556466498521015,6187.62514831988,"moving",29,-14.69295,145.44156,"run_day_11652_liz21_del_07_29.json","07",11652
145.441724,-14.694034,2730,3.55,2021-11-26 07:55:00,0.059030403103874,6563.881342934,"moving",29,-14.69295,145.44156,"run_day_11652_liz21_del_07_29.json","07",11652
145.44188,-14.694524,2730,3.55,2021-11-26 08:07:00,0.0570105966638575,6339.28911400016,"moving",29,-14.69295,145.44156,"run_day_11652_liz21_del_07_29.json","07",11652
145.441756,-14.693236,2731,3.55,2021-11-26 08:06:00,0.0466463401718726,5186.83637364851,"moving",29,-14.69295,145.44156,"run_day_11652_liz21_del_07_29.json","07",11652
145.441821,-14.693624,2731,3.55,2021-11-26 08:18:00,0.0437064212038059,4859.93229965338,"moving",29,-14.69295,145.44156,"run_day_11652_liz21_del_07_29.json","07",11652
145.441905,-14.693992,2731,3.55,2021-11-26 08:30:00,0.0419052972814746,4659.65645723199,"moving",29,-14.69295,145.44156,"run_day_11652_liz21_del_07_29.json","07",11652
145.442009,-14.694361,2731,3.55,2021-11-26 08:42:00,0.0425283984073532,4728.94214121621,"moving",29,-14.69295,145.44156,"run_day_11652_liz21_del_07_29.json","07",11652
145.441607,-14.693396,2732,3.55,2021-11-26 07:23:00,0.0541265280269307,6018.59531347921,"moving",29,-14.69295,145.44156,"run_day_11652_liz21_del_07_29.json","07",11652
145.44173,-14.693901,2732,3.55,2021-11-26 07:35:00,0.0576908406298862,6414.92879190313,"moving",29,-14.69295,145.44156,"run_day_11652_liz21_del_07_29.json","07",11652
145.441878,-14.694391,2732,3.55,2021-11-26 07:47:00,0.0567633091127388,6311.79199289341,"moving",29,-14.69295,145.44156,"run_day_11652_liz21_del_07_29.json","07",11652
145.441695,-14.693561,2733,3.55,2021-11-26 08:09:00,0.053183403730796,5913.72467655381,"moving",29,-14.69295,145.44156,"run_day_11652_liz21_del_07_29.json","07",11652
145.441798,-14.694025,2733,3.55,2021-11-26 08:21:00,0.0527704479556186,5867.80608942551,"moving",29,-14.69295,145.44156,"run_day_11652_liz21_del_07_29.json","07",11652
145.441928,-14.694457,2733,3.55,2021-11-26 08:33:00,0.0500298821305575,5563.06907354326,"moving",29,-14.69295,145.44156,"run_day_11652_liz21_del_07_29.json","07",11652
145.441671,-14.693183,2734,3.55,2021-11-26 07:21:00,0.0502223626658727,5584.47193254814,"moving",29,-14.69295,145.44156,"run_day_11652_liz21_del_07_29.json","07",11652
145.44176,-14.693646,2734,3.55,2021-11-26 07:33:00,0.0523656553742775,5822.79520803703,"moving",29,-14.69295,145.44156,"run_day_11652_liz21_del_07_29.json","07",11652
145.441881,-14.69409,2734,3.55,2021-11-26 07:45:00,0.0510571202991044,5677.29274634133,"moving",29,-14.69295,145.44156,"run_day_11652_liz21_del_07_29.json","07",11652
145.442013,-14.69453,2734,3.55,2021-11-26 07:57:00,0.050944130573112,5664.72886204801,"moving",29,-14.69295,145.44156,"run_day_11652_liz21_del_07_29.json","07",11652
145.441551,-14.693313,2735,3.55,2021-11-26 07:36:00,0.054113890236576,6017.19005530777,"moving",29,-14.69295,145.44156,"run_day_11652_liz21_del_07_29.json","07",11652
145.441668,-14.69382,2735,3.55,2021-11-26 07:48:00,0.0577633057796958,6422.98654892048,"moving",29,-14.69295,145.44156,"run_day_11652_liz21_del_07_29.json","07",11652
145.441816,-14.694328,2735,3.55,2021-11-26 08:00:00,0.0586871870516196,6525.71745918034,"moving",29,-14.69295,145.44156,"run_day_11652_liz21_del_07_29.json","07",11652
145.441739,-14.693551,2736,3.55,2021-11-26 07:49:00,0.0523428672773195,5820.26128726742,"moving",29,-14.69295,145.44156,"run_day_11652_liz21_del_07_29.json","07",11652
145.441844,-14.693994,2736,3.55,2021-11-26 08:01:00,0.05053740964896,5619.50355872212,"moving",29,-14.69295,145.44156,"run_day_11652_liz21_del_07_29.json","07",11652
145.441967,-14.694417,2736,3.55,2021-11-26 08:13:00,0.0488605928761124,5433.05004066897,"moving",29,-14.69295,145.44156,"run_day_11652_liz21_del_07_29.json","07",11652
145.441559,-14.693377,2737,3.55,2021-11-26 07:13:00,0.0559687225916202,6223.43800296487,"moving",29,-14.69295,145.44156,"run_day_11652_liz21_del_07_29.json","07",11652
145.441691,-14.69389,2737,3.55,2021-11-26 07:25:00,0.0587833181220806,6536.40674650851,"moving",29,-14.69295,145.44156,"run_day_11652_liz21_del_07_29.json","07",11652
145.441848,-14.694398,2737,3.55,2021-11-26 07:37:00,0.0589571199770761,6555.73263102542,"moving",29,-14.69295,145.44156,"run_day_11652_liz21_del_07_29.json","07",11652
145.441648,-14.693263,2738,3.55,2021-11-26 07:52:00,0.0514431862715847,5720.22132383124,"moving",29,-14.69295,145.44156,"run_day_11652_liz21_del_07_29.json","07",11652
145.441738,-14.693745,2738,3.55,2021-11-26 08:04:00,0.0544631418845425,6056.0250666839,"moving",29,-14.69295,145.44156,"run_day_11652_liz21_del_07_29.json","07",11652
145.441855,-14.694194,2738,3.55,2021-11-26 08:16:00,0.0514880816762186,5725.21346505618,"moving",29,-14.69295,145.44156,"run_day_11652_liz21_del_07_29.json","07",11652
145.441993,-14.694623,2738,3.55,2021-11-26 08:28:00,0.0499585342179059,5555.13554762972,"moving",29,-14.69295,145.44156,"run_day_11652_liz21_del_07_29.json","07",11652
145.441761,-14.693365,2739,3.55,2021-11-26 07:16:00,0.049495535553733,5503.65244513049,"moving",29,-14.69295,145.44156,"run_day_11652_liz21_del_07_29.json","07",11652
145.44185,-14.693774,2739,3.55,2021-11-26 07:28:00,0.046475273241712,5167.81459889799,"moving",29,-14.69295,145.44156,"run_day_11652_liz21_del_07_29.json","07",11652
145.441968,-14.694183,2739,3.55,2021-11-26 07:40:00,0.0472165016220188,5250.23543427307,"moving",29,-14.69295,145.44156,"run_day_11652_liz21_del_07_29.json","07",11652
145.442094,-14.694606,2739,3.55,2021-11-26 07:52:00,0.0489489435437282,5442.8741866735,"moving",29,-14.69295,145.44156,"run_day_11652_liz21_del_07_29.json","07",11652
145.44163,-14.693547,2740,3.55,2021-11-26 07:48:00,0.0552735498900382,6146.13832540716,"moving",29,-14.69295,145.44156,"run_day_11652_liz21_del_07_29.json","07",11652
145.441755,-14.694054,2740,3.55,2021-11-26 08:00:00,0.0579568489204762,6444.50756426212,"moving",29,-14.69295,145.44156,"run_day_11652_liz21_del_07_29.json","07",11652
145.441904,-14.694527,2740,3.55,2021-11-26 08:12:00,0.0549826581301801,6113.79263750823,"moving",29,-14.69295,145.44156,"run_day_11652_liz21_del_07_29.json","07",11652
145.441483,-14.693388,2741,3.55,2021-11-26 07:27:00,0.0566548779369925,6299.73499626031,"moving",29,-14.69295,145.44156,"run_day_11652_liz21_del_07_29.json","07",11652
145.441621,-14.693911,2741,3.55,2021-11-26 07:39:00,0.0600192818875799,6673.83964674854,"moving",29,-14.69295,145.44156,"run_day_11652_liz21_del_07_29.json","07",11652
145.441789,-14.694441,2741,3.55,2021-11-26 07:51:00,0.0616413142632663,6854.20141777809,"moving",29,-14.69295,145.44156,"run_day_11652_liz21_del_07_29.json","07",11652
145.441701,-14.693491,2742,3.55,2021-11-26 07:31:00,0.0528624547233967,5878.0367752194,"moving",29,-14.69295,145.44156,"run_day_11652_liz21_del_07_29.json","07",11652
145.441816,-14.693963,2742,3.55,2021-11-26 07:43:00,0.0539218712401016,5995.83851708044,"moving",29,-14.69295,145.44156,"run_day_11652_liz21_del_07_29.json","07",11652
145.44195,-14.694414,2742,3.55,2021-11-26 07:55:00,0.0521789407577803,5802.03348995215,"moving",29,-14.69295,145.44156,"run_day_11652_liz21_del_07_29.json","07",11652
145.441603,-14.693582,2743,3.55,2021-11-26 07:31:00,0.0561126106834552,6239.43762878148,"moving",29,-14.69295,145.44156,"run_day_11652_liz21_del_07_29.json","07",11652
145.441746,-14.6941,2743,3.55,2021-11-26 07:43:00,0.0596172099022091,6629.1312818294,"moving",29,-14.69295,145.44156,"run_day_11652_liz21_del_07_29.json","07",11652
145.441908,-14.694597,2743,3.55,2021-11-26 07:55:00,0.0579457170722603,6443.26975921634,"moving",29,-14.69295,145.44156,"run_day_11652_liz21_del_07_29.json","07",11652
145.441516,-14.693398,2744,3.55,2021-11-26 07:28:00,0.0559299014622172,6219.12129032864,"moving",29,-14.69295,145.44156,"run_day_11652_liz21_del_07_29.json","07",11652
145.441651,-14.693917,2744,3.55,2021-11-26 07:40:00,0.0595088638599989,6617.08375161361,"moving",29,-14.69295,145.44156,"run_day_11652_liz21_del_07_29.json","07",11652
145.441814,-14.69444,2744,3.55,2021-11-26 07:52:00,0.0607401678492868,6753.99850837963,"moving",29,-14.69295,145.44156,"run_day_11652_liz21_del_07_29.json","07",11652
145.441732,-14.693341,2745,3.55,2021-11-26 07:49:00,0.0500052451216383,5560.32956314375,"moving",29,-14.69295,145.44156,"run_day_11652_liz21_del_07_29.json","07",11652
145.441814,-14.693773,2745,3.55,2021-11-26 08:01:00,0.0488391854960081,5430.66964860862,"moving",29,-14.69295,145.44156,"run_day_11652_liz21_del_07_29.json","07",11652
145.441921,-14.694178,2745,3.55,2021-11-26 08:13:00,0.0464812555387578,5168.47979997916,"moving",29,-14.69295,145.44156,"run_day_11652_liz21_del_07_29.json","07",11652
145.442046,-14.694582,2745,3.55,2021-11-26 08:25:00,0.0468915228704576,5214.09944583218,"moving",29,-14.69295,145.44156,"run_day_11652_liz21_del_07_29.json","07",11652
145.441641,-14.693603,2746,3.55,2021-11-26 07:44:00,0.0556436671220605,6187.29348387176,"moving",29,-14.69295,145.44156,"run_day_11652_liz21_del_07_29.json","07",11652
145.441773,-14.694112,2746,3.55,2021-11-26 07:56:00,0.0583518017713403,6488.42431754202,"moving",29,-14.69295,145.44156,"run_day_11652_liz21_del_07_29.json","07",11652
145.441927,-14.694587,2746,3.55,2021-11-26 08:08:00,0.0553539693532248,6155.08056171698,"moving",29,-14.69295,145.44156,"run_day_11652_liz21_del_07_29.json","07",11652
145.441547,-14.693351,2747,3.55,2021-11-26 07:50:00,0.0548483578655939,6098.85912943922,"moving",29,-14.69295,145.44156,"run_day_11652_liz21_del_07_29.json","07",11652
145.441661,-14.693861,2747,3.55,2021-11-26 08:02:00,0.0580198738815153,6451.51562018165,"moving",29,-14.69295,145.44156,"run_day_11652_liz21_del_07_29.json","07",11652
145.441807,-14.694361,2747,3.55,2021-11-26 08:14:00,0.0577726371061913,6424.02414508566,"moving",29,-14.69295,145.44156,"run_day_11652_liz21_del_07_29.json","07",11652
145.441542,-14.693288,2748,3.55,2021-11-26 07:37:00,0.0540301158485156,6007.87476837271,"moving",29,-14.69295,145.44156,"run_day_11652_liz21_del_07_29.json","07",11652
145.441657,-14.693795,2748,3.55,2021-11-26 07:49:00,0.057716822492194,6417.81784317653,"moving",29,-14.69295,145.44156,"run_day_11652_liz21_del_07_29.json","07",11652
145.441804,-14.694305,2748,3.55,2021-11-26 08:01:00,0.058872293419736,6546.30034820448,"moving",29,-14.69295,145.44156,"run_day_11652_liz21_del_07_29.json","07",11652
145.441741,-14.693282,2749,3.55,2021-11-26 07:52:00,0.04883640272255,5430.36021831808,"moving",29,-14.69295,145.44156,"run_day_11652_liz21_del_07_29.json","07",11652
145.441815,-14.693698,2749,3.55,2021-11-26 08:04:00,0.046936864113352,5219.14116200979,"moving",29,-14.69295,145.44156,"run_day_11652_liz21_del_07_29.json","07",11652
145.441912,-14.694089,2749,3.55,2021-11-26 08:16:00,0.0447115087027072,4971.69293036507,"moving",29,-14.69295,145.44156,"run_day_11652_liz21_del_07_29.json","07",11652
145.442028,-14.694479,2749,3.55,2021-11-26 08:28:00,0.0451251680115398,5017.68974686656,"moving",29,-14.69295,145.44156,"run_day_11652_liz21_del_07_29.json","07",11652
145.441737,-14.693352,2750,3.55,2021-11-26 07:46:00,0.049895712401218,5548.15008033144,"moving",29,-14.69295,145.44156,"run_day_11652_liz21_del_07_29.json","07",11652
145.44182,-14.693781,2750,3.55,2021-11-26 07:58:00,0.0485307930164958,5396.37796947151,"moving",29,-14.69295,145.44156,"run_day_11652_liz21_del_07_29.json","07",11652
145.441929,-14.694187,2750,3.55,2021-11-26 08:10:00,0.0466426014779298,5186.4206498498,"moving",29,-14.69295,145.44156,"run_day_11652_liz21_del_07_29.json","07",11652
145.442054,-14.694592,2750,3.55,2021-11-26 08:22:00,0.0469980598499376,5225.94581745039,"moving",29,-14.69295,145.44156,"run_day_11652_liz21_del_07_29.json","07",11652
145.441763,-14.693162,2751,3.55,2021-11-26 07:54:00,0.0455316696701975,5062.89066898189,"moving",29,-14.69295,145.44156,"run_day_11652_liz21_del_07_29.json","07",11652
145.441826,-14.693542,2751,3.55,2021-11-26 08:06:00,0.0427939637712276,4758.47166237156,"moving",29,-14.69295,145.44156,"run_day_11652_liz21_del_07_29.json","07",11652
145.441904,-14.693902,2751,3.55,2021-11-26 08:18:00,0.0408998701608254,4547.85806230496,"moving",29,-14.69295,145.44156,"run_day_11652_liz21_del_07_29.json","07",11652
145.442001,-14.694258,2751,3.55,2021-11-26 08:30:00,0.0409371945172856,4552.00834138361,"moving",29,-14.69295,145.44156,"run_day_11652_liz21_del_07_29.json","07",11652
145.442116,-14.69463,2751,3.55,2021-11-26 08:42:00,0.0431742896343951,4800.7619688275,"moving",29,-14.69295,145.44156,"run_day_11652_liz21_del_07_29.json","07",11652
145.441701,-14.693496,2752,3.55,2021-11-26 07:25:00,0.0531214525325344,5906.83601760757,"moving",29,-14.69295,145.44156,"run_day_11652_liz21_del_07_29.json","07",11652
145.44182,-14.693969,2752,3.55,2021-11-26 07:37:00,0.0541302213281379,6019.00598983602,"moving",29,-14.69295,145.44156,"run_day_11652_liz21_del_07_29.json","07",11652
145.441955,-14.694424,2752,3.55,2021-11-26 07:49:00,0.0526361292536988,5852.87053121855,"moving",29,-14.69295,145.44156,"run_day_11652_liz21_del_07_29.json","07",11652
145.44176,-14.693615,2753,3.55,2021-11-26 07:11:00,0.0537365468269103,5975.23138255019,"moving",29,-14.69295,145.44156,"run_day_11652_liz21_del_07_29.json","07",11652
145.441886,-14.69406,2753,3.55,2021-11-26 07:23:00,0.0513040827520586,5704.75371818153,"moving",29,-14.69295,145.44156,"run_day_11652_liz21_del_07_29.json","07",11652
145.442017,-14.694509,2753,3.55,2021-11-26 07:35:00,0.05187666880192,5768.42238199356,"moving",29,-14.69295,145.44156,"run_day_11652_liz21_del_07_29.json","07",11652
145.441737,-14.693607,2754,3.55,2021-11-26 07:17:00,0.0543428576795888,6042.65007333758,"moving",29,-14.69295,145.44156,"run_day_11652_liz21_del_07_29.json","07",11652
145.441865,-14.694063,2754,3.55,2021-11-26 07:29:00,0.0525407322853578,5842.26287232175,"moving",29,-14.69295,145.44156,"run_day_11652_liz21_del_07_29.json","07",11652
145.442,-14.694519,2754,3.55,2021-11-26 07:41:00,0.0527430166788765,5864.75587062041,"moving",29,-14.69295,145.44156,"run_day_11652_liz21_del_07_29.json","07",11652
145.44153,-14.693573,2755,3.55,2021-11-26 07:49:00,0.0578237965046229,6429.71281064143,"moving",29,-14.69295,145.44156,"run_day_11652_liz21_del_07_29.json","07",11652
145.44167,-14.694101,2755,3.55,2021-11-26 08:01:00,0.0606112244095788,6739.66065206,"moving",29,-14.69295,145.44156,"run_day_11652_liz21_del_07_29.json","07",11652
145.441841,-14.69461,2755,3.55,2021-11-26 08:13:00,0.0595116759317465,6617.3964397253,"moving",29,-14.69295,145.44156,"run_day_11652_liz21_del_07_29.json","07",11652
145.441588,-14.693316,2756,3.55,2021-11-26 07:46:00,0.0534679645145027,5945.366392024,"moving",29,-14.69295,145.44156,"run_day_11652_liz21_del_07_29.json","07",11652
145.441695,-14.693818,2756,3.55,2021-11-26 07:58:00,0.0569939241655745,6337.4352167766,"moving",29,-14.69295,145.44156,"run_day_11652_liz21_del_07_29.json","07",11652
145.441832,-14.694305,2756,3.55,2021-11-26 08:10:00,0.0561209905775104,6240.36943048624,"moving",29,-14.69295,145.44156,"run_day_11652_liz21_del_07_29.json","07",11652
145.441673,-14.693651,2757,3.55,2021-11-26 07:34:00,0.0554479401227011,6165.52963453563,"moving",29,-14.69295,145.44156,"run_day_11652_liz21_del_07_29.json","07",11652
145.44181,-14.69415,2757,3.55,2021-11-26 07:46:00,0.0574095849104566,6383.65458281279,"moving",29,-14.69295,145.44156,"run_day_11652_liz21_del_07_29.json","07",11652
145.441964,-14.694623,2757,3.55,2021-11-26 07:58:00,0.0551418089594929,6131.48940229909,"moving",29,-14.69295,145.44156,"run_day_11652_liz21_del_07_29.json","07",11652
145.441633,-14.693414,2758,3.55,2021-11-26 07:24:00,0.0538167518858893,5984.14977819988,"moving",29,-14.69295,145.44156,"run_day_11652_liz21_del_07_29.json","07",11652
145.441754,-14.693913,2758,3.55,2021-11-26 07:36:00,0.0569921475047948,6337.23766111153,"moving",29,-14.69295,145.44156,"run_day_11652_liz21_del_07_29.json","07",11652
145.441898,-14.694393,2758,3.55,2021-11-26 07:48:00,0.0555754182721192,6179.70455800897,"moving",29,-14.69295,145.44156,"run_day_11652_liz21_del_07_29.json","07",11652
145.441628,-14.693576,2759,3.55,2021-11-26 07:18:00,0.0564992670895843,6282.43185949766,"moving",29,-14.69295,145.44156,"run_day_11652_liz21_del_07_29.json","07",11652
145.441772,-14.694086,2759,3.55,2021-11-26 07:30:00,0.0587864600136442,6536.75610891045,"moving",29,-14.69295,145.44156,"run_day_11652_liz21_del_07_29.json","07",11652
145.441928,-14.694577,2759,3.55,2021-11-26 07:42:00,0.0571168747960716,6351.10670311563,"moving",29,-14.69295,145.44156,"run_day_11652_liz21_del_07_29.json","07",11652
145.441528,-14.693242,2760,3.55,2021-11-26 07:21:00,0.0542382794265643,6031.02150216389,"moving",29,-14.69295,145.44156,"run_day_11652_liz21_del_07_29.json","07",11652
145.441647,-14.693743,2760,3.55,2021-11-26 07:33:00,0.0571601323463355,6355.91672324404,"moving",29,-14.69295,145.44156,"run_day_11652_liz21_del_07_29.json","07",11652
145.441799,-14.694258,2760,3.55,2021-11-26 07:45:00,0.0595534168271531,6622.03781552812,"moving",29,-14.69295,145.44156,"run_day_11652_liz21_del_07_29.json","07",11652
145.441452,-14.693468,2761,3.55,2021-11-26 07:52:00,0.058512287796441,6506.26954933057,"moving",29,-14.69295,145.44156,"run_day_11652_liz21_del_07_29.json","07",11652
145.44159,-14.693999,2761,3.55,2021-11-26 08:04:00,0.0608816056396951,6769.72567310885,"moving",29,-14.69295,145.44156,"run_day_11652_liz21_del_07_29.json","07",11652
145.44176,-14.694523,2761,3.55,2021-11-26 08:16:00,0.0610678305921729,6790.432943039,"moving",29,-14.69295,145.44156,"run_day_11652_liz21_del_07_29.json","07",11652
145.441659,-14.693648,2762,3.55,2021-11-26 07:54:00,0.0557760560476928,6202.014460746,"moving",29,-14.69295,145.44156,"run_day_11652_liz21_del_07_29.json","07",11652
145.441787,-14.694147,2762,3.55,2021-11-26 08:06:00,0.0571687755778768,6356.87780674125,"moving",29,-14.69295,145.44156,"run_day_11652_liz21_del_07_29.json","07",11652
145.441937,-14.694608,2762,3.55,2021-11-26 08:18:00,0.0537398579771013,5975.59956565278,"moving",29,-14.69295,145.44156,"run_day_11652_liz21_del_07_29.json","07",11652
145.441733,-14.693331,2763,3.55,2021-11-26 07:34:00,0.0497335767737969,5530.12142113388,"moving",29,-14.69295,145.44156,"run_day_11652_liz21_del_07_29.json","07",11652
145.441819,-14.693762,2763,3.55,2021-11-26 07:46:00,0.0488095266596184,5427.3717364719,"moving",29,-14.69295,145.44156,"run_day_11652_liz21_del_07_29.json","07",11652
145.441933,-14.694176,2763,3.55,2021-11-26 07:58:00,0.0476397036054286,5297.29334777415,"moving",29,-14.69295,145.44156,"run_day_11652_liz21_del_07_29.json","07",11652
145.44206,-14.694591,2763,3.55,2021-11-26 08:10:00,0.048125207901824,5351.27896239746,"moving",29,-14.69295,145.44156,"run_day_11652_liz21_del_07_29.json","07",11652
145.441656,-14.693279,2764,3.55,2021-11-26 07:45:00,0.0513340721964546,5708.08839225125,"moving",29,-14.69295,145.44156,"run_day_11652_liz21_del_07_29.json","07",11652
145.441749,-14.693762,2764,3.55,2021-11-26 07:57:00,0.0546307299390162,6074.66000810761,"moving",29,-14.69295,145.44156,"run_day_11652_liz21_del_07_29.json","07",11652
145.441869,-14.694212,2764,3.55,2021-11-26 08:09:00,0.0516755594323871,5746.06004040081,"moving",29,-14.69295,145.44156,"run_day_11652_liz21_del_07_29.json","07",11652
145.44201,-14.694644,2764,3.55,2021-11-26 08:21:00,0.0503733574661249,5601.26178828589,"moving",29,-14.69295,145.44156,"run_day_11652_liz21_del_07_29.json","07",11652
145.441678,-14.693416,2765,3.55,2021-11-26 07:26:00,0.0526175393126726,5850.80342408981,"moving",29,-14.69295,145.44156,"run_day_11652_liz21_del_07_29.json","07",11652
145.44179,-14.693896,2765,3.55,2021-11-26 07:38:00,0.0547161451282168,6084.15774380509,"moving",29,-14.69295,145.44156,"run_day_11652_liz21_del_07_29.json","07",11652
145.441925,-14.694354,2765,3.55,2021-11-26 07:50:00,0.0529568512147251,5888.53318614817,"moving",29,-14.69295,145.44156,"run_day_11652_liz21_del_07_29.json","07",11652
145.441725,-14.693467,2766,3.55,2021-11-26 07:54:00,0.0518863334053027,5769.49703685776,"moving",29,-14.69295,145.44156,"run_day_11652_liz21_del_07_29.json","07",11652
145.44182,-14.693912,2766,3.55,2021-11-26 08:06:00,0.0505257486928474,5618.20691956257,"moving",29,-14.69295,145.44156,"run_day_11652_liz21_del_07_29.json","07",11652
145.441938,-14.69433,2766,3.55,2021-11-26 08:18:00,0.0481811725396921,5357.50194619989,"moving",29,-14.69295,145.44156,"run_day_11652_liz21_del_07_29.json","07",11652
145.441731,-14.693187,2767,3.55,2021-11-26 07:29:00,0.0480348272793095,5341.22909570687,"moving",29,-14.69295,145.44156,"run_day_11652_liz21_del_07_29.json","07",11652
145.441806,-14.693602,2767,3.55,2021-11-26 07:41:00,0.0468456858377947,5209.00260034763,"moving",29,-14.69295,145.44156,"run_day_11652_liz21_del_07_29.json","07",11652
145.441908,-14.694003,2767,3.55,2021-11-26 07:53:00,0.04591900911102,5105.96084969069,"moving",29,-14.69295,145.44156,"run_day_11652_liz21_del_07_29.json","07",11652
145.442023,-14.694406,2767,3.55,2021-11-26 08:05:00,0.0464873338633739,5169.15567883897,"moving",29,-14.69295,145.44156,"run_day_11652_liz21_del_07_29.json","07",11652
145.441622,-14.693473,2768,3.55,2021-11-26 08:09:00,0.0539681715852405,6000.98688056178,"moving",29,-14.69295,145.44156,"run_day_11652_liz21_del_07_29.json","07",11652
145.441728,-14.693963,2768,3.55,2021-11-26 08:21:00,0.0556655933907866,6189.73157371435,"moving",29,-14.69295,145.44156,"run_day_11652_liz21_del_07_29.json","07",11652
145.441865,-14.694425,2768,3.55,2021-11-26 08:33:00,0.053443634089585,5942.66097221004,"moving",29,-14.69295,145.44156,"run_day_11652_liz21_del_07_29.json","07",11652
145.441488,-14.693288,2769,3.55,2021-11-26 07:37:00,0.0553644429042734,6156.24516745754,"moving",29,-14.69295,145.44156,"run_day_11652_liz21_del_07_29.json","07",11652
145.441612,-14.693802,2769,3.55,2021-11-26 07:49:00,0.0586897253307249,6525.99970293926,"moving",29,-14.69295,145.44156,"run_day_11652_liz21_del_07_29.json","07",11652
145.441767,-14.694327,2769,3.55,2021-11-26 08:01:00,0.0607112260846077,6750.78033097918,"moving",29,-14.69295,145.44156,"run_day_11652_liz21_del_07_29.json","07",11652
145.441667,-14.693145,2770,3.55,2021-11-26 07:27:00,0.0491988763118457,5470.6654424904,"moving",29,-14.69295,145.44156,"run_day_11652_liz21_del_07_29.json","07",11652
145.441753,-14.693609,2770,3.55,2021-11-26 07:39:00,0.0524170771018967,5828.51304326758,"moving",29,-14.69295,145.44156,"run_day_11652_liz21_del_07_29.json","07",11652
145.441867,-14.694051,2770,3.55,2021-11-26 07:51:00,0.0506546086155479,5632.53548921468,"moving",29,-14.69295,145.44156,"run_day_11652_liz21_del_07_29.json","07",11652
145.441997,-14.694484,2770,3.55,2021-11-26 08:03:00,0.0501366551356723,5574.94169001462,"moving",29,-14.69295,145.44156,"run_day_11652_liz21_del_07_29.json","07",11652
145.441726,-14.69333,2771,3.55,2021-11-26 07:13:00,0.0514517869315161,5721.1776735814,"moving",29,-14.69295,145.44156,"run_day_11652_liz21_del_07_29.json","07",11652
145.44182,-14.693767,2771,3.55,2021-11-26 07:25:00,0.0496328754512775,5518.92394496332,"moving",29,-14.69295,145.44156,"run_day_11652_liz21_del_07_29.json","07",11652
145.441944,-14.694194,2771,3.55,2021-11-26 07:37:00,0.0493178876618469,5483.89890082365,"moving",29,-14.69295,145.44156,"run_day_11652_liz21_del_07_29.json","07",11652
145.442077,-14.694631,2771,3.55,2021-11-26 07:49:00,0.0506541159166892,5632.48070360123,"moving",29,-14.69295,145.44156,"run_day_11652_liz21_del_07_29.json","07",11652
145.441502,-14.693296,2772,3.55,2021-11-26 07:33:00,0.054906857507376,6105.36399281591,"moving",29,-14.69295,145.44156,"run_day_11652_liz21_del_07_29.json","07",11652
145.441626,-14.693809,2772,3.55,2021-11-26 07:45:00,0.058581445006641,6513.95948024569,"moving",29,-14.69295,145.44156,"run_day_11652_liz21_del_07_29.json","07",11652
145.441781,-14.694332,2772,3.55,2021-11-26 07:57:00,0.0604974161429932,6727.00575020548,"moving",29,-14.69295,145.44156,"run_day_11652_liz21_del_07_29.json","07",11652
145.441529,-14.693462,2773,3.55,2021-11-26 07:34:00,0.0563101895599983,6261.40739746521,"moving",29,-14.69295,145.44156,"run_day_11652_liz21_del_07_29.json","07",11652
145.441667,-14.693985,2773,3.55,2021-11-26 07:46:00,0.0600192806443745,6673.83950851041,"moving",29,-14.69295,145.44156,"run_day_11652_liz21_del_07_29.json","07",11652
145.441832,-14.694503,2773,3.55,2021-11-26 07:58:00,0.0602710598917332,6701.83608345108,"moving",29,-14.69295,145.44156,"run_day_11652_liz21_del_07_29.json","07",11652
145.441603,-14.69356,2774,3.55,2021-11-26 08:01:00,0.0558832915668785,6213.93850643554,"moving",29,-14.69295,145.44156,"run_day_11652_liz21_del_07_29.json","07",11652
145.441724,-14.694066,2774,3.55,2021-11-26 08:13:00,0.0577502171278489,6421.5311572385,"moving",29,-14.69295,145.44156,"run_day_11652_liz21_del_07_29.json","07",11652
145.441876,-14.694541,2774,3.55,2021-11-26 08:25:00,0.0552899807440115,6147.96535300943,"moving",29,-14.69295,145.44156,"run_day_11652_liz21_del_07_29.json","07",11652
145.441541,-14.693431,2775,3.55,2021-11-26 07:34:00,0.0556939052232743,6192.87970585099,"moving",29,-14.69295,145.44156,"run_day_11652_liz21_del_07_29.json","07",11652
145.441672,-14.69395,2775,3.55,2021-11-26 07:46:00,0.0594053499871803,6605.57353411886,"moving",29,-14.69295,145.44156,"run_day_11652_liz21_del_07_29.json","07",11652
145.441834,-14.694464,2775,3.55,2021-11-26 07:58:00,0.059751250577477,6644.0359248832,"moving",29,-14.69295,145.44156,"run_day_11652_liz21_del_07_29.json","07",11652
145.441559,-14.693291,2776,3.55,2021-11-26 07:29:00,0.0537054445520262,5971.77296737597,"moving",29,-14.69295,145.44156,"run_day_11652_liz21_del_07_29.json","07",11652
145.441675,-14.693794,2776,3.55,2021-11-26 07:41:00,0.0573057778514712,6372.11176450372,"moving",29,-14.69295,145.44156,"run_day_11652_liz21_del_07_29.json","07",11652
145.441823,-14.6943,2776,3.55,2021-11-26 07:53:00,0.0584731661748,6501.91942348198,"moving",29,-14.69295,145.44156,"run_day_11652_liz21_del_07_29.json","07",11652
145.441688,-14.693548,2777,3.55,2021-11-26 07:26:00,0.0540772286416537,6013.11347194971,"moving",29,-14.69295,145.44156,"run_day_11652_liz21_del_07_29.json","07",11652
145.441816,-14.694032,2777,3.55,2021-11-26 07:38:00,0.0555513934237697,6177.03311675909,"moving",29,-14.69295,145.44156,"run_day_11652_liz21_del_07_29.json","07",11652
145.441958,-14.694497,2777,3.55,2021-11-26 07:50:00,0.0539142414566643,5994.99012387081,"moving",29,-14.69295,145.44156,"run_day_11652_liz21_del_07_29.json","07",11652
145.441571,-14.693336,2778,3.55,2021-11-26 07:56:00,0.0541655632499762,6022.93583224231,"moving",29,-14.69295,145.44156,"run_day_11652_liz21_del_07_29.json","07",11652
145.441677,-14.693836,2778,3.55,2021-11-26 08:08:00,0.0567544282893715,6310.80449039053,"moving",29,-14.69295,145.44156,"run_day_11652_liz21_del_07_29.json","07",11652
145.441814,-14.694323,2778,3.55,2021-11-26 08:20:00,0.0561209902589567,6240.36939506468,"moving",29,-14.69295,145.44156,"run_day_11652_liz21_del_07_29.json","07",11652
145.441586,-14.693447,2779,3.55,2021-11-26 07:21:00,0.0554623429426275,6167.13115504083,"moving",29,-14.69295,145.44156,"run_day_11652_liz21_del_07_29.json","07",11652
145.44172,-14.693959,2779,3.55,2021-11-26 07:33:00,0.0587278430101199,6530.23819550345,"moving",29,-14.69295,145.44156,"run_day_11652_liz21_del_07_29.json","07",11652
145.441875,-14.694459,2779,3.55,2021-11-26 07:45:00,0.0580432348983613,6454.11324673618,"moving",29,-14.69295,145.44156,"run_day_11652_liz21_del_07_29.json","07",11652
145.441539,-14.693255,2780,3.55,2021-11-26 07:56:00,0.0539095397925213,5994.46732267133,"moving",29,-14.69295,145.44156,"run_day_11652_liz21_del_07_29.json","07",11652
145.441645,-14.693755,2780,3.55,2021-11-26 08:08:00,0.0567544291384287,6310.80458480139,"moving",29,-14.69295,145.44156,"run_day_11652_liz21_del_07_29.json","07",11652
145.441778,-14.694251,2780,3.55,2021-11-26 08:20:00,0.0569777017189515,6335.63136301436,"moving",29,-14.69295,145.44156,"run_day_11652_liz21_del_07_29.json","07",11652
145.441937,-14.694713,2780,3.55,2021-11-26 08:32:00,0.0541438542781617,6020.52190471387,"moving",29,-14.69295,145.44156,"run_day_11652_liz21_del_07_29.json","07",11652
145.441667,-14.693666,2781,3.55,2021-11-26 08:04:00,0.0553865836192937,6158.70710264008,"moving",29,-14.69295,145.44156,"run_day_11652_liz21_del_07_29.json","07",11652
145.441788,-14.694153,2781,3.55,2021-11-26 08:16:00,0.0556938951738691,6192.87858840812,"moving",29,-14.69295,145.44156,"run_day_11652_liz21_del_07_29.json","07",11652
145.441936,-14.694605,2781,3.55,2021-11-26 08:28:00,0.0527207721769968,5862.28239486565,"moving",29,-14.69295,145.44156,"run_day_11652_liz21_del_07_29.json","07",11652
145.441777,-14.69354,2782,3.55,2021-11-26 07:32:00,0.0491104676282754,5460.83484540606,"moving",29,-14.69295,145.44156,"run_day_11652_liz21_del_07_29.json","07",11652
145.441882,-14.693958,2782,3.55,2021-11-26 07:44:00,0.0478318721342182,5318.66151323631,"moving",29,-14.69295,145.44156,"run_day_11652_liz21_del_07_29.json","07",11652
145.442001,-14.694374,2782,3.55,2021-11-26 07:56:00,0.0479952439685701,5336.82763237285,"moving",29,-14.69295,145.44156,"run_day_11652_liz21_del_07_29.json","07",11652
145.441653,-14.693485,2783,3.55,2021-11-26 08:01:00,0.0537564583912746,5977.44544748906,"moving",29,-14.69295,145.44156,"run_day_11652_liz21_del_07_29.json","07",11652
145.441759,-14.693972,2783,3.55,2021-11-26 08:13:00,0.0553391224843983,6153.42966522692,"moving",29,-14.69295,145.44156,"run_day_11652_liz21_del_07_29.json","07",11652
145.441893,-14.694423,2783,3.55,2021-11-26 08:25:00,0.0521789405937914,5802.03347171743,"moving",29,-14.69295,145.44156,"run_day_11652_liz21_del_07_29.json","07",11652
145.441708,-14.693615,2784,3.55,2021-11-26 07:20:00,0.0549916684235066,6114.79453641371,"moving",29,-14.69295,145.44156,"run_day_11652_liz21_del_07_29.json","07",11652
145.441842,-14.694092,2784,3.55,2021-11-26 07:32:00,0.0549633387684575,6111.64442249866,"moving",29,-14.69295,145.44156,"run_day_11652_liz21_del_07_29.json","07",11652
145.441984,-14.694558,2784,3.55,2021-11-26 07:44:00,0.0540208892631485,6006.84881888963,"moving",29,-14.69295,145.44156,"run_day_11652_liz21_del_07_29.json","07",11652
145.441561,-14.693324,2785,3.55,2021-11-26 07:44:00,0.0541739578185566,6023.86926567982,"moving",29,-14.69295,145.44156,"run_day_11652_liz21_del_07_29.json","07",11652
145.441673,-14.693831,2785,3.55,2021-11-26 07:56:00,0.0576485315054606,6410.22423191622,"moving",29,-14.69295,145.44156,"run_day_11652_liz21_del_07_29.json","07",11652
145.441817,-14.694331,2785,3.55,2021-11-26 08:08:00,0.0577145370222073,6417.56371050901,"moving",29,-14.69295,145.44156,"run_day_11652_liz21_del_07_29.json","07",11652
145.441632,-14.69363,2786,3.55,2021-11-26 07:43:00,0.0561451340627608,6243.05406355761,"moving",29,-14.69295,145.44156,"run_day_11652_liz21_del_07_29.json","07",11652
145.441769,-14.694142,2786,3.55,2021-11-26 07:55:00,0.0588078618655855,6539.13588626713,"moving",29,-14.69295,145.44156,"run_day_11652_liz21_del_07_29.json","07",11652
145.441927,-14.694622,2786,3.55,2021-11-26 08:07:00,0.056013741221777,6228.44384624279,"moving",29,-14.69295,145.44156,"run_day_11652_liz21_del_07_29.json","07",11652
145.441693,-14.693622,2787,3.55,2021-11-26 08:05:00,0.0543537220143915,6043.858132249,"moving",29,-14.69295,145.44156,"run_day_11652_liz21_del_07_29.json","07",11652
145.441805,-14.694092,2787,3.55,2021-11-26 08:17:00,0.0536320362229382,5963.61033360793,"moving",29,-14.69295,145.44156,"run_day_11652_liz21_del_07_29.json","07",11652
145.441942,-14.694531,2787,3.55,2021-11-26 08:29:00,0.0509901574781305,5669.84682037522,"moving",29,-14.69295,145.44156,"run_day_11652_liz21_del_07_29.json","07",11652
145.441771,-14.693262,2788,3.55,2021-11-26 07:18:00,0.0471021192324357,5237.51669285394,"moving",29,-14.69295,145.44156,"run_day_11652_liz21_del_07_29.json","07",11652
145.441846,-14.693647,2788,3.55,2021-11-26 07:30:00,0.0435634567589916,4844.03537869948,"moving",29,-14.69295,145.44156,"run_day_11652_liz21_del_07_29.json","07",11652
145.441951,-14.694033,2788,3.55,2021-11-26 07:42:00,0.0443821909542598,4935.07446748372,"moving",29,-14.69295,145.44156,"run_day_11652_liz21_del_07_29.json","07",11652
145.442063,-14.694434,2788,3.55,2021-11-26 07:54:00,0.0461877910246807,5135.84803486358,"moving",29,-14.69295,145.44156,"run_day_11652_liz21_del_07_29.json","07",11652
145.441542,-14.693508,2789,3.55,2021-11-26 07:49:00,0.0568109445485957,6317.08881168919,"moving",29,-14.69295,145.44156,"run_day_11652_liz21_del_07_29.json","07",11652
145.441674,-14.69403,2789,3.55,2021-11-26 08:01:00,0.0597549312033195,6644.44519180377,"moving",29,-14.69295,145.44156,"run_day_11652_liz21_del_07_29.json","07",11652
145.441836,-14.694534,2789,3.55,2021-11-26 08:13:00,0.0586885256580414,6525.86630542321,"moving",29,-14.69295,145.44156,"run_day_11652_liz21_del_07_29.json","07",11652
145.441563,-14.693534,2790,3.55,2021-11-26 07:26:00,0.0565840630214623,6291.86073692258,"moving",29,-14.69295,145.44156,"run_day_11652_liz21_del_07_29.json","07",11652
145.441708,-14.694057,2790,3.55,2021-11-26 07:38:00,0.0602098968776232,6695.03506658375,"moving",29,-14.69295,145.44156,"run_day_11652_liz21_del_07_29.json","07",11652
145.441875,-14.694567,2790,3.55,2021-11-26 07:50:00,0.059486116084558,6614.55431439213,"moving",29,-14.69295,145.44156,"run_day_11652_liz21_del_07_29.json","07",11652
145.441537,-14.693453,2791,3.55,2021-11-26 07:30:00,0.0560686761568243,6234.5523323156,"moving",29,-14.69295,145.44156,"run_day_11652_liz21_del_07_29.json","07",11652
145.441674,-14.693973,2791,3.55,2021-11-26 07:42:00,0.0596694621942579,6634.94147161077,"moving",29,-14.69295,145.44156,"run_day_11652_liz21_del_07_29.json","07",11652
145.441838,-14.69449,2791,3.55,2021-11-26 07:54:00,0.0601331648612867,6686.50285565593,"moving",29,-14.69295,145.44156,"run_day_11652_liz21_del_07_29.json","07",11652
145.441483,-14.693558,2792,3.55,2021-11-26 07:16:00,0.0595620834602984,6623.00150116496,"moving",29,-14.69295,145.44156,"run_day_11652_liz21_del_07_29.json","07",11652
145.441645,-14.694093,2792,3.55,2021-11-26 07:28:00,0.0619885991817528,6892.81773881395,"moving",29,-14.69295,145.44156,"run_day_11652_liz21_del_07_29.json","07",11652
145.441827,-14.694626,2792,3.55,2021-11-26 07:40:00,0.0624160849189488,6940.35198400306,"moving",29,-14.69295,145.44156,"run_day_11652_liz21_del_07_29.json","07",11652
145.441647,-14.693673,2793,3.55,2021-11-26 08:04:00,0.0558851254701866,6214.14242717936,"moving",29,-14.69295,145.44156,"run_day_11652_liz21_del_07_29.json","07",11652
145.441773,-14.694169,2793,3.55,2021-11-26 08:16:00,0.0567933486421254,6315.13223615998,"moving",29,-14.69295,145.44156,"run_day_11652_liz21_del_07_29.json","07",11652
145.441925,-14.694628,2793,3.55,2021-11-26 08:28:00,0.0535929982732467,5959.26951165563,"moving",29,-14.69295,145.44156,"run_day_11652_liz21_del_07_29.json","07",11652
145.441499,-14.693524,2794,3.55,2021-11-26 07:48:00,0.0580325595634126,6452.92620364965,"moving",29,-14.69295,145.44156,"run_day_11652_liz21_del_07_29.json","07",11652
145.441638,-14.694054,2794,3.55,2021-11-26 08:00:00,0.060800130052654,6760.66600118449,"moving",29,-14.69295,145.44156,"run_day_11652_liz21_del_07_29.json","07",11652
145.441809,-14.694571,2794,3.55,2021-11-26 08:12:00,0.0603583132283005,6711.53821181017,"moving",29,-14.69295,145.44156,"run_day_11652_liz21_del_07_29.json","07",11652
145.441679,-14.693549,2795,3.55,2021-11-26 07:13:00,0.0556004057045057,6182.48303372021,"moving",29,-14.69295,145.44156,"run_day_11652_liz21_del_07_29.json","07",11652
145.441814,-14.69404,2795,3.55,2021-11-26 07:25:00,0.0564946181355348,6281.91491939315,"moving",29,-14.69295,145.44156,"run_day_11652_liz21_del_07_29.json","07",11652
145.441958,-14.694513,2795,3.55,2021-11-26 07:37:00,0.0548283186092698,6096.63086580225,"moving",29,-14.69295,145.44156,"run_day_11652_liz21_del_07_29.json","07",11652
145.441575,-14.693672,2796,3.55,2021-11-26 07:37:00,0.057823795110609,6429.71265563417,"moving",29,-14.69295,145.44156,"run_day_11652_liz21_del_07_29.json","07",11652
145.441728,-14.694202,2796,3.55,2021-11-26 07:49:00,0.0611878147542394,6803.7745731385,"moving",29,-14.69295,145.44156,"run_day_11652_liz21_del_07_29.json","07",11652
145.441904,-14.694707,2796,3.55,2021-11-26 08:01:00,0.0592584285244012,6589.23661284262,"moving",29,-14.69295,145.44156,"run_day_11652_liz21_del_07_29.json","07",11652
145.441527,-14.693445,2797,3.55,2021-11-26 08:05:00,0.0561972571839715,6248.84989019711,"moving",29,-14.69295,145.44156,"run_day_11652_liz21_del_07_29.json","07",11652
145.441645,-14.693953,2797,3.55,2021-11-26 08:17:00,0.0578953171470307,6437.66554322755,"moving",29,-14.69295,145.44156,"run_day_11652_liz21_del_07_29.json","07",11652
145.441798,-14.69445,2797,3.55,2021-11-26 08:29:00,0.0576620250292978,6411.72464330948,"moving",29,-14.69295,145.44156,"run_day_11652_liz21_del_07_29.json","07",11652
145.441655,-14.69325,2798,3.55,2021-11-26 08:08:00,0.0504881054140426,5614.02117793721,"moving",29,-14.69295,145.44156,"run_day_11652_liz21_del_07_29.json","07",11652
145.441738,-14.693717,2798,3.55,2021-11-26 08:20:00,0.0526898283965241,5858.84160346589,"moving",29,-14.69295,145.44156,"run_day_11652_liz21_del_07_29.json","07",11652
145.441846,-14.694156,2798,3.55,2021-11-26 08:32:00,0.0501776916547316,5579.50474274116,"moving",29,-14.69295,145.44156,"run_day_11652_liz21_del_07_29.json","07",11652
145.44198,-14.694576,2798,3.55,2021-11-26 08:44:00,0.0488752773962953,5434.68288481352,"moving",29,-14.69295,145.44156,"run_day_11652_liz21_del_07_29.json","07",11652
145.441475,-14.693551,2799,3.55,2021-11-26 07:24:00,0.0589171481664911,6551.28796847958,"moving",29,-14.69295,145.44156,"run_day_11652_liz21_del_07_29.json","07",11652
145.441633,-14.694087,2799,3.55,2021-11-26 07:36:00,0.0619759677063837,6891.41318283688,"moving",29,-14.69295,145.44156,"run_day_11652_liz21_del_07_29.json","07",11652
145.441816,-14.694622,2799,3.55,2021-11-26 07:48:00,0.0626609960953626,6967.58486429883,"moving",29,-14.69295,145.44156,"run_day_11652_liz21_del_07_29.json","07",11652
145.441579,-14.69325,2800,3.55,2021-11-26 07:20:00,0.053258837436326,5922.11252190674,"moving",29,-14.69295,145.44156,"run_day_11652_liz21_del_07_29.json","07",11652
145.441691,-14.693745,2800,3.55,2021-11-26 07:32:00,0.0563443413927706,6265.2049080051,"moving",29,-14.69295,145.44156,"run_day_11652_liz21_del_07_29.json","07",11652
145.441835,-14.694242,2800,3.55,2021-11-26 07:44:00,0.0573932602278054,6381.83936092289,"moving",29,-14.69295,145.44156,"run_day_11652_liz21_del_07_29.json","07",11652
145.441528,-14.693349,2801,3.55,2021-11-26 07:20:00,0.055636555756792,6186.50273613239,"moving",29,-14.69295,145.44156,"run_day_11652_liz21_del_07_29.json","07",11652
145.441659,-14.693861,2801,3.55,2021-11-26 07:32:00,0.0586494887001423,6521.5255937532,"moving",29,-14.69295,145.44156,"run_day_11652_liz21_del_07_29.json","07",11652
145.441819,-14.694379,2801,3.55,2021-11-26 07:44:00,0.0601149048566802,6684.47243578318,"moving",29,-14.69295,145.44156,"run_day_11652_liz21_del_07_29.json","07",11652
145.441641,-14.693212,2802,3.55,2021-11-26 07:49:00,0.0508977071181583,5659.56680937985,"moving",29,-14.69295,145.44156,"run_day_11652_liz21_del_07_29.json","07",11652
145.44173,-14.693693,2802,3.55,2021-11-26 08:01:00,0.0543346686338635,6041.73949299886,"moving",29,-14.69295,145.44156,"run_day_11652_liz21_del_07_29.json","07",11652
145.441844,-14.694146,2802,3.55,2021-11-26 08:13:00,0.0518422212065532,5764.59198415367,"moving",29,-14.69295,145.44156,"run_day_11652_liz21_del_07_29.json","07",11652
145.441981,-14.694577,2802,3.55,2021-11-26 08:25:00,0.0501392107104685,5575.22585696661,"moving",29,-14.69295,145.44156,"run_day_11652_liz21_del_07_29.json","07",11652
145.441527,-14.693644,2803,3.55,2021-11-26 08:07:00,0.0580752749806977,6457.67594134126,"moving",29,-14.69295,145.44156,"run_day_11652_liz21_del_07_29.json","07",11652
145.441663,-14.694161,2803,3.55,2021-11-26 08:19:00,0.0593196484386823,6596.04395672029,"moving",29,-14.69295,145.44156,"run_day_11652_liz21_del_07_29.json","07",11652
145.441834,-14.69466,2803,3.55,2021-11-26 08:31:00,0.0584551720528871,6499.91856841584,"moving",29,-14.69295,145.44156,"run_day_11652_liz21_del_07_29.json","07",11652
145.441629,-14.693552,2804,3.55,2021-11-26 08:08:00,0.0546226466833174,6073.76119108313,"moving",29,-14.69295,145.44156,"run_day_11652_liz21_del_07_29.json","07",11652
145.441742,-14.694046,2804,3.55,2021-11-26 08:20:00,0.0562588577955203,6255.69956567954,"moving",29,-14.69295,145.44156,"run_day_11652_liz21_del_07_29.json","07",11652
145.441886,-14.694506,2804,3.55,2021-11-26 08:32:00,0.0534432202047932,5942.61495032098,"moving",29,-14.69295,145.44156,"run_day_11652_liz21_del_07_29.json","07",11652
145.44166,-14.693441,2805,3.55,2021-11-26 07:30:00,0.0532264287333342,5918.50883855493,"moving",29,-14.69295,145.44156,"run_day_11652_liz21_del_07_29.json","07",11652
145.441778,-14.693932,2805,3.55,2021-11-26 07:42:00,0.0560525169835719,6232.75551423116,"moving",29,-14.69295,145.44156,"run_day_11652_liz21_del_07_29.json","07",11652
145.441917,-14.694399,2805,3.55,2021-11-26 07:54:00,0.0540373968756955,6008.68438165587,"moving",29,-14.69295,145.44156,"run_day_11652_liz21_del_07_29.json","07",11652
145.441612,-14.69323,2806,3.55,2021-11-26 07:54:00,0.0518760609241234,5768.35478906656,"moving",29,-14.69295,145.44156,"run_day_11652_liz21_del_07_29.json","07",11652
145.441705,-14.693717,2806,3.55,2021-11-26 08:06:00,0.0550680508663967,6123.28787654781,"moving",29,-14.69295,145.44156,"run_day_11652_liz21_del_07_29.json","07",11652
145.441824,-14.694184,2806,3.55,2021-11-26 08:18:00,0.0534822009270651,5946.94940887456,"moving",29,-14.69295,145.44156,"run_day_11652_liz21_del_07_29.json","07",11652
145.441967,-14.694623,2806,3.55,2021-11-26 08:30:00,0.0511803813984661,5690.99875524297,"moving",29,-14.69295,145.44156,"run_day_11652_liz21_del_07_29.json","07",11652
145.441573,-14.693491,2807,3.55,2021-11-26 08:08:00,0.0553613874003125,6155.90541091875,"moving",29,-14.69295,145.44156,"run_day_11652_liz21_del_07_29.json","07",11652
145.441688,-14.693991,2807,3.55,2021-11-26 08:20:00,0.0569567843717677,6333.30546012866,"moving",29,-14.69295,145.44156,"run_day_11652_liz21_del_07_29.json","07",11652
145.441836,-14.694473,2807,3.55,2021-11-26 08:32:00,0.0559100006625233,6216.90842236651,"moving",29,-14.69295,145.44156,"run_day_11652_liz21_del_07_29.json","07",11652
145.441621,-14.69356,2808,3.55,2021-11-26 07:58:00,0.0554914447496947,6170.36712834289,"moving",29,-14.69295,145.44156,"run_day_11652_liz21_del_07_29.json","07",11652
145.441741,-14.694063,2808,3.55,2021-11-26 08:10:00,0.0574009819645927,6382.69797887853,"moving",29,-14.69295,145.44156,"run_day_11652_liz21_del_07_29.json","07",11652
145.44189,-14.694532,2808,3.55,2021-11-26 08:22:00,0.0545573455372181,6066.50003493281,"moving",29,-14.69295,145.44156,"run_day_11652_liz21_del_07_29.json","07",11652
145.441589,-14.693461,2809,3.55,2021-11-26 07:46:00,0.0550805206410475,6124.67445222538,"moving",29,-14.69295,145.44156,"run_day_11652_liz21_del_07_29.json","07",11652
145.441711,-14.693975,2809,3.55,2021-11-26 07:58:00,0.058641211854507,6520.60525050993,"moving",29,-14.69295,145.44156,"run_day_11652_liz21_del_07_29.json","07",11652
145.441862,-14.694464,2809,3.55,2021-11-26 08:10:00,0.05674808892305,6310.09958501744,"moving",29,-14.69295,145.44156,"run_day_11652_liz21_del_07_29.json","07",11652
145.441717,-14.693167,2810,3.55,2021-11-26 07:25:00,0.0485111271074522,5394.19122015801,"moving",29,-14.69295,145.44156,"run_day_11652_liz21_del_07_29.json","07",11652
145.441795,-14.693592,2810,3.55,2021-11-26 07:37:00,0.0479967561916287,5336.99578390492,"moving",29,-14.69295,145.44156,"run_day_11652_liz21_del_07_29.json","07",11652
145.4419,-14.694002,2810,3.55,2021-11-26 07:49:00,0.0469679330505006,5222.59587019696,"moving",29,-14.69295,145.44156,"run_day_11652_liz21_del_07_29.json","07",11652
145.442018,-14.694413,2810,3.55,2021-11-26 08:01:00,0.0474307406529845,5274.0577276057,"moving",29,-14.69295,145.44156,"run_day_11652_liz21_del_07_29.json","07",11652
145.441612,-14.693429,2811,3.55,2021-11-26 07:48:00,0.0541846240134206,6025.05529243529,"moving",29,-14.69295,145.44156,"run_day_11652_liz21_del_07_29.json","07",11652
145.441726,-14.693936,2811,3.55,2021-11-26 08:00:00,0.0576938657477689,6415.26516966418,"moving",29,-14.69295,145.44156,"run_day_11652_liz21_del_07_29.json","07",11652
145.441868,-14.694413,2811,3.55,2021-11-26 08:12:00,0.0551952154050745,6137.42792809788,"moving",29,-14.69295,145.44156,"run_day_11652_liz21_del_07_29.json","07",11652
145.441518,-14.693537,2812,3.55,2021-11-26 07:19:00,0.0582702760363362,6479.35906941859,"moving",29,-14.69295,145.44156,"run_day_11652_liz21_del_07_29.json","07",11652
145.441672,-14.694065,2812,3.55,2021-11-26 07:31:00,0.0610027683558606,6783.19835244492,"moving",29,-14.69295,145.44156,"run_day_11652_liz21_del_07_29.json","07",11652
145.441846,-14.694589,2812,3.55,2021-11-26 07:43:00,0.061198025395729,6804.90994466993,"moving",29,-14.69295,145.44156,"run_day_11652_liz21_del_07_29.json","07",11652
145.441685,-14.693304,2813,3.55,2021-11-26 07:23:00,0.0512249669917499,5695.95644701757,"moving",29,-14.69295,145.44156,"run_day_11652_liz21_del_07_29.json","07",11652
145.441783,-14.693771,2813,3.55,2021-11-26 07:35:00,0.0529870486352119,5891.89098610405,"moving",29,-14.69295,145.44156,"run_day_11652_liz21_del_07_29.json","07",11652
145.44191,-14.694216,2813,3.55,2021-11-26 07:47:00,0.051332597284487,5707.92438952321,"moving",29,-14.69295,145.44156,"run_day_11652_liz21_del_07_29.json","07",11652
145.442051,-14.694658,2813,3.55,2021-11-26 07:59:00,0.0514348054115401,5719.28941471336,"moving",29,-14.69295,145.44156,"run_day_11652_liz21_del_07_29.json","07",11652
145.44158,-14.693218,2814,3.55,2021-11-26 07:20:00,0.0528012782004955,5871.23425624303,"moving",29,-14.69295,145.44156,"run_day_11652_liz21_del_07_29.json","07",11652
145.441688,-14.69371,2814,3.55,2021-11-26 07:32:00,0.055927574202544,6218.86251086,"moving",29,-14.69295,145.44156,"run_day_11652_liz21_del_07_29.json","07",11652
145.44183,-14.694205,2814,3.55,2021-11-26 07:44:00,0.0571212593058638,6351.59423836034,"moving",29,-14.69295,145.44156,"run_day_11652_liz21_del_07_29.json","07",11652
145.441987,-14.694677,2814,3.55,2021-11-26 07:56:00,0.0551337310868455,6130.59118384262,"moving",29,-14.69295,145.44156,"run_day_11652_liz21_del_07_29.json","07",11652
145.441747,-14.693508,2815,3.55,2021-11-26 07:13:00,0.0527644291676173,5867.13683073522,"moving",29,-14.69295,145.44156,"run_day_11652_liz21_del_07_29.json","07",11652
145.441862,-14.693948,2815,3.55,2021-11-26 07:25:00,0.0504651178900317,5611.46508189109,"moving",29,-14.69295,145.44156,"run_day_11652_liz21_del_07_29.json","07",11652
145.441989,-14.694388,2815,3.55,2021-11-26 07:37:00,0.0507968814651246,5648.35550828688,"moving",29,-14.69295,145.44156,"run_day_11652_liz21_del_07_29.json","07",11652
145.441693,-14.693338,2816,3.55,2021-11-26 08:00:00,0.051175169305538,5690.41919695218,"moving",29,-14.69295,145.44156,"run_day_11652_liz21_del_07_29.json","07",11652
145.441779,-14.693796,2816,3.55,2021-11-26 08:12:00,0.0517605105336421,5755.50617187325,"moving",29,-14.69295,145.44156,"run_day_11652_liz21_del_07_29.json","07",11652
145.44189,-14.694219,2816,3.55,2021-11-26 08:24:00,0.0485270310952837,5395.9596629183,"moving",29,-14.69295,145.44156,"run_day_11652_liz21_del_07_29.json","07",11652
145.442023,-14.694631,2816,3.55,2021-11-26 08:36:00,0.0479938216836413,5336.66948150452,"moving",29,-14.69295,145.44156,"run_day_11652_liz21_del_07_29.json","07",11652
145.441616,-14.693499,2817,3.55,2021-11-26 07:34:00,0.0547316963170756,6085.88695710949,"moving",29,-14.69295,145.44156,"run_day_11652_liz21_del_07_29.json","07",11652
145.441746,-14.69401,2817,3.55,2021-11-26 07:46:00,0.0585157594691386,6506.65558172151,"moving",29,-14.69295,145.44156,"run_day_11652_liz21_del_07_29.json","07",11652
145.441898,-14.694497,2817,3.55,2021-11-26 07:58:00,0.0565660296238224,6289.85551459487,"moving",29,-14.69295,145.44156,"run_day_11652_liz21_del_07_29.json","07",11652
145.44156,-14.693279,2818,3.55,2021-11-26 07:48:00,0.0537775100916047,5979.786289763,"moving",29,-14.69295,145.44156,"run_day_11652_liz21_del_07_29.json","07",11652
145.441667,-14.693781,2818,3.55,2021-11-26 08:00:00,0.0569939245582964,6337.43526044528,"moving",29,-14.69295,145.44156,"run_day_11652_liz21_del_07_29.json","07",11652
145.441803,-14.694276,2818,3.55,2021-11-26 08:12:00,0.056952097487113,6332.78430233329,"moving",29,-14.69295,145.44156,"run_day_11652_liz21_del_07_29.json","07",11652
145.441752,-14.693364,2819,3.55,2021-11-26 07:41:00,0.0490919732314938,5458.77836231259,"moving",29,-14.69295,145.44156,"run_day_11652_liz21_del_07_29.json","07",11652
145.441835,-14.693781,2819,3.55,2021-11-26 07:53:00,0.0472198620697346,5250.60909901032,"moving",29,-14.69295,145.44156,"run_day_11652_liz21_del_07_29.json","07",11652
145.441943,-14.694182,2819,3.55,2021-11-26 08:05:00,0.0460774549469036,5123.57922278891,"moving",29,-14.69295,145.44156,"run_day_11652_liz21_del_07_29.json","07",11652
145.442066,-14.694584,2819,3.55,2021-11-26 08:17:00,0.0466170092502634,5183.57492397176,"moving",29,-14.69295,145.44156,"run_day_11652_liz21_del_07_29.json","07",11652
145.441654,-14.693642,2820,3.55,2021-11-26 07:27:00,0.0558868521712471,6214.33442757712,"moving",29,-14.69295,145.44156,"run_day_11652_liz21_del_07_29.json","07",11652
145.441797,-14.694148,2820,3.55,2021-11-26 07:39:00,0.0583290574007243,6485.8952589198,"moving",29,-14.69295,145.44156,"run_day_11652_liz21_del_07_29.json","07",11652
145.441954,-14.694631,2820,3.55,2021-11-26 07:51:00,0.0562993386506756,6260.20083139904,"moving",29,-14.69295,145.44156,"run_day_11652_liz21_del_07_29.json","07",11652
145.441602,-14.693289,2821,3.55,2021-11-26 08:06:00,0.0525512375843894,5843.43100827696,"moving",29,-14.69295,145.44156,"run_day_11652_liz21_del_07_29.json","07",11652
145.441696,-14.693772,2821,3.55,2021-11-26 08:18:00,0.054650526200815,6076.86125198616,"moving",29,-14.69295,145.44156,"run_day_11652_liz21_del_07_29.json","07",11652
145.441819,-14.694241,2821,3.55,2021-11-26 08:30:00,0.0538023260945582,5982.54570339102,"moving",29,-14.69295,145.44156,"run_day_11652_liz21_del_07_29.json","07",11652
145.441967,-14.694681,2821,3.55,2021-11-26 08:42:00,0.0514502870368235,5721.01089290108,"moving",29,-14.69295,145.44156,"run_day_11652_liz21_del_07_29.json","07",11652
145.441676,-14.693268,2822,3.55,2021-11-26 07:47:00,0.0507065692361697,5638.31324661312,"moving",29,-14.69295,145.44156,"run_day_11652_liz21_del_07_29.json","07",11652
145.441764,-14.693739,2822,3.55,2021-11-26 07:59:00,0.0532212386510549,5917.93172773661,"moving",29,-14.69295,145.44156,"run_day_11652_liz21_del_07_29.json","07",11652
145.441878,-14.694176,2822,3.55,2021-11-26 08:11:00,0.0501153474352512,5572.57238182933,"moving",29,-14.69295,145.44156,"run_day_11652_liz21_del_07_29.json","07",11652
145.442012,-14.694599,2822,3.55,2021-11-26 08:23:00,0.049194126112733,5470.13724444851,"moving",29,-14.69295,145.44156,"run_day_11652_liz21_del_07_29.json","07",11652
145.441637,-14.693162,2823,3.55,2021-11-26 08:05:00,0.0500512819372022,5565.44862347333,"moving",29,-14.69295,145.44156,"run_day_11652_liz21_del_07_29.json","07",11652
145.441719,-14.693629,2823,3.55,2021-11-26 08:17:00,0.0526717117907395,5856.82712881461,"moving",29,-14.69295,145.44156,"run_day_11652_liz21_del_07_29.json","07",11652
145.441823,-14.694076,2823,3.55,2021-11-26 08:29:00,0.050947313510588,5665.08278854717,"moving",29,-14.69295,145.44156,"run_day_11652_liz21_del_07_29.json","07",11652
145.441952,-14.694498,2823,3.55,2021-11-26 08:41:00,0.0489326220210335,5441.05931615473,"moving",29,-14.69295,145.44156,"run_day_11652_liz21_del_07_29.json","07",11652
145.441535,-14.693274,2824,3.55,2021-11-26 07:29:00,0.0539968129150898,6004.17165113337,"moving",29,-14.69295,145.44156,"run_day_11652_liz21_del_07_29.json","07",11652
145.441653,-14.693779,2824,3.55,2021-11-26 07:41:00,0.0575698954200139,6401.48029816336,"moving",29,-14.69295,145.44156,"run_day_11652_liz21_del_07_29.json","07",11652
145.441803,-14.694293,2824,3.55,2021-11-26 07:53:00,0.0593877003829743,6603.61098767386,"moving",29,-14.69295,145.44156,"run_day_11652_liz21_del_07_29.json","07",11652
145.441582,-14.693601,2825,3.55,2021-11-26 07:48:00,0.0569567891668654,6333.3059933192,"moving",29,-14.69295,145.44156,"run_day_11652_liz21_del_07_29.json","07",11652
145.441719,-14.694124,2825,3.55,2021-11-26 08:00:00,0.0599927691707565,6670.89156714621,"moving",29,-14.69295,145.44156,"run_day_11652_liz21_del_07_29.json","07",11652
145.441883,-14.694617,2825,3.55,2021-11-26 08:12:00,0.0575872052145469,6403.4050594967,"moving",29,-14.69295,145.44156,"run_day_11652_liz21_del_07_29.json","07",11652
145.441695,-14.693608,2826,3.55,2021-11-26 07:57:00,0.0544823632114894,6058.16238072377,"moving",29,-14.69295,145.44156,"run_day_11652_liz21_del_07_29.json","07",11652
145.441809,-14.694084,2826,3.55,2021-11-26 08:09:00,0.0543305093766613,6041.27700469936,"moving",29,-14.69295,145.44156,"run_day_11652_liz21_del_07_29.json","07",11652
145.441947,-14.694526,2826,3.55,2021-11-26 08:21:00,0.05134059262839,5708.81343120199,"moving",29,-14.69295,145.44156,"run_day_11652_liz21_del_07_29.json","07",11652
145.441703,-14.693423,2827,3.55,2021-11-26 07:46:00,0.0519985868268464,5781.97904783191,"moving",29,-14.69295,145.44156,"run_day_11652_liz21_del_07_29.json","07",11652
145.441801,-14.693889,2827,3.55,2021-11-26 07:58:00,0.0528780795774709,5879.77417972202,"moving",29,-14.69295,145.44156,"run_day_11652_liz21_del_07_29.json","07",11652
145.441924,-14.694322,2827,3.55,2021-11-26 08:10:00,0.0499319156919092,5552.17570258414,"moving",29,-14.69295,145.44156,"run_day_11652_liz21_del_07_29.json","07",11652
145.441709,-14.693404,2828,3.55,2021-11-26 07:54:00,0.0517038233259538,5749.20284197265,"moving",29,-14.69295,145.44156,"run_day_11652_liz21_del_07_29.json","07",11652
145.4418,-14.693858,2828,3.55,2021-11-26 08:06:00,0.0514225999759605,5717.93223219941,"moving",29,-14.69295,145.44156,"run_day_11652_liz21_del_07_29.json","07",11652
145.441916,-14.694279,2828,3.55,2021-11-26 08:18:00,0.0484472110227785,5387.08407581131,"moving",29,-14.69295,145.44156,"run_day_11652_liz21_del_07_29.json","07",11652
145.442052,-14.694692,2828,3.55,2021-11-26 08:30:00,0.0481969223110544,5359.25324087118,"moving",29,-14.69295,145.44156,"run_day_11652_liz21_del_07_29.json","07",11652
145.441702,-14.693173,2829,3.55,2021-11-26 07:58:00,0.0488914494302585,5436.48113294374,"moving",29,-14.69295,145.44156,"run_day_11652_liz21_del_07_29.json","07",11652
145.441776,-14.693611,2829,3.55,2021-11-26 08:10:00,0.0493494676579232,5487.4104361708,"moving",29,-14.69295,145.44156,"run_day_11652_liz21_del_07_29.json","07",11652
145.441869,-14.694017,2829,3.55,2021-11-26 08:22:00,0.0462400492569136,5141.65888516329,"moving",29,-14.69295,145.44156,"run_day_11652_liz21_del_07_29.json","07",11652
145.441984,-14.694413,2829,3.55,2021-11-26 08:34:00,0.0457374966478954,5085.77758466848,"moving",29,-14.69295,145.44156,"run_day_11652_liz21_del_07_29.json","07",11652
145.441733,-14.693388,2830,3.55,2021-11-26 08:08:00,0.0500427086047345,5564.49531239848,"moving",29,-14.69295,145.44156,"run_day_11652_liz21_del_07_29.json","07",11652
145.441813,-14.69381,2830,3.55,2021-11-26 08:20:00,0.0477066713621017,5304.73982256497,"moving",29,-14.69295,145.44156,"run_day_11652_liz21_del_07_29.json","07",11652
145.441917,-14.694209,2830,3.55,2021-11-26 08:32:00,0.0457552030281263,5087.7464443194,"moving",29,-14.69295,145.44156,"run_day_11652_liz21_del_07_29.json","07",11652
145.442043,-14.694606,2830,3.55,2021-11-26 08:44:00,0.0461778293836364,5134.7403509184,"moving",29,-14.69295,145.44156,"run_day_11652_liz21_del_07_29.json","07",11652
145.44151,-14.693606,2831,3.55,2021-11-26 08:09:00,0.057966913987197,6445.62674861782,"moving",29,-14.69295,145.44156,"run_day_11652_liz21_del_07_29.json","07",11652
145.441644,-14.694123,2831,3.55,2021-11-26 08:21:00,0.0592669690577253,6590.18627681909,"moving",29,-14.69295,145.44156,"run_day_11652_liz21_del_07_29.json","07",11652
145.441814,-14.694625,2831,3.55,2021-11-26 08:33:00,0.0587383379357558,6531.40517798967,"moving",29,-14.69295,145.44156,"run_day_11652_liz21_del_07_29.json","07",11652
145.44169,-14.693245,2832,3.55,2021-11-26 07:34:00,0.0499218240342715,5551.05356145339,"moving",29,-14.69295,145.44156,"run_day_11652_liz21_del_07_29.json","07",11652
145.441777,-14.693705,2832,3.55,2021-11-26 07:46:00,0.0519985846542374,5781.97880624881,"moving",29,-14.69295,145.44156,"run_day_11652_liz21_del_07_29.json","07",11652
145.441893,-14.694138,2832,3.55,2021-11-26 07:58:00,0.0497377314700778,5530.58340228206,"moving",29,-14.69295,145.44156,"run_day_11652_liz21_del_07_29.json","07",11652
145.442025,-14.694565,2832,3.55,2021-11-26 08:10:00,0.0495575040328403,5510.5430256191,"moving",29,-14.69295,145.44156,"run_day_11652_liz21_del_07_29.json","07",11652
145.44152,-14.693613,2833,3.55,2021-11-26 07:21:00,0.0589964316307079,6560.10388746728,"moving",29,-14.69295,145.44156,"run_day_11652_liz21_del_07_29.json","07",11652
145.441681,-14.694146,2833,3.55,2021-11-26 07:33:00,0.061744954380948,6865.72567306114,"moving",29,-14.69295,145.44156,"run_day_11652_liz21_del_07_29.json","07",11652
145.441862,-14.694671,2833,3.55,2021-11-26 07:45:00,0.0615379273479416,6842.70531731255,"moving",29,-14.69295,145.44156,"run_day_11652_liz21_del_07_29.json","07",11652
145.441537,-14.693444,2834,3.55,2021-11-26 07:48:00,0.0562691598187598,6256.84509839795,"moving",29,-14.69295,145.44156,"run_day_11652_liz21_del_07_29.json","07",11652
145.441663,-14.693963,2834,3.55,2021-11-26 08:00:00,0.0592800950781529,6591.64582369768,"moving",29,-14.69295,145.44156,"run_day_11652_liz21_del_07_29.json","07",11652
145.44182,-14.694469,2834,3.55,2021-11-26 08:12:00,0.0587440804157927,6532.04371263613,"moving",29,-14.69295,145.44156,"run_day_11652_liz21_del_07_29.json","07",11652
145.441608,-14.693556,2835,3.55,2021-11-26 07:26:00,0.0559803411268759,6224.72992514034,"moving",29,-14.69295,145.44156,"run_day_11652_liz21_del_07_29.json","07",11652
145.44175,-14.694071,2835,3.55,2021-11-26 07:38:00,0.0592671719312759,6590.20883532868,"moving",29,-14.69295,145.44156,"run_day_11652_liz21_del_07_29.json","07",11652
145.441909,-14.694566,2835,3.55,2021-11-26 07:50:00,0.0576370950168928,6408.95255240885,"moving",29,-14.69295,145.44156,"run_day_11652_liz21_del_07_29.json","07",11652
145.44175,-14.693485,2836,3.55,2021-11-26 07:39:00,0.0506625921214133,5633.42321456375,"moving",29,-14.69295,145.44156,"run_day_11652_liz21_del_07_29.json","07",11652
145.44185,-14.693916,2836,3.55,2021-11-26 07:51:00,0.0491171551914735,5461.5784685053,"moving",29,-14.69295,145.44156,"run_day_11652_liz21_del_07_29.json","07",11652
145.44197,-14.694334,2836,3.55,2021-11-26 08:03:00,0.0482382846927973,5363.85252787494,"moving",29,-14.69295,145.44156,"run_day_11652_liz21_del_07_29.json","07",11652
145.441646,-14.693175,2837,3.55,2021-11-26 07:57:00,0.0502696764872309,5589.73298944334,"moving",29,-14.69295,145.44156,"run_day_11652_liz21_del_07_29.json","07",11652
145.441729,-14.693646,2837,3.55,2021-11-26 08:09:00,0.0531282313587691,5907.58978869348,"moving",29,-14.69295,145.44156,"run_day_11652_liz21_del_07_29.json","07",11652
145.441835,-14.69409,2837,3.55,2021-11-26 08:21:00,0.0506698906710614,5634.23477625649,"moving",29,-14.69295,145.44156,"run_day_11652_liz21_del_07_29.json","07",11652
145.441965,-14.694512,2837,3.55,2021-11-26 08:33:00,0.0489632288221463,5444.4626371593,"moving",29,-14.69295,145.44156,"run_day_11652_liz21_del_07_29.json","07",11652
145.441727,-14.693667,2838,3.55,2021-11-26 07:12:00,0.0561242158900482,6240.72806887728,"moving",29,-14.69295,145.44156,"run_day_11652_liz21_del_07_29.json","07",11652
145.441865,-14.694139,2838,3.55,2021-11-26 07:24:00,0.0545425218465187,6064.85171573288,"moving",29,-14.69295,145.44156,"run_day_11652_liz21_del_07_29.json","07",11652
145.442008,-14.694603,2838,3.55,2021-11-26 07:36:00,0.0538382377801734,5986.53890063869,"moving",29,-14.69295,145.44156,"run_day_11652_liz21_del_07_29.json","07",11652
145.441474,-14.693466,2839,3.55,2021-11-26 07:13:00,0.0589696989057551,6557.13134407715,"moving",29,-14.69295,145.44156,"run_day_11652_liz21_del_07_29.json","07",11652
145.441628,-14.693998,2839,3.55,2021-11-26 07:25:00,0.06143095800984,6830.81086960913,"moving",29,-14.69295,145.44156,"run_day_11652_liz21_del_07_29.json","07",11652
145.441805,-14.694531,2839,3.55,2021-11-26 07:37:00,0.0622495148275527,6921.83023490909,"moving",29,-14.69295,145.44156,"run_day_11652_liz21_del_07_29.json","07",11652
145.441513,-14.693342,2840,3.55,2021-11-26 07:55:00,0.0556193881640905,6184.59378692128,"moving",29,-14.69295,145.44156,"run_day_11652_liz21_del_07_29.json","07",11652
145.441629,-14.693853,2840,3.55,2021-11-26 08:07:00,0.0581743190203914,6468.68913606958,"moving",29,-14.69295,145.44156,"run_day_11652_liz21_del_07_29.json","07",11652
145.441776,-14.694359,2840,3.55,2021-11-26 08:19:00,0.0584439752374053,6498.67353933969,"moving",29,-14.69295,145.44156,"run_day_11652_liz21_del_07_29.json","07",11652
145.441599,-14.693635,2841,3.55,2021-11-26 07:23:00,0.0573414907881234,6376.08286187502,"moving",29,-14.69295,145.44156,"run_day_11652_liz21_del_07_29.json","07",11652
145.441752,-14.694157,2841,3.55,2021-11-26 07:35:00,0.0603315069317551,6708.55748763219,"moving",29,-14.69295,145.44156,"run_day_11652_liz21_del_07_29.json","07",11652
145.441919,-14.694658,2841,3.55,2021-11-26 07:47:00,0.0585328527626082,6508.55626923497,"moving",29,-14.69295,145.44156,"run_day_11652_liz21_del_07_29.json","07",11652
145.441686,-14.693588,2842,3.55,2021-11-26 07:32:00,0.0543163533694141,6039.70292851194,"moving",29,-14.69295,145.44156,"run_day_11652_liz21_del_07_29.json","07",11652
145.441816,-14.694076,2842,3.55,2021-11-26 07:44:00,0.0560356955640922,6230.88505772606,"moving",29,-14.69295,145.44156,"run_day_11652_liz21_del_07_29.json","07",11652
145.441961,-14.694541,2842,3.55,2021-11-26 07:56:00,0.0540065368402689,6005.25290228035,"moving",29,-14.69295,145.44156,"run_day_11652_liz21_del_07_29.json","07",11652
145.441738,-14.693193,2843,3.55,2021-11-26 07:24:00,0.0480156763564672,5339.09961024624,"moving",29,-14.69295,145.44156,"run_day_11652_liz21_del_07_29.json","07",11652
145.441814,-14.693602,2843,3.55,2021-11-26 07:36:00,0.0462075320348826,5138.04313504487,"moving",29,-14.69295,145.44156,"run_day_11652_liz21_del_07_29.json","07",11652
145.441916,-14.693999,2843,3.55,2021-11-26 07:48:00,0.0454872346593288,5057.9497212079,"moving",29,-14.69295,145.44156,"run_day_11652_liz21_del_07_29.json","07",11652
145.442031,-14.694402,2843,3.55,2021-11-26 08:00:00,0.0464873339236269,5169.1556855388,"moving",29,-14.69295,145.44156,"run_day_11652_liz21_del_07_29.json","07",11652
145.441763,-14.69325,2844,3.55,2021-11-26 07:37:00,0.0467361581281515,5196.8236747083,"moving",29,-14.69295,145.44156,"run_day_11652_liz21_del_07_29.json","07",11652
145.441834,-14.693643,2844,3.55,2021-11-26 07:49:00,0.0443618535361941,4932.81304977377,"moving",29,-14.69295,145.44156,"run_day_11652_liz21_del_07_29.json","07",11652
145.44193,-14.694025,2844,3.55,2021-11-26 08:01:00,0.0437134736322978,4860.7164939222,"moving",29,-14.69295,145.44156,"run_day_11652_liz21_del_07_29.json","07",11652
145.442039,-14.694409,2844,3.55,2021-11-26 08:13:00,0.0442791174475657,4923.61321646787,"moving",29,-14.69295,145.44156,"run_day_11652_liz21_del_07_29.json","07",11652
145.441673,-14.693366,2845,3.55,2021-11-26 07:15:00,0.0531838114399639,5913.77001174483,"moving",29,-14.69295,145.44156,"run_day_11652_liz21_del_07_29.json","07",11652
145.441784,-14.693846,2845,3.55,2021-11-26 07:27:00,0.0546925658467087,6081.53584732747,"moving",29,-14.69295,145.44156,"run_day_11652_liz21_del_07_29.json","07",11652
145.44192,-14.694305,2845,3.55,2021-11-26 07:39:00,0.0530933272143257,5903.7086249125,"moving",29,-14.69295,145.44156,"run_day_11652_liz21_del_07_29.json","07",11652
145.44171,-14.693303,2846,3.55,2021-11-26 07:16:00,0.0514913453113898,5725.57636472963,"moving",29,-14.69295,145.44156,"run_day_11652_liz21_del_07_29.json","07",11652
145.441804,-14.69375,2846,3.55,2021-11-26 07:28:00,0.0507220155515372,5640.03079851735,"moving",29,-14.69295,145.44156,"run_day_11652_liz21_del_07_29.json","07",11652
145.441929,-14.694182,2846,3.55,2021-11-26 07:40:00,0.0498822554690835,5546.65373774988,"moving",29,-14.69295,145.44156,"run_day_11652_liz21_del_07_29.json","07",11652
145.442063,-14.694621,2846,3.55,2021-11-26 07:52:00,0.0508978447923261,5659.58211804883,"moving",29,-14.69295,145.44156,"run_day_11652_liz21_del_07_29.json","07",11652
145.441723,-14.693176,2847,3.55,2021-11-26 07:23:00,0.0486204729602834,5406.34992424247,"moving",29,-14.69295,145.44156,"run_day_11652_liz21_del_07_29.json","07",11652
145.4418,-14.693597,2847,3.55,2021-11-26 07:35:00,0.0475400315527065,5286.2103211832,"moving",29,-14.69295,145.44156,"run_day_11652_liz21_del_07_29.json","07",11652
145.441906,-14.694004,2847,3.55,2021-11-26 07:47:00,0.0466703633804678,5189.50763256602,"moving",29,-14.69295,145.44156,"run_day_11652_liz21_del_07_29.json","07",11652
145.442024,-14.694415,2847,3.55,2021-11-26 07:59:00,0.0474307406225242,5274.05772421867,"moving",29,-14.69295,145.44156,"run_day_11652_liz21_del_07_29.json","07",11652
145.441686,-14.693214,2848,3.55,2021-11-26 07:50:00,0.0498623475742142,5544.44008084024,"moving",29,-14.69295,145.44156,"run_day_11652_liz21_del_07_29.json","07",11652
145.441767,-14.693673,2848,3.55,2021-11-26 08:02:00,0.0517767191730418,5757.3084903423,"moving",29,-14.69295,145.44156,"run_day_11652_liz21_del_07_29.json","07",11652
145.441872,-14.694098,2848,3.55,2021-11-26 08:14:00,0.0485885751582737,5402.80305048787,"moving",29,-14.69295,145.44156,"run_day_11652_liz21_del_07_29.json","07",11652
145.441997,-14.69451,2848,3.55,2021-11-26 08:26:00,0.0477444161102779,5308.93684706964,"moving",29,-14.69295,145.44156,"run_day_11652_liz21_del_07_29.json","07",11652
145.441749,-14.693611,2849,3.55,2021-11-26 07:38:00,0.052654999758914,5854.9688356617,"moving",29,-14.69295,145.44156,"run_day_11652_liz21_del_07_29.json","07",11652
145.441865,-14.694057,2849,3.55,2021-11-26 07:50:00,0.0511383324568344,5686.32312626276,"moving",29,-14.69295,145.44156,"run_day_11652_liz21_del_07_29.json","07",11652
145.441996,-14.694493,2849,3.55,2021-11-26 08:02:00,0.0504870020599178,5613.89849055625,"moving",29,-14.69295,145.44156,"run_day_11652_liz21_del_07_29.json","07",11652
145.441618,-14.693471,2850,3.55,2021-11-26 07:50:00,0.054598368677902,6071.06160005189,"moving",29,-14.69295,145.44156,"run_day_11652_liz21_del_07_29.json","07",11652
145.441735,-14.693977,2850,3.55,2021-11-26 08:02:00,0.0576547848709196,6410.91957442972,"moving",29,-14.69295,145.44156,"run_day_11652_liz21_del_07_29.json","07",11652
145.441878,-14.694451,2850,3.55,2021-11-26 08:14:00,0.0549047669260567,6105.13153077947,"moving",29,-14.69295,145.44156,"run_day_11652_liz21_del_07_29.json","07",11652
145.441536,-14.693573,2851,3.55,2021-11-26 07:25:00,0.0577602497174018,6422.64673029789,"moving",29,-14.69295,145.44156,"run_day_11652_liz21_del_07_29.json","07",11652
145.441689,-14.694102,2851,3.55,2021-11-26 07:37:00,0.0610807262140427,6791.86687076685,"moving",29,-14.69295,145.44156,"run_day_11652_liz21_del_07_29.json","07",11652
145.441864,-14.694621,2851,3.55,2021-11-26 07:49:00,0.0607021894491555,6749.77550296295,"moving",29,-14.69295,145.44156,"run_day_11652_liz21_del_07_29.json","07",11652
145.441776,-14.69324,2852,3.55,2021-11-26 07:17:00,0.0464264333110545,5162.3838463912,"moving",29,-14.69295,145.44156,"run_day_11652_liz21_del_07_29.json","07",11652
145.441848,-14.693617,2852,3.55,2021-11-26 07:29:00,0.0426298027369754,4740.21778820999,"moving",29,-14.69295,145.44156,"run_day_11652_liz21_del_07_29.json","07",11652
145.44195,-14.693995,2852,3.55,2021-11-26 07:41:00,0.0434398897436674,4830.29535349482,"moving",29,-14.69295,145.44156,"run_day_11652_liz21_del_07_29.json","07",11652
145.442059,-14.694389,2852,3.55,2021-11-26 07:53:00,0.0453523386229763,5042.94996634103,"moving",29,-14.69295,145.44156,"run_day_11652_liz21_del_07_29.json","07",11652
145.441705,-14.693222,2853,3.55,2021-11-26 07:16:00,0.0503587892594421,5599.64187761246,"moving",29,-14.69295,145.44156,"run_day_11652_liz21_del_07_29.json","07",11652
145.441792,-14.693665,2853,3.55,2021-11-26 07:28:00,0.050140286019673,5575.34542589473,"moving",29,-14.69295,145.44156,"run_day_11652_liz21_del_07_29.json","07",11652
145.44191,-14.694091,2853,3.55,2021-11-26 07:40:00,0.0490398774300178,5452.98557348898,"moving",29,-14.69295,145.44156,"run_day_11652_liz21_del_07_29.json","07",11652
145.442038,-14.694524,2853,3.55,2021-11-26 07:52:00,0.0500770870521724,5568.31802133949,"moving",29,-14.69295,145.44156,"run_day_11652_liz21_del_07_29.json","07",11652
145.441756,-14.693302,2854,3.55,2021-11-26 08:07:00,0.0474492990379346,5276.12132585887,"moving",29,-14.69295,145.44156,"run_day_11652_liz21_del_07_29.json","07",11652
145.441824,-14.693697,2854,3.55,2021-11-26 08:19:00,0.0445268006552337,4951.1543325756,"moving",29,-14.69295,145.44156,"run_day_11652_liz21_del_07_29.json","07",11652
145.441915,-14.694072,2854,3.55,2021-11-26 08:31:00,0.0428314420452775,4762.63905630531,"moving",29,-14.69295,145.44156,"run_day_11652_liz21_del_07_29.json","07",11652
145.442026,-14.694451,2854,3.55,2021-11-26 08:43:00,0.0438013765063066,4870.49084754946,"moving",29,-14.69295,145.44156,"run_day_11652_liz21_del_07_29.json","07",11652
145.441697,-14.69314,2855,3.55,2021-11-26 07:57:00,0.0485629760742949,5399.95656222268,"moving",29,-14.69295,145.44156,"run_day_11652_liz21_del_07_29.json","07",11652
145.44177,-14.693579,2855,3.55,2021-11-26 08:09:00,0.0494420151186186,5497.70124427396,"moving",29,-14.69295,145.44156,"run_day_11652_liz21_del_07_29.json","07",11652
145.441861,-14.693987,2855,3.55,2021-11-26 08:21:00,0.0464113560133755,5160.70732738179,"moving",29,-14.69295,145.44156,"run_day_11652_liz21_del_07_29.json","07",11652
145.441975,-14.694382,2855,3.55,2021-11-26 08:33:00,0.0456014169491859,5070.64621255267,"moving",29,-14.69295,145.44156,"run_day_11652_liz21_del_07_29.json","07",11652
145.44161,-14.693424,2856,3.55,2021-11-26 07:18:00,0.0550181588929283,6117.74014221784,"moving",29,-14.69295,145.44156,"run_day_11652_liz21_del_07_29.json","07",11652
145.441738,-14.69393,2856,3.55,2021-11-26 07:30:00,0.0579245389834534,6440.91486318498,"moving",29,-14.69295,145.44156,"run_day_11652_liz21_del_07_29.json","07",11652
145.441888,-14.694421,2856,3.55,2021-11-26 07:42:00,0.0569306381421576,6330.39813204513,"moving",29,-14.69295,145.44156,"run_day_11652_liz21_del_07_29.json","07",11652
145.441466,-14.693429,2857,3.55,2021-11-26 07:35:00,0.0574352534560586,6386.50879485808,"moving",29,-14.69295,145.44156,"run_day_11652_liz21_del_07_29.json","07",11652
145.441607,-14.693959,2857,3.55,2021-11-26 07:47:00,0.0608533855971371,6766.5877475467,"moving",29,-14.69295,145.44156,"run_day_11652_liz21_del_07_29.json","07",11652
145.44178,-14.694492,2857,3.55,2021-11-26 07:59:00,0.0621192883078056,6907.34970659864,"moving",29,-14.69295,145.44156,"run_day_11652_liz21_del_07_29.json","07",11652
145.441751,-14.693581,2858,3.55,2021-11-26 07:21:00,0.0525843140179181,5847.10893987684,"moving",29,-14.69295,145.44156,"run_day_11652_liz21_del_07_29.json","07",11652
145.441872,-14.694025,2858,3.55,2021-11-26 07:33:00,0.0510571212852306,5677.29285599356,"moving",29,-14.69295,145.44156,"run_day_11652_liz21_del_07_29.json","07",11652
145.442001,-14.694469,2858,3.55,2021-11-26 07:45:00,0.0512831983710945,5702.43148097221,"moving",29,-14.69295,145.44156,"run_day_11652_liz21_del_07_29.json","07",11652
145.441519,-14.693291,2859,3.55,2021-11-26 07:17:00,0.0554463450044599,6165.35226547982,"moving",29,-14.69295,145.44156,"run_day_11652_liz21_del_07_29.json","07",11652
145.441645,-14.693799,2859,3.55,2021-11-26 07:29:00,0.0580900190181437,6459.31540350351,"moving",29,-14.69295,145.44156,"run_day_11652_liz21_del_07_29.json","07",11652
145.441804,-14.694318,2859,3.55,2021-11-26 07:41:00,0.0601908075030396,6692.91242497724,"moving",29,-14.69295,145.44156,"run_day_11652_liz21_del_07_29.json","07",11652
145.441501,-14.693469,2860,3.55,2021-11-26 07:37:00,0.0571947836140123,6359.7697684115,"moving",29,-14.69295,145.44156,"run_day_11652_liz21_del_07_29.json","07",11652
145.441641,-14.693996,2860,3.55,2021-11-26 07:49:00,0.0605035238029089,6727.68489100176,"moving",29,-14.69295,145.44156,"run_day_11652_liz21_del_07_29.json","07",11652
145.441811,-14.694521,2860,3.55,2021-11-26 08:01:00,0.0611739332057463,6802.2310153721,"moving",29,-14.69295,145.44156,"run_day_11652_liz21_del_07_29.json","07",11652
145.441689,-14.693182,2861,3.55,2021-11-26 07:40:00,0.0492063705721002,5471.49876620966,"moving",29,-14.69295,145.44156,"run_day_11652_liz21_del_07_29.json","07",11652
145.44177,-14.693637,2861,3.55,2021-11-26 07:52:00,0.0513383360494123,5708.56251106811,"moving",29,-14.69295,145.44156,"run_day_11652_liz21_del_07_29.json","07",11652
145.441876,-14.694065,2861,3.55,2021-11-26 08:04:00,0.0489380318761484,5441.6608645974,"moving",29,-14.69295,145.44156,"run_day_11652_liz21_del_07_29.json","07",11652
145.442,-14.694479,2861,3.55,2021-11-26 08:16:00,0.0479278055916588,5329.32882699918,"moving",29,-14.69295,145.44156,"run_day_11652_liz21_del_07_29.json","07",11652
145.441494,-14.693342,2862,3.55,2021-11-26 07:27:00,0.055901242828651,6215.93459567152,"moving",29,-14.69295,145.44156,"run_day_11652_liz21_del_07_29.json","07",11652
145.441626,-14.693859,2862,3.55,2021-11-26 07:39:00,0.0592150277773746,6584.41066996068,"moving",29,-14.69295,145.44156,"run_day_11652_liz21_del_07_29.json","07",11652
145.441789,-14.694386,2862,3.55,2021-11-26 07:51:00,0.0611661528716352,6801.36588169134,"moving",29,-14.69295,145.44156,"run_day_11652_liz21_del_07_29.json","07",11652
145.441704,-14.69355,2863,3.55,2021-11-26 07:26:00,0.0536877352117332,5969.80377858116,"moving",29,-14.69295,145.44156,"run_day_11652_liz21_del_07_29.json","07",11652
145.441829,-14.694024,2863,3.55,2021-11-26 07:38:00,0.0543941770430827,6048.35652619672,"moving",29,-14.69295,145.44156,"run_day_11652_liz21_del_07_29.json","07",11652
145.441967,-14.694483,2863,3.55,2021-11-26 07:50:00,0.0531529934978008,5910.34321292666,"moving",29,-14.69295,145.44156,"run_day_11652_liz21_del_07_29.json","07",11652
145.44162,-14.693615,2864,3.55,2021-11-26 07:11:00,0.0576783618031457,6413.5412096791,"moving",29,-14.69295,145.44156,"run_day_11652_liz21_del_07_29.json","07",11652
145.441772,-14.694133,2864,3.55,2021-11-26 07:23:00,0.0598742579678243,6657.71372262961,"moving",29,-14.69295,145.44156,"run_day_11652_liz21_del_07_29.json","07",11652
145.441934,-14.694628,2864,3.55,2021-11-26 07:35:00,0.0577336578058642,6419.68984464512,"moving",29,-14.69295,145.44156,"run_day_11652_liz21_del_07_29.json","07",11652
145.441751,-14.693602,2865,3.55,2021-11-26 08:05:00,0.0518331280651561,5763.58087296305,"moving",29,-14.69295,145.44156,"run_day_11652_liz21_del_07_29.json","07",11652
145.44185,-14.694029,2865,3.55,2021-11-26 08:17:00,0.0486596167807436,5410.70251848713,"moving",29,-14.69295,145.44156,"run_day_11652_liz21_del_07_29.json","07",11652
145.441972,-14.694439,2865,3.55,2021-11-26 08:29:00,0.0474408053917176,5275.17687549083,"moving",29,-14.69295,145.44156,"run_day_11652_liz21_del_07_29.json","07",11652
145.441708,-14.693356,2866,3.55,2021-11-26 07:40:00,0.05099486912563,5670.3707316733,"moving",29,-14.69295,145.44156,"run_day_11652_liz21_del_07_29.json","07",11652
145.4418,-14.693813,2866,3.55,2021-11-26 07:52:00,0.0517705764512103,5756.62545083885,"moving",29,-14.69295,145.44156,"run_day_11652_liz21_del_07_29.json","07",11652
145.441919,-14.694242,2866,3.55,2021-11-26 08:04:00,0.0493899343534717,5491.91012741386,"moving",29,-14.69295,145.44156,"run_day_11652_liz21_del_07_29.json","07",11652
145.442055,-14.694663,2866,3.55,2021-11-26 08:16:00,0.0490452655477189,5453.58470484151,"moving",29,-14.69295,145.44156,"run_day_11652_liz21_del_07_29.json","07",11652
145.441663,-14.693684,2867,3.55,2021-11-26 07:32:00,0.0560813377695054,6235.96023940887,"moving",29,-14.69295,145.44156,"run_day_11652_liz21_del_07_29.json","07",11652
145.441807,-14.694189,2867,3.55,2021-11-26 07:44:00,0.0582503113076156,6477.13909287303,"moving",29,-14.69295,145.44156,"run_day_11652_liz21_del_07_29.json","07",11652
145.441967,-14.694668,2867,3.55,2021-11-26 07:56:00,0.0559735599833614,6223.97589638467,"moving",29,-14.69295,145.44156,"run_day_11652_liz21_del_07_29.json","07",11652
145.441678,-14.69347,2868,3.55,2021-11-26 08:04:00,0.0528930070690307,5881.43404105099,"moving",29,-14.69295,145.44156,"run_day_11652_liz21_del_07_29.json","07",11652
145.441777,-14.693943,2868,3.55,2021-11-26 08:16:00,0.0536622858561873,5966.97393935809,"moving",29,-14.69295,145.44156,"run_day_11652_liz21_del_07_29.json","07",11652
145.441904,-14.69438,2868,3.55,2021-11-26 08:28:00,0.050475664170893,5612.63777481783,"moving",29,-14.69295,145.44156,"run_day_11652_liz21_del_07_29.json","07",11652
145.441603,-14.693498,2869,3.55,2021-11-26 07:19:00,0.0558481872291106,6210.03508217254,"moving",29,-14.69295,145.44156,"run_day_11652_liz21_del_07_29.json","07",11652
145.441742,-14.69401,2869,3.55,2021-11-26 07:31:00,0.0588621343104584,6545.17070679359,"moving",29,-14.69295,145.44156,"run_day_11652_liz21_del_07_29.json","07",11652
145.441897,-14.694506,2869,3.55,2021-11-26 07:43:00,0.057617337450935,6406.7556113115,"moving",29,-14.69295,145.44156,"run_day_11652_liz21_del_07_29.json","07",11652
145.441547,-14.693297,2870,3.55,2021-11-26 07:23:00,0.0542960781122188,6037.4484227754,"moving",29,-14.69295,145.44156,"run_day_11652_liz21_del_07_29.json","07",11652
145.441668,-14.693802,2870,3.55,2021-11-26 07:35:00,0.057641891603539,6409.48590850912,"moving",29,-14.69295,145.44156,"run_day_11652_liz21_del_07_29.json","07",11652
145.44182,-14.694313,2870,3.55,2021-11-26 07:47:00,0.0591258503622497,6574.49459382751,"moving",29,-14.69295,145.44156,"run_day_11652_liz21_del_07_29.json","07",11652
145.441684,-14.693349,2871,3.55,2021-11-26 07:38:00,0.0514226043156887,5717.93271475518,"moving",29,-14.69295,145.44156,"run_day_11652_liz21_del_07_29.json","07",11652
145.441781,-14.693823,2871,3.55,2021-11-26 07:50:00,0.0537290896639666,5974.40218386369,"moving",29,-14.69295,145.44156,"run_day_11652_liz21_del_07_29.json","07",11652
145.441906,-14.694267,2871,3.55,2021-11-26 08:02:00,0.0511684758877643,5689.67492285383,"moving",29,-14.69295,145.44156,"run_day_11652_liz21_del_07_29.json","07",11652
145.441728,-14.69318,2872,3.55,2021-11-26 07:58:00,0.0481606430820695,5355.21917466549,"moving",29,-14.69295,145.44156,"run_day_11652_liz21_del_07_29.json","07",11652
145.441797,-14.693595,2872,3.55,2021-11-26 08:10:00,0.0467388790157404,5197.12622360416,"moving",29,-14.69295,145.44156,"run_day_11652_liz21_del_07_29.json","07",11652
145.441884,-14.693983,2872,3.55,2021-11-26 08:22:00,0.0441467681539998,4908.89664647835,"moving",29,-14.69295,145.44156,"run_day_11652_liz21_del_07_29.json","07",11652
145.441993,-14.694365,2872,3.55,2021-11-26 08:34:00,0.0440647043626052,4899.77156921405,"moving",29,-14.69295,145.44156,"run_day_11652_liz21_del_07_29.json","07",11652
145.441586,-14.693444,2873,3.55,2021-11-26 08:04:00,0.0548817323456776,6102.57020230393,"moving",29,-14.69295,145.44156,"run_day_11652_liz21_del_07_29.json","07",11652
145.441696,-14.693943,2873,3.55,2021-11-26 08:16:00,0.0567336628584791,6308.49547982572,"moving",29,-14.69295,145.44156,"run_day_11652_liz21_del_07_29.json","07",11652
145.441839,-14.694421,2873,3.55,2021-11-26 08:28:00,0.0553318786902251,6152.6241920652,"moving",29,-14.69295,145.44156,"run_day_11652_liz21_del_07_29.json","07",11652
145.441677,-14.693532,2874,3.55,2021-11-26 07:56:00,0.0539355271681479,5997.35698699781,"moving",29,-14.69295,145.44156,"run_day_11652_liz21_del_07_29.json","07",11652
145.441787,-14.694015,2874,3.55,2021-11-26 08:08:00,0.0549949118847957,6115.15519285383,"moving",29,-14.69295,145.44156,"run_day_11652_liz21_del_07_29.json","07",11652
145.441922,-14.69446,2874,3.55,2021-11-26 08:20:00,0.0515682384638408,5734.12649317589,"moving",29,-14.69295,145.44156,"run_day_11652_liz21_del_07_29.json","07",11652
145.441765,-14.693517,2875,3.55,2021-11-26 07:54:00,0.0498057842922821,5538.15053085502,"moving",29,-14.69295,145.44156,"run_day_11652_liz21_del_07_29.json","07",11652
145.441858,-14.693934,2875,3.55,2021-11-26 08:06:00,0.0474349696981936,5274.5279759775,"moving",29,-14.69295,145.44156,"run_day_11652_liz21_del_07_29.json","07",11652
145.441971,-14.694333,2875,3.55,2021-11-26 08:18:00,0.0460014374134737,5115.12645873546,"moving",29,-14.69295,145.44156,"run_day_11652_liz21_del_07_29.json","07",11652
145.441598,-14.693551,2876,3.55,2021-11-26 07:25:00,0.0561366249666761,6242.10789524265,"moving",29,-14.69295,145.44156,"run_day_11652_liz21_del_07_29.json","07",11652
145.441741,-14.694068,2876,3.55,2021-11-26 07:37:00,0.0595097867758018,6617.18637516861,"moving",29,-14.69295,145.44156,"run_day_11652_liz21_del_07_29.json","07",11652
145.441902,-14.694567,2876,3.55,2021-11-26 07:49:00,0.0581257190911509,6463.28507050276,"moving",29,-14.69295,145.44156,"run_day_11652_liz21_del_07_29.json","07",11652
145.441546,-14.693502,2877,3.55,2021-11-26 07:19:00,0.0572253876568146,6363.17278270594,"moving",29,-14.69295,145.44156,"run_day_11652_liz21_del_07_29.json","07",11652
145.441692,-14.694024,2877,3.55,2021-11-26 07:31:00,0.0601305044736334,6686.20703404597,"moving",29,-14.69295,145.44156,"run_day_11652_liz21_del_07_29.json","07",11652
145.441859,-14.69454,2877,3.55,2021-11-26 07:43:00,0.0601224816381861,6685.31493544693,"moving",29,-14.69295,145.44156,"run_day_11652_liz21_del_07_29.json","07",11652
145.441497,-14.693321,2878,3.55,2021-11-26 07:22:00,0.0558746435110242,6212.97688649921,"moving",29,-14.69295,145.44156,"run_day_11652_liz21_del_07_29.json","07",11652
145.441628,-14.693835,2878,3.55,2021-11-26 07:34:00,0.0588653900146382,6545.53272458103,"moving",29,-14.69295,145.44156,"run_day_11652_liz21_del_07_29.json","07",11652
145.44179,-14.69436,2878,3.55,2021-11-26 07:46:00,0.0609222780961816,6774.24824392432,"moving",29,-14.69295,145.44156,"run_day_11652_liz21_del_07_29.json","07",11652
145.441657,-14.693423,2879,3.55,2021-11-26 07:21:00,0.0537272508487771,5974.19771694358,"moving",29,-14.69295,145.44156,"run_day_11652_liz21_del_07_29.json","07",11652
145.441776,-14.693913,2879,3.55,2021-11-26 07:33:00,0.0559687154113999,6223.4372045608,"moving",29,-14.69295,145.44156,"run_day_11652_liz21_del_07_29.json","07",11652
145.441916,-14.694384,2879,3.55,2021-11-26 07:45:00,0.0544945765751213,6059.5204447969,"moving",29,-14.69295,145.44156,"run_day_11652_liz21_del_07_29.json","07",11652
145.441733,-14.693544,2880,3.55,2021-11-26 07:47:00,0.0525986143961747,5848.69906938807,"moving",29,-14.69295,145.44156,"run_day_11652_liz21_del_07_29.json","07",11652
145.441839,-14.693994,2880,3.55,2021-11-26 07:59:00,0.0513201725098555,5706.54281761949,"moving",29,-14.69295,145.44156,"run_day_11652_liz21_del_07_29.json","07",11652
145.441964,-14.694421,2880,3.55,2021-11-26 08:11:00,0.0493470798768253,5487.14492702677,"moving",29,-14.69295,145.44156,"run_day_11652_liz21_del_07_29.json","07",11652
145.441615,-14.693375,2881,3.55,2021-11-26 07:26:00,0.0535138146461683,5950.46469405119,"moving",29,-14.69295,145.44156,"run_day_11652_liz21_del_07_29.json","07",11652
145.441733,-14.693877,2881,3.55,2021-11-26 07:38:00,0.0572445641631756,6365.30511292405,"moving",29,-14.69295,145.44156,"run_day_11652_liz21_del_07_29.json","07",11652
145.441878,-14.694361,2881,3.55,2021-11-26 07:50:00,0.0560325561427677,6230.53597000217,"moving",29,-14.69295,145.44156,"run_day_11652_liz21_del_07_29.json","07",11652
145.441736,-14.693422,2882,3.55,2021-11-26 07:14:00,0.052107970256855,5794.14193030784,"moving",29,-14.69295,145.44156,"run_day_11652_liz21_del_07_29.json","07",11652
145.441841,-14.69386,2882,3.55,2021-11-26 07:26:00,0.0499956511562112,5559.26276286186,"moving",29,-14.69295,145.44156,"run_day_11652_liz21_del_07_29.json","07",11652
145.441967,-14.694293,2882,3.55,2021-11-26 07:38:00,0.0500183777918422,5561.78984944372,"moving",29,-14.69295,145.44156,"run_day_11652_liz21_del_07_29.json","07",11652
145.441706,-14.693151,2883,3.55,2021-11-26 08:01:00,0.0484162390338875,5383.64014777854,"moving",29,-14.69295,145.44156,"run_day_11652_liz21_del_07_29.json","07",11652
145.441777,-14.69358,2883,3.55,2021-11-26 08:13:00,0.048310027991982,5371.83001876501,"moving",29,-14.69295,145.44156,"run_day_11652_liz21_del_07_29.json","07",11652
145.441866,-14.69398,2883,3.55,2021-11-26 08:25:00,0.0454964426390687,5058.97360183962,"moving",29,-14.69295,145.44156,"run_day_11652_liz21_del_07_29.json","07",11652
145.441977,-14.69437,2883,3.55,2021-11-26 08:37:00,0.0449794442992194,5001.48600936472,"moving",29,-14.69295,145.44156,"run_day_11652_liz21_del_07_29.json","07",11652
145.441614,-14.693658,2884,3.55,2021-11-26 07:28:00,0.056967685433047,6334.51760283796,"moving",29,-14.69295,145.44156,"run_day_11652_liz21_del_07_29.json","07",11652
145.441765,-14.694178,2884,3.55,2021-11-26 07:40:00,0.0600590511959044,6678.26179207039,"moving",29,-14.69295,145.44156,"run_day_11652_liz21_del_07_29.json","07",11652
145.441932,-14.694674,2884,3.55,2021-11-26 07:52:00,0.0580039542099466,6449.74543346936,"moving",29,-14.69295,145.44156,"run_day_11652_liz21_del_07_29.json","07",11652
145.441513,-14.69354,2885,3.55,2021-11-26 07:17:00,0.0586200618340576,6518.25347553753,"moving",29,-14.69295,145.44156,"run_day_11652_liz21_del_07_29.json","07",11652
145.441669,-14.694069,2885,3.55,2021-11-26 07:29:00,0.0611684515624264,6801.62148444525,"moving",29,-14.69295,145.44156,"run_day_11652_liz21_del_07_29.json","07",11652
145.441844,-14.694594,2885,3.55,2021-11-26 07:41:00,0.0613368237666999,6820.34361934843,"moving",29,-14.69295,145.44156,"run_day_11652_liz21_del_07_29.json","07",11652
145.441685,-14.693314,2886,3.55,2021-11-26 07:50:00,0.0512331221035222,5696.86325407287,"moving",29,-14.69295,145.44156,"run_day_11652_liz21_del_07_29.json","07",11652
145.441773,-14.693782,2886,3.55,2021-11-26 08:02:00,0.052893004650467,5881.43377211898,"moving",29,-14.69295,145.44156,"run_day_11652_liz21_del_07_29.json","07",11652
145.441889,-14.694214,2886,3.55,2021-11-26 08:14:00,0.0496300986613979,5518.61518001635,"moving",29,-14.69295,145.44156,"run_day_11652_liz21_del_07_29.json","07",11652
145.442024,-14.694634,2886,3.55,2021-11-26 08:26:00,0.0489071019133929,5438.22160965768,"moving",29,-14.69295,145.44156,"run_day_11652_liz21_del_07_29.json","07",11652
145.441661,-14.693274,2887,3.55,2021-11-26 08:07:00,0.050815813944175,5650.46070390609,"moving",29,-14.69295,145.44156,"run_day_11652_liz21_del_07_29.json","07",11652
145.441745,-14.693741,2887,3.55,2021-11-26 08:19:00,0.0527081586890956,5860.87983900375,"moving",29,-14.69295,145.44156,"run_day_11652_liz21_del_07_29.json","07",11652
145.441854,-14.694177,2887,3.55,2021-11-26 08:31:00,0.0498784003151013,5546.22506418562,"moving",29,-14.69295,145.44156,"run_day_11652_liz21_del_07_29.json","07",11652
145.441989,-14.694597,2887,3.55,2021-11-26 08:43:00,0.0489071026434561,5438.221690837,"moving",29,-14.69295,145.44156,"run_day_11652_liz21_del_07_29.json","07",11652
145.441767,-14.693426,2888,3.55,2021-11-26 07:33:00,0.0484347520068443,5385.69869644845,"moving",29,-14.69295,145.44156,"run_day_11652_liz21_del_07_29.json","07",11652
145.441858,-14.693837,2888,3.55,2021-11-26 07:45:00,0.0467374925913143,5196.9720602418,"moving",29,-14.69295,145.44156,"run_day_11652_liz21_del_07_29.json","07",11652
145.441971,-14.694241,2888,3.55,2021-11-26 07:57:00,0.0465378886866226,5174.77711870164,"moving",29,-14.69295,145.44156,"run_day_11652_liz21_del_07_29.json","07",11652
145.442099,-14.69465,2888,3.55,2021-11-26 08:09:00,0.0475169064356548,5283.638925489,"moving",29,-14.69295,145.44156,"run_day_11652_liz21_del_07_29.json","07",11652
145.44158,-14.69324,2889,3.55,2021-11-26 07:19:00,0.0531504268506133,5910.05781478093,"moving",29,-14.69295,145.44156,"run_day_11652_liz21_del_07_29.json","07",11652
145.441691,-14.693735,2889,3.55,2021-11-26 07:31:00,0.05632144327234,6262.65875318353,"moving",29,-14.69295,145.44156,"run_day_11652_liz21_del_07_29.json","07",11652
145.441836,-14.694231,2889,3.55,2021-11-26 07:43:00,0.0573153727757229,6373.17867140205,"moving",29,-14.69295,145.44156,"run_day_11652_liz21_del_07_29.json","07",11652
145.441995,-14.694704,2889,3.55,2021-11-26 07:55:00,0.0553057315371067,6149.71676129224,"moving",29,-14.69295,145.44156,"run_day_11652_liz21_del_07_29.json","07",11652
145.441721,-14.693383,2890,3.55,2021-11-26 07:33:00,0.050885522604757,5658.21195330599,"moving",29,-14.69295,145.44156,"run_day_11652_liz21_del_07_29.json","07",11652
145.441816,-14.69383,2890,3.55,2021-11-26 07:45:00,0.0507435640483543,5642.42688204022,"moving",29,-14.69295,145.44156,"run_day_11652_liz21_del_07_29.json","07",11652
145.441937,-14.694258,2890,3.55,2021-11-26 07:57:00,0.0493388526757397,5486.23010400557,"moving",29,-14.69295,145.44156,"run_day_11652_liz21_del_07_29.json","07",11652
145.441595,-14.693245,2891,3.55,2021-11-26 07:22:00,0.0526690374963842,5856.52976084996,"moving",29,-14.69295,145.44156,"run_day_11652_liz21_del_07_29.json","07",11652
145.441703,-14.693738,2891,3.55,2021-11-26 07:34:00,0.0560363486425737,6230.9576767399,"moving",29,-14.69295,145.44156,"run_day_11652_liz21_del_07_29.json","07",11652
145.441844,-14.694228,2891,3.55,2021-11-26 07:46:00,0.0565567857324798,6288.82764077512,"moving",29,-14.69295,145.44156,"run_day_11652_liz21_del_07_29.json","07",11652
145.442,-14.694695,2891,3.55,2021-11-26 07:58:00,0.0545715749868928,6068.08227754558,"moving",29,-14.69295,145.44156,"run_day_11652_liz21_del_07_29.json","07",11652
145.441753,-14.693214,2892,3.55,2021-11-26 07:57:00,0.0470105398137967,5227.33352611623,"moving",29,-14.69295,145.44156,"run_day_11652_liz21_del_07_29.json","07",11652
145.441819,-14.693608,2892,3.55,2021-11-26 08:09:00,0.044382205112642,4935.07604182399,"moving",29,-14.69295,145.44156,"run_day_11652_liz21_del_07_29.json","07",11652
145.441904,-14.69398,2892,3.55,2021-11-26 08:21:00,0.0423628072647122,4710.52924625725,"moving",29,-14.69295,145.44156,"run_day_11652_liz21_del_07_29.json","07",11652
145.442009,-14.694351,2892,3.55,2021-11-26 08:33:00,0.0427712723035732,4755.94848629027,"moving",29,-14.69295,145.44156,"run_day_11652_liz21_del_07_29.json","07",11652
145.441534,-14.693561,2893,3.55,2021-11-26 07:28:00,0.0575184591350053,6395.76084422497,"moving",29,-14.69295,145.44156,"run_day_11652_liz21_del_07_29.json","07",11652
145.441684,-14.694089,2893,3.55,2021-11-26 07:40:00,0.0608873553280584,6770.36500928464,"moving",29,-14.69295,145.44156,"run_day_11652_liz21_del_07_29.json","07",11652
145.441858,-14.694609,2893,3.55,2021-11-26 07:52:00,0.0607747058905731,6757.83896334691,"moving",29,-14.69295,145.44156,"run_day_11652_liz21_del_07_29.json","07",11652
145.441611,-14.693333,2894,3.55,2021-11-26 08:06:00,0.0528780849241819,5879.77477424915,"moving",29,-14.69295,145.44156,"run_day_11652_liz21_del_07_29.json","07",11652
145.441707,-14.693818,2894,3.55,2021-11-26 08:18:00,0.0549091379409437,6105.61756545919,"moving",29,-14.69295,145.44156,"run_day_11652_liz21_del_07_29.json","07",11652
145.441833,-14.694284,2894,3.55,2021-11-26 08:30:00,0.0535597815094922,5955.57597604657,"moving",29,-14.69295,145.44156,"run_day_11652_liz21_del_07_29.json","07",11652
145.441524,-14.693508,2895,3.55,2021-11-26 08:03:00,0.0570038938013221,6338.54378969222,"moving",29,-14.69295,145.44156,"run_day_11652_liz21_del_07_29.json","07",11652
145.44165,-14.69402,2895,3.55,2021-11-26 08:15:00,0.058522613861847,6507.41775541592,"moving",29,-14.69295,145.44156,"run_day_11652_liz21_del_07_29.json","07",11652
145.441809,-14.69452,2895,3.55,2021-11-26 08:27:00,0.0581682671445004,6468.01619817381,"moving",29,-14.69295,145.44156,"run_day_11652_liz21_del_07_29.json","07",11652
145.441721,-14.69339,2896,3.55,2021-11-26 07:29:00,0.050994868864547,5670.37070264219,"moving",29,-14.69295,145.44156,"run_day_11652_liz21_del_07_29.json","07",11652
145.441819,-14.693837,2896,3.55,2021-11-26 07:41:00,0.0508095230025334,5649.76118311172,"moving",29,-14.69295,145.44156,"run_day_11652_liz21_del_07_29.json","07",11652
145.441943,-14.694267,2896,3.55,2021-11-26 07:53:00,0.0496391234049374,5519.61868571221,"moving",29,-14.69295,145.44156,"run_day_11652_liz21_del_07_29.json","07",11652
145.44147,-14.693433,2897,3.55,2021-11-26 07:53:00,0.0577085536764358,6416.89839281486,"moving",29,-14.69295,145.44156,"run_day_11652_liz21_del_07_29.json","07",11652
145.441602,-14.693958,2897,3.55,2021-11-26 08:05:00,0.0600790166507584,6680.4818493583,"moving",29,-14.69295,145.44156,"run_day_11652_liz21_del_07_29.json","07",11652
145.441765,-14.694476,2897,3.55,2021-11-26 08:17:00,0.0602080695562255,6694.83187771498,"moving",29,-14.69295,145.44156,"run_day_11652_liz21_del_07_29.json","07",11652
145.441729,-14.693229,2898,3.55,2021-11-26 07:56:00,0.0487267804535335,5418.17077815618,"moving",29,-14.69295,145.44156,"run_day_11652_liz21_del_07_29.json","07",11652
145.441801,-14.693648,2898,3.55,2021-11-26 08:08:00,0.0472299030808861,5251.72560850874,"moving",29,-14.69295,145.44156,"run_day_11652_liz21_del_07_29.json","07",11652
145.441894,-14.69404,2898,3.55,2021-11-26 08:20:00,0.0447214494103517,4972.7982866224,"moving",29,-14.69295,145.44156,"run_day_11652_liz21_del_07_29.json","07",11652
145.442007,-14.694428,2898,3.55,2021-11-26 08:32:00,0.0448229211646587,4984.08143089906,"moving",29,-14.69295,145.44156,"run_day_11652_liz21_del_07_29.json","07",11652
145.441665,-14.693311,2899,3.55,2021-11-26 07:45:00,0.0515317710515089,5730.07150193672,"moving",29,-14.69295,145.44156,"run_day_11652_liz21_del_07_29.json","07",11652
145.441759,-14.693792,2899,3.55,2021-11-26 07:57:00,0.0544319906061964,6052.56120257332,"moving",29,-14.69295,145.44156,"run_day_11652_liz21_del_07_29.json","07",11652
145.441881,-14.694239,2899,3.55,2021-11-26 08:09:00,0.0514071037958374,5716.20913558735,"moving",29,-14.69295,145.44156,"run_day_11652_liz21_del_07_29.json","07",11652
145.442022,-14.694669,2899,3.55,2021-11-26 08:21:00,0.0501613298694953,5577.68539523205,"moving",29,-14.69295,145.44156,"run_day_11652_liz21_del_07_29.json","07",11652
145.441708,-14.693292,2900,3.55,2021-11-26 07:20:00,0.0509451679611917,5664.84421433943,"moving",29,-14.69295,145.44156,"run_day_11652_liz21_del_07_29.json","07",11652
145.4418,-14.693739,2900,3.55,2021-11-26 07:32:00,0.0506795744858456,5635.31156733105,"moving",29,-14.69295,145.44156,"run_day_11652_liz21_del_07_29.json","07",11652
145.441922,-14.694171,2900,3.55,2021-11-26 07:44:00,0.0497962545391147,5537.09087065063,"moving",29,-14.69295,145.44156,"run_day_11652_liz21_del_07_29.json","07",11652
145.442056,-14.694605,2900,3.55,2021-11-26 07:56:00,0.0503648727739549,5600.31833356244,"moving",29,-14.69295,145.44156,"run_day_11652_liz21_del_07_29.json","07",11652
145.441525,-14.693327,2901,3.55,2021-11-26 07:20:00,0.0555542809744931,6177.35419774997,"moving",29,-14.69295,145.44156,"run_day_11652_liz21_del_07_29.json","07",11652
145.441653,-14.693837,2901,3.55,2021-11-26 07:32:00,0.0583566700906616,6488.96564995183,"moving",29,-14.69295,145.44156,"run_day_11652_liz21_del_07_29.json","07",11652
145.441812,-14.694355,2901,3.55,2021-11-26 07:44:00,0.0600842027176488,6681.05851368575,"moving",29,-14.69295,145.44156,"run_day_11652_liz21_del_07_29.json","07",11652
145.441545,-14.69364,2902,3.55,2021-11-26 08:01:00,0.0580512659701708,6455.00626117691,"moving",29,-14.69295,145.44156,"run_day_11652_liz21_del_07_29.json","07",11652
145.441682,-14.694159,2902,3.55,2021-11-26 08:13:00,0.0595617144482529,6622.96046889764,"moving",29,-14.69295,145.44156,"run_day_11652_liz21_del_07_29.json","07",11652
145.441851,-14.694655,2902,3.55,2021-11-26 08:25:00,0.0580709302946791,6457.19283429813,"moving",29,-14.69295,145.44156,"run_day_11652_liz21_del_07_29.json","07",11652
145.441551,-14.693345,2903,3.55,2021-11-26 07:40:00,0.0545714728083096,6068.07091580552,"moving",29,-14.69295,145.44156,"run_day_11652_liz21_del_07_29.json","07",11652
145.441669,-14.693856,2903,3.55,2021-11-26 07:52:00,0.0582208347044847,6473.86144415015,"moving",29,-14.69295,145.44156,"run_day_11652_liz21_del_07_29.json","07",11652
145.441818,-14.694363,2903,3.55,2021-11-26 08:04:00,0.0586094871748141,6517.07762707867,"moving",29,-14.69295,145.44156,"run_day_11652_liz21_del_07_29.json","07",11652
145.441741,-14.693422,2904,3.55,2021-11-26 07:15:00,0.0518892111136094,5769.81702342182,"moving",29,-14.69295,145.44156,"run_day_11652_liz21_del_07_29.json","07",11652
145.441843,-14.693856,2904,3.55,2021-11-26 07:27:00,0.0494899402614574,5503.03027701635,"moving",29,-14.69295,145.44156,"run_day_11652_liz21_del_07_29.json","07",11652
145.441968,-14.694286,2904,3.55,2021-11-26 07:39:00,0.0496681302602832,5522.84410086458,"moving",29,-14.69295,145.44156,"run_day_11652_liz21_del_07_29.json","07",11652
145.441521,-14.693407,2905,3.55,2021-11-26 07:54:00,0.0561852415959889,6247.5138177728,"moving",29,-14.69295,145.44156,"run_day_11652_liz21_del_07_29.json","07",11652
145.441642,-14.693923,2905,3.55,2021-11-26 08:06:00,0.0588340978809099,6542.05319806657,"moving",29,-14.69295,145.44156,"run_day_11652_liz21_del_07_29.json","07",11652
145.441795,-14.694428,2905,3.55,2021-11-26 08:18:00,0.0585151392173468,6506.58661286902,"moving",29,-14.69295,145.44156,"run_day_11652_liz21_del_07_29.json","07",11652
145.441671,-14.69352,2906,3.55,2021-11-26 07:23:00,0.0542499880727781,6032.32344422074,"moving",29,-14.69295,145.44156,"run_day_11652_liz21_del_07_29.json","07",11652
145.4418,-14.694011,2906,3.55,2021-11-26 07:35:00,0.0563322018188678,6263.85504897548,"moving",29,-14.69295,145.44156,"run_day_11652_liz21_del_07_29.json","07",11652
145.441943,-14.694482,2906,3.55,2021-11-26 07:47:00,0.0545846181366955,6069.5326096311,"moving",29,-14.69295,145.44156,"run_day_11652_liz21_del_07_29.json","07",11652
145.441761,-14.693216,2907,3.55,2021-11-26 07:35:00,0.0463890403216456,5158.22593567686,"moving",29,-14.69295,145.44156,"run_day_11652_liz21_del_07_29.json","07",11652
145.441831,-14.693606,2907,3.55,2021-11-26 07:47:00,0.0440147599611624,4894.21800515931,"moving",29,-14.69295,145.44156,"run_day_11652_liz21_del_07_29.json","07",11652
145.441925,-14.693985,2907,3.55,2021-11-26 07:59:00,0.0433387119062858,4819.04489128911,"moving",29,-14.69295,145.44156,"run_day_11652_liz21_del_07_29.json","07",11652
145.442032,-14.694367,2907,3.55,2021-11-26 08:11:00,0.0440079591332597,4893.46178759955,"moving",29,-14.69295,145.44156,"run_day_11652_liz21_del_07_29.json","07",11652
145.441695,-14.693596,2908,3.55,2021-11-26 07:28:00,0.0544253949043057,6051.82779398541,"moving",29,-14.69295,145.44156,"run_day_11652_liz21_del_07_29.json","07",11652
145.441826,-14.694079,2908,3.55,2021-11-26 07:40:00,0.0555246781876706,6174.06251804076,"moving",29,-14.69295,145.44156,"run_day_11652_liz21_del_07_29.json","07",11652
145.44197,-14.694544,2908,3.55,2021-11-26 07:52:00,0.0539755745644878,6001.81005429613,"moving",29,-14.69295,145.44156,"run_day_11652_liz21_del_07_29.json","07",11652
145.441671,-14.693612,2909,3.55,2021-11-26 07:45:00,0.0552097801318486,6139.04745182312,"moving",29,-14.69295,145.44156,"run_day_11652_liz21_del_07_29.json","07",11652
145.441798,-14.694108,2909,3.55,2021-11-26 07:57:00,0.0568191117076116,6317.99695833686,"moving",29,-14.69295,145.44156,"run_day_11652_liz21_del_07_29.json","07",11652
145.441946,-14.694571,2909,3.55,2021-11-26 08:09:00,0.0538880943061336,5992.08269338559,"moving",29,-14.69295,145.44156,"run_day_11652_liz21_del_07_29.json","07",11652
145.441473,-14.693509,2910,3.55,2021-11-26 07:50:00,0.0584336419332177,6497.52452833855,"moving",29,-14.69295,145.44156,"run_day_11652_liz21_del_07_29.json","07",11652
145.441613,-14.694041,2910,3.55,2021-11-26 08:02:00,0.0610421603056144,6787.57853740819,"moving",29,-14.69295,145.44156,"run_day_11652_liz21_del_07_29.json","07",11652
145.441786,-14.694563,2910,3.55,2021-11-26 08:14:00,0.0609534076168031,6777.70968868631,"moving",29,-14.69295,145.44156,"run_day_11652_liz21_del_07_29.json","07",11652
145.441627,-14.693622,2911,3.55,2021-11-26 07:23:00,0.0565227067836052,6285.03823455488,"moving",29,-14.69295,145.44156,"run_day_11652_liz21_del_07_29.json","07",11652
145.441774,-14.694135,2911,3.55,2021-11-26 07:35:00,0.0591936939004672,6582.03845108292,"moving",29,-14.69295,145.44156,"run_day_11652_liz21_del_07_29.json","07",11652
145.441935,-14.694627,2911,3.55,2021-11-26 07:47:00,0.0573831666539373,6380.71700671704,"moving",29,-14.69295,145.44156,"run_day_11652_liz21_del_07_29.json","07",11652
145.441659,-14.693396,2912,3.55,2021-11-26 07:34:00,0.0525297680868597,5841.04370907405,"moving",29,-14.69295,145.44156,"run_day_11652_liz21_del_07_29.json","07",11652
145.441768,-14.693886,2912,3.55,2021-11-26 07:46:00,0.055732578092965,6197.17993275938,"moving",29,-14.69295,145.44156,"run_day_11652_liz21_del_07_29.json","07",11652
145.441904,-14.694348,2912,3.55,2021-11-26 07:58:00,0.0534140796670327,5939.37467036231,"moving",29,-14.69295,145.44156,"run_day_11652_liz21_del_07_29.json","07",11652
145.441577,-14.693564,2913,3.55,2021-11-26 07:35:00,0.0565101041141718,6283.63688165171,"moving",29,-14.69295,145.44156,"run_day_11652_liz21_del_07_29.json","07",11652
145.441718,-14.694087,2913,3.55,2021-11-26 07:47:00,0.0600998911826012,6682.80299139531,"moving",29,-14.69295,145.44156,"run_day_11652_liz21_del_07_29.json","07",11652
145.441884,-14.69459,2913,3.55,2021-11-26 07:59:00,0.0587117552569921,6528.44931897452,"moving",29,-14.69295,145.44156,"run_day_11652_liz21_del_07_29.json","07",11652
145.441489,-14.693392,2914,3.55,2021-11-26 07:21:00,0.05708535595566,6347.60196796814,"moving",29,-14.69295,145.44156,"run_day_11652_liz21_del_07_29.json","07",11652
145.441629,-14.693913,2914,3.55,2021-11-26 07:33:00,0.0598575790237312,6655.85910866467,"moving",29,-14.69295,145.44156,"run_day_11652_liz21_del_07_29.json","07",11652
145.441798,-14.694442,2914,3.55,2021-11-26 07:45:00,0.061566683222192,6845.90282464043,"moving",29,-14.69295,145.44156,"run_day_11652_liz21_del_07_29.json","07",11652
145.441608,-14.693356,2915,3.55,2021-11-26 07:57:00,0.0534876177873724,5947.55173625907,"moving",29,-14.69295,145.44156,"run_day_11652_liz21_del_07_29.json","07",11652
145.44171,-14.693852,2915,3.55,2021-11-26 08:09:00,0.0562332680797134,6252.85411910754,"moving",29,-14.69295,145.44156,"run_day_11652_liz21_del_07_29.json","07",11652
145.441842,-14.694323,2915,3.55,2021-11-26 08:21:00,0.0542631124931409,6033.78281318024,"moving",29,-14.69295,145.44156,"run_day_11652_liz21_del_07_29.json","07",11652
145.441583,-14.693335,2916,3.55,2021-11-26 07:56:00,0.0537940688811433,5981.62754315107,"moving",29,-14.69295,145.44156,"run_day_11652_liz21_del_07_29.json","07",11652
145.441688,-14.693834,2916,3.55,2021-11-26 08:08:00,0.0566239539852918,6296.29640971939,"moving",29,-14.69295,145.44156,"run_day_11652_liz21_del_07_29.json","07",11652
145.441822,-14.694317,2916,3.55,2021-11-26 08:20:00,0.055607433153271,6183.26445037017,"moving",29,-14.69295,145.44156,"run_day_11652_liz21_del_07_29.json","07",11652
145.441626,-14.693468,2917,3.55,2021-11-26 07:12:00,0.0557553079591889,6199.7073785668,"moving",29,-14.69295,145.44156,"run_day_11652_liz21_del_07_29.json","07",11652
145.44176,-14.693976,2917,3.55,2021-11-26 07:24:00,0.0582967676345633,6482.30480074015,"moving",29,-14.69295,145.44156,"run_day_11652_liz21_del_07_29.json","07",11652
145.44191,-14.694463,2917,3.55,2021-11-26 07:36:00,0.0565042322931092,6282.98396493939,"moving",29,-14.69295,145.44156,"run_day_11652_liz21_del_07_29.json","07",11652
145.441583,-14.69322,2918,3.55,2021-11-26 08:05:00,0.0521595085661121,5799.87272882507,"moving",29,-14.69295,145.44156,"run_day_11652_liz21_del_07_29.json","07",11652
145.441676,-14.693702,2918,3.55,2021-11-26 08:17:00,0.0545214191613848,6062.50520420742,"moving",29,-14.69295,145.44156,"run_day_11652_liz21_del_07_29.json","07",11652
145.441795,-14.694179,2918,3.55,2021-11-26 08:29:00,0.0545624865051919,6067.07168448954,"moving",29,-14.69295,145.44156,"run_day_11652_liz21_del_07_29.json","07",11652
145.441941,-14.694623,2918,3.55,2021-11-26 08:41:00,0.0518078176461221,5760.76648277522,"moving",29,-14.69295,145.44156,"run_day_11652_liz21_del_07_29.json","07",11652
145.441587,-14.69346,2919,3.55,2021-11-26 07:46:00,0.0551891726166319,6136.75600068028,"moving",29,-14.69295,145.44156,"run_day_11652_liz21_del_07_29.json","07",11652
145.441709,-14.693973,2919,3.55,2021-11-26 07:58:00,0.0585328419093813,6508.55506241121,"moving",29,-14.69295,145.44156,"run_day_11652_liz21_del_07_29.json","07",11652
145.44186,-14.694463,2919,3.55,2021-11-26 08:10:00,0.0568546415098913,6321.94769209505,"moving",29,-14.69295,145.44156,"run_day_11652_liz21_del_07_29.json","07",11652
145.441521,-14.693426,2920,3.55,2021-11-26 07:49:00,0.056426312354303,6274.31966305968,"moving",29,-14.69295,145.44156,"run_day_11652_liz21_del_07_29.json","07",11652
145.441647,-14.693945,2920,3.55,2021-11-26 08:01:00,0.0592800953332006,6591.64585205769,"moving",29,-14.69295,145.44156,"run_day_11652_liz21_del_07_29.json","07",11652
145.441805,-14.694455,2920,3.55,2021-11-26 08:13:00,0.0592010113479696,6582.85211412117,"moving",29,-14.69295,145.44156,"run_day_11652_liz21_del_07_29.json","07",11652
145.441788,-14.693577,2921,3.55,2021-11-26 07:18:00,0.04962419015854,5517.95818447449,"moving",29,-14.69295,145.44156,"run_day_11652_liz21_del_07_29.json","07",11652
145.441901,-14.693994,2921,3.55,2021-11-26 07:30:00,0.0479347444459025,5330.1003923878,"moving",29,-14.69295,145.44156,"run_day_11652_liz21_del_07_29.json","07",11652
145.442022,-14.694423,2921,3.55,2021-11-26 07:42:00,0.0494461155547915,5498.15719197341,"moving",29,-14.69295,145.44156,"run_day_11652_liz21_del_07_29.json","07",11652
145.441475,-14.693545,2922,3.55,2021-11-26 07:47:00,0.0588093944054294,6539.30629692265,"moving",29,-14.69295,145.44156,"run_day_11652_liz21_del_07_29.json","07",11652
145.44162,-14.69408,2922,3.55,2021-11-26 07:59:00,0.0614996662237192,6838.4508744113,"moving",29,-14.69295,145.44156,"run_day_11652_liz21_del_07_29.json","07",11652
145.441798,-14.694605,2922,3.55,2021-11-26 08:11:00,0.0614366112678274,6831.43948321633,"moving",29,-14.69295,145.44156,"run_day_11652_liz21_del_07_29.json","07",11652
145.441672,-14.693625,2923,3.55,2021-11-26 07:13:00,0.056711333377813,6306.01255486103,"moving",29,-14.69295,145.44156,"run_day_11652_liz21_del_07_29.json","07",11652
145.441817,-14.694124,2923,3.55,2021-11-26 07:25:00,0.0576364439252579,6408.88015432228,"moving",29,-14.69295,145.44156,"run_day_11652_liz21_del_07_29.json","07",11652
145.441968,-14.694603,2923,3.55,2021-11-26 07:37:00,0.0556835587175753,6191.72922690876,"moving",29,-14.69295,145.44156,"run_day_11652_liz21_del_07_29.json","07",11652
145.441773,-14.69335,2924,3.55,2021-11-26 07:26:00,0.0473400030037612,5263.96816135641,"moving",29,-14.69295,145.44156,"run_day_11652_liz21_del_07_29.json","07",11652
145.441855,-14.693746,2924,3.55,2021-11-26 07:38:00,0.0449078015808911,4993.51970255558,"moving",29,-14.69295,145.44156,"run_day_11652_liz21_del_07_29.json","07",11652
145.441964,-14.694139,2924,3.55,2021-11-26 07:50:00,0.0452449358399138,5031.00732175698,"moving",29,-14.69295,145.44156,"run_day_11652_liz21_del_07_29.json","07",11652
145.442084,-14.694547,2924,3.55,2021-11-26 08:02:00,0.0471678127843119,5244.82148253584,"moving",29,-14.69295,145.44156,"run_day_11652_liz21_del_07_29.json","07",11652
145.44154,-14.693607,2925,3.55,2021-11-26 07:19:00,0.0587015445603277,6527.31394130794,"moving",29,-14.69295,145.44156,"run_day_11652_liz21_del_07_29.json","07",11652
145.441698,-14.694137,2925,3.55,2021-11-26 07:31:00,0.061334641886257,6820.10100531263,"moving",29,-14.69295,145.44156,"run_day_11652_liz21_del_07_29.json","07",11652
145.441875,-14.694656,2925,3.55,2021-11-26 07:43:00,0.0607692362596352,6757.23076813599,"moving",29,-14.69295,145.44156,"run_day_11652_liz21_del_07_29.json","07",11652
145.44158,-14.69335,2926,3.55,2021-11-26 07:38:00,0.0539095386629115,5994.46719706445,"moving",29,-14.69295,145.44156,"run_day_11652_liz21_del_07_29.json","07",11652
145.441695,-14.693857,2926,3.55,2021-11-26 07:50:00,0.0577168217406624,6417.81775961003,"moving",29,-14.69295,145.44156,"run_day_11652_liz21_del_07_29.json","07",11652
145.441841,-14.694354,2926,3.55,2021-11-26 08:02:00,0.0574516836506603,6388.33574914157,"moving",29,-14.69295,145.44156,"run_day_11652_liz21_del_07_29.json","07",11652
145.44156,-14.693661,2927,3.55,2021-11-26 07:55:00,0.0581596826262273,6467.06164329416,"moving",29,-14.69295,145.44156,"run_day_11652_liz21_del_07_29.json","07",11652
145.441702,-14.694185,2927,3.55,2021-11-26 08:07:00,0.0602346753425338,6697.79030617186,"moving",29,-14.69295,145.44156,"run_day_11652_liz21_del_07_29.json","07",11652
145.441873,-14.694681,2927,3.55,2021-11-26 08:19:00,0.0581386239911483,6464.72002991132,"moving",29,-14.69295,145.44156,"run_day_11652_liz21_del_07_29.json","07",11652
145.441503,-14.693275,2928,3.55,2021-11-26 07:29:00,0.0547989998842241,6093.37077232148,"moving",29,-14.69295,145.44156,"run_day_11652_liz21_del_07_29.json","07",11652
145.441627,-14.693785,2928,3.55,2021-11-26 07:41:00,0.0582566705456504,6477.84620787982,"moving",29,-14.69295,145.44156,"run_day_11652_liz21_del_07_29.json","07",11652
145.441782,-14.694308,2928,3.55,2021-11-26 07:53:00,0.0604974166476448,6727.00580632017,"moving",29,-14.69295,145.44156,"run_day_11652_liz21_del_07_29.json","07",11652
145.44154,-14.693504,2929,3.55,2021-11-26 07:17:00,0.0575749609172883,6402.04355576121,"moving",29,-14.69295,145.44156,"run_day_11652_liz21_del_07_29.json","07",11652
145.441689,-14.694027,2929,3.55,2021-11-26 07:29:00,0.0603227705974472,6707.58605157969,"moving",29,-14.69295,145.44156,"run_day_11652_liz21_del_07_29.json","07",11652
145.441857,-14.694545,2929,3.55,2021-11-26 07:41:00,0.060366859378677,6712.48850037438,"moving",29,-14.69295,145.44156,"run_day_11652_liz21_del_07_29.json","07",11652
145.441496,-14.693496,2930,3.55,2021-11-26 07:26:00,0.0576505532906788,6410.44904417525,"moving",29,-14.69295,145.44156,"run_day_11652_liz21_del_07_29.json","07",11652
145.441645,-14.694025,2930,3.55,2021-11-26 07:38:00,0.0609662217940466,6779.13456018491,"moving",29,-14.69295,145.44156,"run_day_11652_liz21_del_07_29.json","07",11652
145.44182,-14.694555,2930,3.55,2021-11-26 07:50:00,0.0618662091020077,6879.20858287468,"moving",29,-14.69295,145.44156,"run_day_11652_liz21_del_07_29.json","07",11652
145.441691,-14.693352,2931,3.55,2021-11-26 07:48:00,0.0514517867603584,5721.17765454953,"moving",29,-14.69295,145.44156,"run_day_11652_liz21_del_07_29.json","07",11652
145.441783,-14.69382,2931,3.55,2021-11-26 08:00:00,0.0529716854215319,5890.18267468588,"moving",29,-14.69295,145.44156,"run_day_11652_liz21_del_07_29.json","07",11652
145.441901,-14.694252,2931,3.55,2021-11-26 08:12:00,0.0496846135343816,5524.67695731881,"moving",29,-14.69295,145.44156,"run_day_11652_liz21_del_07_29.json","07",11652
145.442039,-14.694673,2931,3.55,2021-11-26 08:24:00,0.0491098535188953,5460.76655955859,"moving",29,-14.69295,145.44156,"run_day_11652_liz21_del_07_29.json","07",11652
145.441735,-14.6936,2932,3.55,2021-11-26 07:51:00,0.0532743435133731,5923.83671900655,"moving",29,-14.69295,145.44156,"run_day_11652_liz21_del_07_29.json","07",11652
145.441844,-14.69405,2932,3.55,2021-11-26 08:03:00,0.0513928196254788,5714.62080831215,"moving",29,-14.69295,145.44156,"run_day_11652_liz21_del_07_29.json","07",11652
145.441973,-14.694478,2932,3.55,2021-11-26 08:15:00,0.0495727700267238,5512.24052668914,"moving",29,-14.69295,145.44156,"run_day_11652_liz21_del_07_29.json","07",11652
145.441765,-14.693238,2933,3.55,2021-11-26 07:52:00,0.0464444444261463,5164.38659101262,"moving",29,-14.69295,145.44156,"run_day_11652_liz21_del_07_29.json","07",11652
145.441832,-14.693626,2933,3.55,2021-11-26 08:04:00,0.0437413468581001,4863.81585522064,"moving",29,-14.69295,145.44156,"run_day_11652_liz21_del_07_29.json","07",11652
145.441918,-14.693994,2933,3.55,2021-11-26 08:16:00,0.0419522028944443,4664.87212342538,"moving",29,-14.69295,145.44156,"run_day_11652_liz21_del_07_29.json","07",11652
145.442022,-14.694363,2933,3.55,2021-11-26 08:28:00,0.0425283983802303,4728.94213820027,"moving",29,-14.69295,145.44156,"run_day_11652_liz21_del_07_29.json","07",11652
145.441733,-14.693325,2934,3.55,2021-11-26 07:59:00,0.0497494591444504,5531.88746017363,"moving",29,-14.69295,145.44156,"run_day_11652_liz21_del_07_29.json","07",11652
145.44181,-14.693749,2934,3.55,2021-11-26 08:11:00,0.0478685495469223,5322.73985545145,"moving",29,-14.69295,145.44156,"run_day_11652_liz21_del_07_29.json","07",11652
145.44191,-14.694145,2934,3.55,2021-11-26 08:23:00,0.0453278024027374,5040.22166313144,"moving",29,-14.69295,145.44156,"run_day_11652_liz21_del_07_29.json","07",11652
145.442031,-14.694541,2934,3.55,2021-11-26 08:35:00,0.0459162253291455,5105.65130726936,"moving",29,-14.69295,145.44156,"run_day_11652_liz21_del_07_29.json","07",11652
145.44154,-14.693523,2935,3.55,2021-11-26 07:55:00,0.057003893611472,6338.54376858185,"moving",29,-14.69295,145.44156,"run_day_11652_liz21_del_07_29.json","07",11652
145.44167,-14.694042,2935,3.55,2021-11-26 08:07:00,0.0593799291395007,6602.74686482588,"moving",29,-14.69295,145.44156,"run_day_11652_liz21_del_07_29.json","07",11652
145.441831,-14.694541,2935,3.55,2021-11-26 08:19:00,0.0581257197059893,6463.28513886966,"moving",29,-14.69295,145.44156,"run_day_11652_liz21_del_07_29.json","07",11652
145.441529,-14.693554,2936,3.55,2021-11-26 07:42:00,0.0575243021815747,6396.41056135962,"moving",29,-14.69295,145.44156,"run_day_11652_liz21_del_07_29.json","07",11652
145.441672,-14.694083,2936,3.55,2021-11-26 07:54:00,0.0607997659797336,6760.62551812282,"moving",29,-14.69295,145.44156,"run_day_11652_liz21_del_07_29.json","07",11652
145.441844,-14.694598,2936,3.55,2021-11-26 08:06:00,0.0601795150008022,6691.65675601932,"moving",29,-14.69295,145.44156,"run_day_11652_liz21_del_07_29.json","07",11652
145.441701,-14.693385,2937,3.55,2021-11-26 08:06:00,0.0512471607787657,5698.42428353676,"moving",29,-14.69295,145.44156,"run_day_11652_liz21_del_07_29.json","07",11652
145.441787,-14.693835,2937,3.55,2021-11-26 08:18:00,0.0508855191263793,5658.21156652804,"moving",29,-14.69295,145.44156,"run_day_11652_liz21_del_07_29.json","07",11652
145.441899,-14.694253,2937,3.55,2021-11-26 08:30:00,0.04801521220846,5339.04799934263,"moving",29,-14.69295,145.44156,"run_day_11652_liz21_del_07_29.json","07",11652
145.442033,-14.694664,2937,3.55,2021-11-26 08:42:00,0.0479199319425586,5328.45331716505,"moving",29,-14.69295,145.44156,"run_day_11652_liz21_del_07_29.json","07",11652
145.441625,-14.693596,2938,3.55,2021-11-26 07:50:00,0.0558832911836424,6213.93846382163,"moving",29,-14.69295,145.44156,"run_day_11652_liz21_del_07_29.json","07",11652
145.441754,-14.694108,2938,3.55,2021-11-26 08:02:00,0.0585981766525056,6515.81995438025,"moving",29,-14.69295,145.44156,"run_day_11652_liz21_del_07_29.json","07",11652
145.441909,-14.694583,2938,3.55,2021-11-26 08:14:00,0.055386249847811,6158.66998894454,"moving",29,-14.69295,145.44156,"run_day_11652_liz21_del_07_29.json","07",11652
145.441618,-14.693552,2939,3.55,2021-11-26 08:04:00,0.0552308358021992,6141.38873554321,"moving",29,-14.69295,145.44156,"run_day_11652_liz21_del_07_29.json","07",11652
145.441735,-14.694051,2939,3.55,2021-11-26 08:16:00,0.0568954407072908,6326.48435585704,"moving",29,-14.69295,145.44156,"run_day_11652_liz21_del_07_29.json","07",11652
145.441882,-14.694518,2939,3.55,2021-11-26 08:28:00,0.0542817584145342,6035.85614504179,"moving",29,-14.69295,145.44156,"run_day_11652_liz21_del_07_29.json","07",11652
145.441689,-14.693168,2940,3.55,2021-11-26 07:47:00,0.0491867351228096,5469.31540386616,"moving",29,-14.69295,145.44156,"run_day_11652_liz21_del_07_29.json","07",11652
145.441767,-14.693621,2940,3.55,2021-11-26 07:59:00,0.0510651822122868,5678.18919018625,"moving",29,-14.69295,145.44156,"run_day_11652_liz21_del_07_29.json","07",11652
145.441868,-14.694043,2940,3.55,2021-11-26 08:11:00,0.048165332973492,5355.74066679819,"moving",29,-14.69295,145.44156,"run_day_11652_liz21_del_07_29.json","07",11652
145.441988,-14.694451,2940,3.55,2021-11-26 08:23:00,0.0471678143369926,5244.82165518606,"moving",29,-14.69295,145.44156,"run_day_11652_liz21_del_07_29.json","07",11652
145.44161,-14.69316,2941,3.55,2021-11-26 07:45:00,0.0508524924866229,5654.53917174301,"moving",29,-14.69295,145.44156,"run_day_11652_liz21_del_07_29.json","07",11652
145.441702,-14.693644,2941,3.55,2021-11-26 07:57:00,0.0547204972319166,6084.64167565674,"moving",29,-14.69295,145.44156,"run_day_11652_liz21_del_07_29.json","07",11652
145.441819,-14.694117,2941,3.55,2021-11-26 08:09:00,0.0540797575185178,6013.39467022711,"moving",29,-14.69295,145.44156,"run_day_11652_liz21_del_07_29.json","07",11652
145.441958,-14.694558,2941,3.55,2021-11-26 08:21:00,0.0512654195173814,5700.45456263775,"moving",29,-14.69295,145.44156,"run_day_11652_liz21_del_07_29.json","07",11652
145.441486,-14.693418,2942,3.55,2021-11-26 07:27:00,0.0569777154115028,6335.6328855566,"moving",29,-14.69295,145.44156,"run_day_11652_liz21_del_07_29.json","07",11652
145.441627,-14.693943,2942,3.55,2021-11-26 07:39:00,0.0603151127231209,6706.73453480572,"moving",29,-14.69295,145.44156,"run_day_11652_liz21_del_07_29.json","07",11652
145.441798,-14.694473,2942,3.55,2021-11-26 07:51:00,0.0617366742386689,6864.8049632478,"moving",29,-14.69295,145.44156,"run_day_11652_liz21_del_07_29.json","07",11652
145.441665,-14.693665,2943,3.55,2021-11-26 07:24:00,0.0562127810970193,6250.5760705697,"moving",29,-14.69295,145.44156,"run_day_11652_liz21_del_07_29.json","07",11652
145.44181,-14.694168,2943,3.55,2021-11-26 07:36:00,0.0580647546819915,6456.50613749835,"moving",29,-14.69295,145.44156,"run_day_11652_liz21_del_07_29.json","07",11652
145.441967,-14.694649,2943,3.55,2021-11-26 07:48:00,0.0560872275116684,6236.61514885665,"moving",29,-14.69295,145.44156,"run_day_11652_liz21_del_07_29.json","07",11652
145.441539,-14.693411,2944,3.55,2021-11-26 07:57:00,0.0557634714074107,6200.61511259298,"moving",29,-14.69295,145.44156,"run_day_11652_liz21_del_07_29.json","07",11652
145.441657,-14.693922,2944,3.55,2021-11-26 08:09:00,0.0582208338689361,6473.86135124139,"moving",29,-14.69295,145.44156,"run_day_11652_liz21_del_07_29.json","07",11652
145.441806,-14.69442,2944,3.55,2021-11-26 08:21:00,0.0576475207001271,6410.11183549132,"moving",29,-14.69295,145.44156,"run_day_11652_liz21_del_07_29.json","07",11652
145.441533,-14.693222,2945,3.55,2021-11-26 07:46:00,0.0536079901248639,5960.93652949647,"moving",29,-14.69295,145.44156,"run_day_11652_liz21_del_07_29.json","07",11652
145.441641,-14.693723,2945,3.55,2021-11-26 07:58:00,0.0569068835858405,6327.75674589798,"moving",29,-14.69295,145.44156,"run_day_11652_liz21_del_07_29.json","07",11652
145.441778,-14.694229,2945,3.55,2021-11-26 08:10:00,0.0581622147308635,6467.34320048343,"moving",29,-14.69295,145.44156,"run_day_11652_liz21_del_07_29.json","07",11652
145.441937,-14.694696,2945,3.55,2021-11-26 08:22:00,0.0546716492910076,6079.21003245063,"moving",29,-14.69295,145.44156,"run_day_11652_liz21_del_07_29.json","07",11652
145.441535,-14.693603,2946,3.55,2021-11-26 07:19:00,0.05870154462321,6527.31394830012,"moving",29,-14.69295,145.44156,"run_day_11652_liz21_del_07_29.json","07",11652
145.441694,-14.694133,2946,3.55,2021-11-26 07:31:00,0.0613645305597646,6823.4244741708,"moving",29,-14.69295,145.44156,"run_day_11652_liz21_del_07_29.json","07",11652
145.441871,-14.694653,2946,3.55,2021-11-26 07:43:00,0.0608748437939153,6768.97379016339,"moving",29,-14.69295,145.44156,"run_day_11652_liz21_del_07_29.json","07",11652
145.441625,-14.693672,2947,3.55,2021-11-26 07:24:00,0.0570517673655523,6343.86708715501,"moving",29,-14.69295,145.44156,"run_day_11652_liz21_del_07_29.json","07",11652
145.441777,-14.694189,2947,3.55,2021-11-26 07:36:00,0.0597672951239126,6645.81999704716,"moving",29,-14.69295,145.44156,"run_day_11652_liz21_del_07_29.json","07",11652
145.441944,-14.694683,2947,3.55,2021-11-26 07:48:00,0.0577925370379681,6426.23691653981,"moving",29,-14.69295,145.44156,"run_day_11652_liz21_del_07_29.json","07",11652
145.441613,-14.693492,2948,3.55,2021-11-26 07:35:00,0.054840363083668,6097.97015024943,"moving",29,-14.69295,145.44156,"run_day_11652_liz21_del_07_29.json","07",11652
145.441741,-14.694003,2948,3.55,2021-11-26 07:47:00,0.0584647297031652,6500.98133063741,"moving",29,-14.69295,145.44156,"run_day_11652_liz21_del_07_29.json","07",11652
145.441894,-14.69449,2948,3.55,2021-11-26 07:59:00,0.0565972101042879,6293.32262583298,"moving",29,-14.69295,145.44156,"run_day_11652_liz21_del_07_29.json","07",11652
145.441663,-14.693294,2949,3.55,2021-11-26 08:06:00,0.0510343285670809,5674.75842137087,"moving",29,-14.69295,145.44156,"run_day_11652_liz21_del_07_29.json","07",11652
145.441748,-14.693762,2949,3.55,2021-11-26 08:18:00,0.0528362161709804,5875.11918130821,"moving",29,-14.69295,145.44156,"run_day_11652_liz21_del_07_29.json","07",11652
145.441859,-14.694198,2949,3.55,2021-11-26 08:30:00,0.0499294006743057,5551.8960453862,"moving",29,-14.69295,145.44156,"run_day_11652_liz21_del_07_29.json","07",11652
145.441995,-14.694618,2949,3.55,2021-11-26 08:42:00,0.0489391435729017,5441.78447963634,"moving",29,-14.69295,145.44156,"run_day_11652_liz21_del_07_29.json","07",11652
145.441568,-14.693191,2950,3.55,2021-11-26 07:17:00,0.052933640684702,5885.95229296486,"moving",29,-14.69295,145.44156,"run_day_11652_liz21_del_07_29.json","07",11652
145.441677,-14.693683,2950,3.55,2021-11-26 07:29:00,0.0559500136349408,6221.3576618993,"moving",29,-14.69295,145.44156,"run_day_11652_liz21_del_07_29.json","07",11652
145.44182,-14.694182,2950,3.55,2021-11-26 07:41:00,0.0575786064711588,6402.44892285642,"moving",29,-14.69295,145.44156,"run_day_11652_liz21_del_07_29.json","07",11652
145.441976,-14.694658,2950,3.55,2021-11-26 07:53:00,0.0555247045649319,6174.0654510584,"moving",29,-14.69295,145.44156,"run_day_11652_liz21_del_07_29.json","07",11652
145.44148,-14.693451,2951,3.55,2021-11-26 07:45:00,0.057626378242328,6407.76090144725,"moving",29,-14.69295,145.44156,"run_day_11652_liz21_del_07_29.json","07",11652
145.441617,-14.693979,2951,3.55,2021-11-26 07:57:00,0.0605318684990025,6730.83667740465,"moving",29,-14.69295,145.44156,"run_day_11652_liz21_del_07_29.json","07",11652
145.441785,-14.694503,2951,3.55,2021-11-26 08:09:00,0.0610037664620171,6783.30933678578,"moving",29,-14.69295,145.44156,"run_day_11652_liz21_del_07_29.json","07",11652
145.441584,-14.693318,2952,3.55,2021-11-26 07:34:00,0.0533672587837986,5934.16842568567,"moving",29,-14.69295,145.44156,"run_day_11652_liz21_del_07_29.json","07",11652
145.441696,-14.693821,2952,3.55,2021-11-26 07:46:00,0.0572136467642431,6361.86725501771,"moving",29,-14.69295,145.44156,"run_day_11652_liz21_del_07_29.json","07",11652
145.441841,-14.694317,2952,3.55,2021-11-26 07:58:00,0.0573153711053392,6373.17848566386,"moving",29,-14.69295,145.44156,"run_day_11652_liz21_del_07_29.json","07",11652
145.441548,-14.693491,2953,3.55,2021-11-26 07:42:00,0.0564018055694486,6271.5946329155,"moving",29,-14.69295,145.44156,"run_day_11652_liz21_del_07_29.json","07",11652
145.441681,-14.694013,2953,3.55,2021-11-26 07:54:00,0.0597805784986899,6647.29704093111,"moving",29,-14.69295,145.44156,"run_day_11652_liz21_del_07_29.json","07",11652
145.441844,-14.694521,2953,3.55,2021-11-26 08:06:00,0.0591451913586545,6576.64521450397,"moving",29,-14.69295,145.44156,"run_day_11652_liz21_del_07_29.json","07",11652
145.441765,-14.693248,2954,3.55,2021-11-26 08:07:00,0.0459705578066278,5111.69280311743,"moving",29,-14.69295,145.44156,"run_day_11652_liz21_del_07_29.json","07",11652
145.441829,-14.693628,2954,3.55,2021-11-26 08:19:00,0.0428111263644666,4760.38005566779,"moving",29,-14.69295,145.44156,"run_day_11652_liz21_del_07_29.json","07",11652
145.441911,-14.693992,2954,3.55,2021-11-26 08:31:00,0.0414247558284136,4606.22268560921,"moving",29,-14.69295,145.44156,"run_day_11652_liz21_del_07_29.json","07",11652
145.442014,-14.694356,2954,3.55,2021-11-26 08:43:00,0.0419637312415025,4666.15401713085,"moving",29,-14.69295,145.44156,"run_day_11652_liz21_del_07_29.json","07",11652
145.441749,-14.693172,2955,3.55,2021-11-26 07:50:00,0.0467912028203059,5202.94436521459,"moving",29,-14.69295,145.44156,"run_day_11652_liz21_del_07_29.json","07",11652
145.441816,-14.693569,2955,3.55,2021-11-26 08:02:00,0.0447287303242877,4973.60788731342,"moving",29,-14.69295,145.44156,"run_day_11652_liz21_del_07_29.json","07",11652
145.4419,-14.693944,2955,3.55,2021-11-26 08:14:00,0.0426656860251525,4744.2078278066,"moving",29,-14.69295,145.44156,"run_day_11652_liz21_del_07_29.json","07",11652
145.442003,-14.694314,2955,3.55,2021-11-26 08:26:00,0.0426075957903527,4737.74848840928,"moving",29,-14.69295,145.44156,"run_day_11652_liz21_del_07_29.json","07",11652
145.441712,-14.693197,2956,3.55,2021-11-26 07:23:00,0.0492063704582188,5471.49875354662,"moving",29,-14.69295,145.44156,"run_day_11652_liz21_del_07_29.json","07",11652
145.441793,-14.69363,2956,3.55,2021-11-26 07:35:00,0.0489292913493805,5440.6889623646,"moving",29,-14.69295,145.44156,"run_day_11652_liz21_del_07_29.json","07",11652
145.441904,-14.694048,2956,3.55,2021-11-26 07:47:00,0.0479883427097416,5336.06024740366,"moving",29,-14.69295,145.44156,"run_day_11652_liz21_del_07_29.json","07",11652
145.442027,-14.694468,2956,3.55,2021-11-26 07:59:00,0.0485395519940158,5397.35192333433,"moving",29,-14.69295,145.44156,"run_day_11652_liz21_del_07_29.json","07",11652
145.441754,-14.693274,2957,3.55,2021-11-26 07:23:00,0.0481251197611844,5351.2691616055,"moving",29,-14.69295,145.44156,"run_day_11652_liz21_del_07_29.json","07",11652
145.441833,-14.693677,2957,3.55,2021-11-26 07:35:00,0.0456100487466379,5071.60602463715,"moving",29,-14.69295,145.44156,"run_day_11652_liz21_del_07_29.json","07",11652
145.441941,-14.694074,2957,3.55,2021-11-26 07:47:00,0.045647180661473,5075.73490518341,"moving",29,-14.69295,145.44156,"run_day_11652_liz21_del_07_29.json","07",11652
145.442059,-14.694482,2957,3.55,2021-11-26 07:59:00,0.0471094039555596,5238.32671710734,"moving",29,-14.69295,145.44156,"run_day_11652_liz21_del_07_29.json","07",11652
145.441501,-14.693505,2958,3.55,2021-11-26 08:04:00,0.0575580035037534,6400.15797740711,"moving",29,-14.69295,145.44156,"run_day_11652_liz21_del_07_29.json","07",11652
145.441628,-14.694021,2958,3.55,2021-11-26 08:16:00,0.0589802110036161,6558.30023602769,"moving",29,-14.69295,145.44156,"run_day_11652_liz21_del_07_29.json","07",11652
145.441791,-14.694526,2958,3.55,2021-11-26 08:28:00,0.0588266818643619,6541.22857465051,"moving",29,-14.69295,145.44156,"run_day_11652_liz21_del_07_29.json","07",11652
145.441635,-14.693504,2959,3.55,2021-11-26 07:26:00,0.0545776969471827,6068.76300847094,"moving",29,-14.69295,145.44156,"run_day_11652_liz21_del_07_29.json","07",11652
145.441767,-14.694008,2959,3.55,2021-11-26 07:38:00,0.0578126951318049,6428.47839430528,"moving",29,-14.69295,145.44156,"run_day_11652_liz21_del_07_29.json","07",11652
145.441916,-14.694491,2959,3.55,2021-11-26 07:50:00,0.056047262300577,6232.171220141,"moving",29,-14.69295,145.44156,"run_day_11652_liz21_del_07_29.json","07",11652
145.441499,-14.69355,2960,3.55,2021-11-26 07:28:00,0.0582157725089382,6473.2985536877,"moving",29,-14.69295,145.44156,"run_day_11652_liz21_del_07_29.json","07",11652
145.441653,-14.694082,2960,3.55,2021-11-26 07:40:00,0.0614309562928034,6830.81067868336,"moving",29,-14.69295,145.44156,"run_day_11652_liz21_del_07_29.json","07",11652
145.441832,-14.694612,2960,3.55,2021-11-26 07:52:00,0.0619984594271468,6893.91414807724,"moving",29,-14.69295,145.44156,"run_day_11652_liz21_del_07_29.json","07",11652
145.441655,-14.693653,2961,3.55,2021-11-26 07:57:00,0.0558851256632845,6214.14244865086,"moving",29,-14.69295,145.44156,"run_day_11652_liz21_del_07_29.json","07",11652
145.441782,-14.694151,2961,3.55,2021-11-26 08:09:00,0.0570350035959686,6342.00304102587,"moving",29,-14.69295,145.44156,"run_day_11652_liz21_del_07_29.json","07",11652
145.441933,-14.694612,2961,3.55,2021-11-26 08:21:00,0.0537722466875239,5979.20102593234,"moving",29,-14.69295,145.44156,"run_day_11652_liz21_del_07_29.json","07",11652
145.441676,-14.693511,2962,3.55,2021-11-26 07:40:00,0.053708310338559,5972.09162829926,"moving",29,-14.69295,145.44156,"run_day_11652_liz21_del_07_29.json","07",11652
145.441793,-14.693999,2962,3.55,2021-11-26 07:52:00,0.0557032486343831,6193.91864576384,"moving",29,-14.69295,145.44156,"run_day_11652_liz21_del_07_29.json","07",11652
145.441933,-14.694459,2962,3.55,2021-11-26 08:04:00,0.053320125589536,5928.92745360711,"moving",29,-14.69295,145.44156,"run_day_11652_liz21_del_07_29.json","07",11652
145.44153,-14.693377,2963,3.55,2021-11-26 07:41:00,0.0555607108557084,6178.06916792004,"moving",29,-14.69295,145.44156,"run_day_11652_liz21_del_07_29.json","07",11652
145.441653,-14.693893,2963,3.55,2021-11-26 07:53:00,0.0588820575305275,6547.38606778769,"moving",29,-14.69295,145.44156,"run_day_11652_liz21_del_07_29.json","07",11652
145.441809,-14.694406,2963,3.55,2021-11-26 08:05:00,0.0594595725901997,6611.60281248407,"moving",29,-14.69295,145.44156,"run_day_11652_liz21_del_07_29.json","07",11652
145.441651,-14.693412,2964,3.55,2021-11-26 07:13:00,0.0544023350941174,6049.26366008308,"moving",29,-14.69295,145.44156,"run_day_11652_liz21_del_07_29.json","07",11652
145.441773,-14.693906,2964,3.55,2021-11-26 07:25:00,0.0564759001401553,6279.83357327,"moving",29,-14.69295,145.44156,"run_day_11652_liz21_del_07_29.json","07",11652
145.441915,-14.69438,2964,3.55,2021-11-26 07:37:00,0.0548747345275988,6101.79208043598,"moving",29,-14.69295,145.44156,"run_day_11652_liz21_del_07_29.json","07",11652
145.441481,-14.69351,2965,3.55,2021-11-26 07:31:00,0.0580274593221926,6452.35908270132,"moving",29,-14.69295,145.44156,"run_day_11652_liz21_del_07_29.json","07",11652
145.441631,-14.694043,2965,3.55,2021-11-26 07:43:00,0.0614236341155025,6829.99648971551,"moving",29,-14.69295,145.44156,"run_day_11652_liz21_del_07_29.json","07",11652
145.441809,-14.694575,2965,3.55,2021-11-26 07:55:00,0.0621766906391047,6913.73255461667,"moving",29,-14.69295,145.44156,"run_day_11652_liz21_del_07_29.json","07",11652
145.441783,-14.693387,2966,3.55,2021-11-26 07:11:00,0.0481251189851194,5351.26907531101,"moving",29,-14.69295,145.44156,"run_day_11652_liz21_del_07_29.json","07",11652
145.441871,-14.693782,2966,3.55,2021-11-26 07:23:00,0.0449302864171214,4996.01990227083,"moving",29,-14.69295,145.44156,"run_day_11652_liz21_del_07_29.json","07",11652
145.441987,-14.694182,2966,3.55,2021-11-26 07:35:00,0.0461947971204532,5136.62707716907,"moving",29,-14.69295,145.44156,"run_day_11652_liz21_del_07_29.json","07",11652
145.44211,-14.694604,2966,3.55,2021-11-26 07:47:00,0.0487535577411081,5421.14827668377,"moving",29,-14.69295,145.44156,"run_day_11652_liz21_del_07_29.json","07",11652
145.441589,-14.693219,2967,3.55,2021-11-26 07:41:00,0.0520096948786714,5783.21420683975,"moving",29,-14.69295,145.44156,"run_day_11652_liz21_del_07_29.json","07",11652
145.44169,-14.693713,2967,3.55,2021-11-26 07:53:00,0.0559942031090883,6226.27130723559,"moving",29,-14.69295,145.44156,"run_day_11652_liz21_del_07_29.json","07",11652
145.44182,-14.694201,2967,3.55,2021-11-26 08:05:00,0.0560356935685682,6230.88483583392,"moving",29,-14.69295,145.44156,"run_day_11652_liz21_del_07_29.json","07",11652
145.44197,-14.694655,2967,3.55,2021-11-26 08:17:00,0.0529979131526678,5893.09906532559,"moving",29,-14.69295,145.44156,"run_day_11652_liz21_del_07_29.json","07",11652
145.441535,-14.693442,2968,3.55,2021-11-26 07:46:00,0.0561852411287397,6247.51376581706,"moving",29,-14.69295,145.44156,"run_day_11652_liz21_del_07_29.json","07",11652
145.441662,-14.693962,2968,3.55,2021-11-26 07:58:00,0.0594129876540486,6606.422803926,"moving",29,-14.69295,145.44156,"run_day_11652_liz21_del_07_29.json","07",11652
145.441821,-14.694471,2968,3.55,2021-11-26 08:10:00,0.0591255254560943,6574.4584659114,"moving",29,-14.69295,145.44156,"run_day_11652_liz21_del_07_29.json","07",11652
145.4415,-14.693546,2969,3.55,2021-11-26 07:21:00,0.0585656456611711,6512.20267318514,"moving",29,-14.69295,145.44156,"run_day_11652_liz21_del_07_29.json","07",11652
145.441657,-14.694077,2969,3.55,2021-11-26 07:33:00,0.0614118296492908,6828.68389296103,"moving",29,-14.69295,145.44156,"run_day_11652_liz21_del_07_29.json","07",11652
145.441835,-14.694606,2969,3.55,2021-11-26 07:45:00,0.0618593981995647,6878.45124507714,"moving",29,-14.69295,145.44156,"run_day_11652_liz21_del_07_29.json","07",11652
145.441768,-14.69361,2970,3.55,2021-11-26 07:45:00,0.0511191859903401,5684.19413632542,"moving",29,-14.69295,145.44156,"run_day_11652_liz21_del_07_29.json","07",11652
145.441876,-14.694039,2970,3.55,2021-11-26 07:57:00,0.0490966256731009,5459.29569021581,"moving",29,-14.69295,145.44156,"run_day_11652_liz21_del_07_29.json","07",11652
145.442,-14.694459,2970,3.55,2021-11-26 08:09:00,0.0485689777748662,5400.62392087745,"moving",29,-14.69295,145.44156,"run_day_11652_liz21_del_07_29.json","07",11652
145.441524,-14.693556,2971,3.55,2021-11-26 07:31:00,0.0575445000045641,6398.65645680531,"moving",29,-14.69295,145.44156,"run_day_11652_liz21_del_07_29.json","07",11652
145.441674,-14.694086,2971,3.55,2021-11-26 07:43:00,0.0611018242934222,6794.2128701558,"moving",29,-14.69295,145.44156,"run_day_11652_liz21_del_07_29.json","07",11652
145.441849,-14.694608,2971,3.55,2021-11-26 07:55:00,0.0610194198294574,6785.04991183005,"moving",29,-14.69295,145.44156,"run_day_11652_liz21_del_07_29.json","07",11652
145.441498,-14.693306,2972,3.55,2021-11-26 07:23:00,0.055524845871415,6174.08116362243,"moving",29,-14.69295,145.44156,"run_day_11652_liz21_del_07_29.json","07",11652
145.441627,-14.693819,2972,3.55,2021-11-26 07:35:00,0.0587062197441483,6527.83379802991,"moving",29,-14.69295,145.44156,"run_day_11652_liz21_del_07_29.json","07",11652
145.441788,-14.694344,2972,3.55,2021-11-26 07:47:00,0.0608916028914176,6770.83731678078,"moving",29,-14.69295,145.44156,"run_day_11652_liz21_del_07_29.json","07",11652
145.44174,-14.693222,2973,3.55,2021-11-26 07:16:00,0.0490387162766178,5452.85645912184,"moving",29,-14.69295,145.44156,"run_day_11652_liz21_del_07_29.json","07",11652
145.441819,-14.693632,2973,3.55,2021-11-26 07:28:00,0.0463750134951359,5156.66622373205,"moving",29,-14.69295,145.44156,"run_day_11652_liz21_del_07_29.json","07",11652
145.441929,-14.694035,2973,3.55,2021-11-26 07:40:00,0.046347144919046,5153.56737945805,"moving",29,-14.69295,145.44156,"run_day_11652_liz21_del_07_29.json","07",11652
145.442046,-14.694449,2973,3.55,2021-11-26 07:52:00,0.0477237689672724,5306.64098951773,"moving",29,-14.69295,145.44156,"run_day_11652_liz21_del_07_29.json","07",11652
145.441735,-14.693567,2974,3.55,2021-11-26 07:34:00,0.0527836100073714,5869.26964280466,"moving",29,-14.69295,145.44156,"run_day_11652_liz21_del_07_29.json","07",11652
145.44185,-14.694019,2974,3.55,2021-11-26 07:46:00,0.0517597877235185,5755.42579905457,"moving",29,-14.69295,145.44156,"run_day_11652_liz21_del_07_29.json","07",11652
145.441981,-14.69446,2974,3.55,2021-11-26 07:58:00,0.0510211225714589,5673.28998165641,"moving",29,-14.69295,145.44156,"run_day_11652_liz21_del_07_29.json","07",11652
145.441581,-14.693532,2975,3.55,2021-11-26 07:28:00,0.0560525222452514,6232.75609930323,"moving",29,-14.69295,145.44156,"run_day_11652_liz21_del_07_29.json","07",11652
145.441722,-14.694052,2975,3.55,2021-11-26 07:40:00,0.0597771616861857,6646.91710871535,"moving",29,-14.69295,145.44156,"run_day_11652_liz21_del_07_29.json","07",11652
145.441885,-14.694555,2975,3.55,2021-11-26 07:52:00,0.0586144347618881,6517.62777366042,"moving",29,-14.69295,145.44156,"run_day_11652_liz21_del_07_29.json","07",11652
145.441487,-14.693423,2976,3.55,2021-11-26 07:40:00,0.0569790631988384,6335.78275267052,"moving",29,-14.69295,145.44156,"run_day_11652_liz21_del_07_29.json","07",11652
145.441623,-14.693949,2976,3.55,2021-11-26 07:52:00,0.0602900067092181,6703.94287343146,"moving",29,-14.69295,145.44156,"run_day_11652_liz21_del_07_29.json","07",11652
145.44179,-14.694475,2976,3.55,2021-11-26 08:04:00,0.0611845497909677,6803.41152578701,"moving",29,-14.69295,145.44156,"run_day_11652_liz21_del_07_29.json","07",11652
145.441487,-14.693333,2977,3.55,2021-11-26 07:32:00,0.0557668834570426,6200.99451520151,"moving",29,-14.69295,145.44156,"run_day_11652_liz21_del_07_29.json","07",11652
145.441617,-14.693851,2977,3.55,2021-11-26 07:44:00,0.0592718696717488,6590.73120023595,"moving",29,-14.69295,145.44156,"run_day_11652_liz21_del_07_29.json","07",11652
145.441778,-14.694379,2977,3.55,2021-11-26 07:56:00,0.0612114864336771,6806.40674379713,"moving",29,-14.69295,145.44156,"run_day_11652_liz21_del_07_29.json","07",11652
145.441716,-14.69319,2978,3.55,2021-11-26 07:19:00,0.0494249963007769,5495.80883807247,"moving",29,-14.69295,145.44156,"run_day_11652_liz21_del_07_29.json","07",11652
145.441797,-14.693618,2978,3.55,2021-11-26 07:31:00,0.0483823025148321,5379.86657903161,"moving",29,-14.69295,145.44156,"run_day_11652_liz21_del_07_29.json","07",11652
145.441908,-14.694033,2978,3.55,2021-11-26 07:43:00,0.0476653190345054,5300.14165353132,"moving",29,-14.69295,145.44156,"run_day_11652_liz21_del_07_29.json","07",11652
145.442029,-14.694453,2978,3.55,2021-11-26 07:55:00,0.0484813632656525,5390.88163195243,"moving",29,-14.69295,145.44156,"run_day_11652_liz21_del_07_29.json","07",11652
145.441693,-14.693334,2979,3.55,2021-11-26 07:46:00,0.0512331219465247,5696.86323661554,"moving",29,-14.69295,145.44156,"run_day_11652_liz21_del_07_29.json","07",11652
145.441783,-14.6938,2979,3.55,2021-11-26 07:58:00,0.0527132989847272,5861.45141379943,"moving",29,-14.69295,145.44156,"run_day_11652_liz21_del_07_29.json","07",11652
145.441901,-14.694231,2979,3.55,2021-11-26 08:10:00,0.0495771162058587,5512.72379975923,"moving",29,-14.69295,145.44156,"run_day_11652_liz21_del_07_29.json","07",11652
145.442036,-14.694652,2979,3.55,2021-11-26 08:22:00,0.049013293808244,5450.0296096159,"moving",29,-14.69295,145.44156,"run_day_11652_liz21_del_07_29.json","07",11652
145.441672,-14.693615,2980,3.55,2021-11-26 07:36:00,0.0550341476384,6119.51800959771,"moving",29,-14.69295,145.44156,"run_day_11652_liz21_del_07_29.json","07",11652
145.441805,-14.694112,2980,3.55,2021-11-26 07:48:00,0.0570853441431301,6347.60065447475,"moving",29,-14.69295,145.44156,"run_day_11652_liz21_del_07_29.json","07",11652
145.441955,-14.694582,2980,3.55,2021-11-26 08:00:00,0.0546952737993451,6081.83695792223,"moving",29,-14.69295,145.44156,"run_day_11652_liz21_del_07_29.json","07",11652
145.441732,-14.693435,2981,3.55,2021-11-26 08:04:00,0.0508281920347318,5651.83708477755,"moving",29,-14.69295,145.44156,"run_day_11652_liz21_del_07_29.json","07",11652
145.441818,-14.693864,2981,3.55,2021-11-26 08:16:00,0.0485911843438642,5403.09317868821,"moving",29,-14.69295,145.44156,"run_day_11652_liz21_del_07_29.json","07",11652
145.441928,-14.694268,2981,3.55,2021-11-26 08:28:00,0.0464546611630947,5165.52264032815,"moving",29,-14.69295,145.44156,"run_day_11652_liz21_del_07_29.json","07",11652
145.442058,-14.69467,2981,3.55,2021-11-26 08:40:00,0.0468362425801113,5207.95255800224,"moving",29,-14.69295,145.44156,"run_day_11652_liz21_del_07_29.json","07",11652
145.441568,-14.693326,2982,3.55,2021-11-26 07:47:00,0.0540180284110898,6006.53070665481,"moving",29,-14.69295,145.44156,"run_day_11652_liz21_del_07_29.json","07",11652
145.441678,-14.693832,2982,3.55,2021-11-26 07:59:00,0.057495143976863,6393.16831692563,"moving",29,-14.69295,145.44156,"run_day_11652_liz21_del_07_29.json","07",11652
145.441819,-14.694327,2982,3.55,2021-11-26 08:11:00,0.0570925918520073,6348.40656293168,"moving",29,-14.69295,145.44156,"run_day_11652_liz21_del_07_29.json","07",11652
145.441648,-14.693296,2983,3.55,2021-11-26 08:01:00,0.0517501299159734,5754.35189985305,"moving",29,-14.69295,145.44156,"run_day_11652_liz21_del_07_29.json","07",11652
145.441737,-14.693773,2983,3.55,2021-11-26 08:13:00,0.0538969025483633,5993.06212523419,"moving",29,-14.69295,145.44156,"run_day_11652_liz21_del_07_29.json","07",11652
145.441854,-14.69422,2983,3.55,2021-11-26 08:25:00,0.0512724650174655,5701.23798650278,"moving",29,-14.69295,145.44156,"run_day_11652_liz21_del_07_29.json","07",11652
145.441994,-14.694646,2983,3.55,2021-11-26 08:37:00,0.0497048573418644,5526.92796600687,"moving",29,-14.69295,145.44156,"run_day_11652_liz21_del_07_29.json","07",11652
145.441522,-14.693521,2984,3.55,2021-11-26 08:00:00,0.057292647197315,6370.65170237802,"moving",29,-14.69295,145.44156,"run_day_11652_liz21_del_07_29.json","07",11652
145.44165,-14.694039,2984,3.55,2021-11-26 08:12:00,0.0592214884998345,6585.12906952068,"moving",29,-14.69295,145.44156,"run_day_11652_liz21_del_07_29.json","07",11652
145.441813,-14.694541,2984,3.55,2021-11-26 08:24:00,0.0585083401494993,6505.83059101847,"moving",29,-14.69295,145.44156,"run_day_11652_liz21_del_07_29.json","07",11652
145.4415,-14.693406,2985,3.55,2021-11-26 07:23:00,0.0568163592988036,6317.69090444136,"moving",29,-14.69295,145.44156,"run_day_11652_liz21_del_07_29.json","07",11652
145.441639,-14.693927,2985,3.55,2021-11-26 07:35:00,0.0598306112336595,6652.86042722588,"moving",29,-14.69295,145.44156,"run_day_11652_liz21_del_07_29.json","07",11652
145.441807,-14.694454,2985,3.55,2021-11-26 07:47:00,0.0613224620211332,6818.74666610365,"moving",29,-14.69295,145.44156,"run_day_11652_liz21_del_07_29.json","07",11652
145.441527,-14.693594,2986,3.55,2021-11-26 07:49:00,0.0580402122133974,6453.77713950335,"moving",29,-14.69295,145.44156,"run_day_11652_liz21_del_07_29.json","07",11652
145.44167,-14.694124,2986,3.55,2021-11-26 08:01:00,0.0609073498153911,6772.58829483689,"moving",29,-14.69295,145.44156,"run_day_11652_liz21_del_07_29.json","07",11652
145.441843,-14.694633,2986,3.55,2021-11-26 08:13:00,0.0595785094455773,6624.82798739312,"moving",29,-14.69295,145.44156,"run_day_11652_liz21_del_07_29.json","07",11652
145.441749,-14.693153,2987,3.55,2021-11-26 07:54:00,0.0465541300086793,5176.58307131635,"moving",29,-14.69295,145.44156,"run_day_11652_liz21_del_07_29.json","07",11652
145.441814,-14.693546,2987,3.55,2021-11-26 08:06:00,0.0442553265459799,4920.96778891123,"moving",29,-14.69295,145.44156,"run_day_11652_liz21_del_07_29.json","07",11652
145.441895,-14.693917,2987,3.55,2021-11-26 08:18:00,0.0421632437179839,4688.33879231787,"moving",29,-14.69295,145.44156,"run_day_11652_liz21_del_07_29.json","07",11652
145.441995,-14.694282,2987,3.55,2021-11-26 08:30:00,0.0419871769897437,4668.76106538665,"moving",29,-14.69295,145.44156,"run_day_11652_liz21_del_07_29.json","07",11652
145.442114,-14.694659,2987,3.55,2021-11-26 08:42:00,0.0438309470428277,4873.77894118876,"moving",29,-14.69295,145.44156,"run_day_11652_liz21_del_07_29.json","07",11652
145.44158,-14.693178,2988,3.55,2021-11-26 08:04:00,0.0518109267771059,5761.1122023669,"moving",29,-14.69295,145.44156,"run_day_11652_liz21_del_07_29.json","07",11652
145.441672,-14.693657,2988,3.55,2021-11-26 08:16:00,0.0541737818745177,6023.84970159532,"moving",29,-14.69295,145.44156,"run_day_11652_liz21_del_07_29.json","07",11652
145.441787,-14.694135,2988,3.55,2021-11-26 08:28:00,0.0545714626714332,6068.06978863629,"moving",29,-14.69295,145.44156,"run_day_11652_liz21_del_07_29.json","07",11652
145.44193,-14.694579,2988,3.55,2021-11-26 08:40:00,0.0517109270560275,5749.9927407171,"moving",29,-14.69295,145.44156,"run_day_11652_liz21_del_07_29.json","07",11652
145.441628,-14.693394,2989,3.55,2021-11-26 07:50:00,0.0534443418101602,5942.73966714749,"moving",29,-14.69295,145.44156,"run_day_11652_liz21_del_07_29.json","07",11652
145.441734,-14.693893,2989,3.55,2021-11-26 08:02:00,0.0566455039226229,6298.69265342012,"moving",29,-14.69295,145.44156,"run_day_11652_liz21_del_07_29.json","07",11652
145.441869,-14.694359,2989,3.55,2021-11-26 08:14:00,0.0538128709588397,5983.71823880129,"moving",29,-14.69295,145.44156,"run_day_11652_liz21_del_07_29.json","07",11652
145.441629,-14.693372,2990,3.55,2021-11-26 07:50:00,0.0532264294060352,5918.50891335586,"moving",29,-14.69295,145.44156,"run_day_11652_liz21_del_07_29.json","07",11652
145.441733,-14.693869,2990,3.55,2021-11-26 08:02:00,0.0563846125501438,6269.68285639511,"moving",29,-14.69295,145.44156,"run_day_11652_liz21_del_07_29.json","07",11652
145.441865,-14.694334,2990,3.55,2021-11-26 08:14:00,0.0536194682650773,5962.21284045551,"moving",29,-14.69295,145.44156,"run_day_11652_liz21_del_07_29.json","07",11652
145.441576,-14.693508,2991,3.55,2021-11-26 07:32:00,0.0558115808183622,6205.96463501465,"moving",29,-14.69295,145.44156,"run_day_11652_liz21_del_07_29.json","07",11652
145.441713,-14.694027,2991,3.55,2021-11-26 07:44:00,0.0595617166506499,6622.960713793,"moving",29,-14.69295,145.44156,"run_day_11652_liz21_del_07_29.json","07",11652
145.441875,-14.694531,2991,3.55,2021-11-26 07:56:00,0.058688525729793,6525.86631340163,"moving",29,-14.69295,145.44156,"run_day_11652_liz21_del_07_29.json","07",11652
145.441476,-14.693504,2992,3.55,2021-11-26 07:15:00,0.0592121106492174,6584.08630010923,"moving",29,-14.69295,145.44156,"run_day_11652_liz21_del_07_29.json","07",11652
145.441633,-14.694037,2992,3.55,2021-11-26 07:27:00,0.0616256779532246,6852.46273943001,"moving",29,-14.69295,145.44156,"run_day_11652_liz21_del_07_29.json","07",11652
145.441812,-14.69457,2992,3.55,2021-11-26 07:39:00,0.0623156393612762,6929.18294758588,"moving",29,-14.69295,145.44156,"run_day_11652_liz21_del_07_29.json","07",11652
145.441653,-14.693413,2993,3.55,2021-11-26 07:47:00,0.0531628156034175,5911.43538124021,"moving",29,-14.69295,145.44156,"run_day_11652_liz21_del_07_29.json","07",11652
145.441759,-14.693906,2993,3.55,2021-11-26 07:59:00,0.0559921486667136,6226.04286366645,"moving",29,-14.69295,145.44156,"run_day_11652_liz21_del_07_29.json","07",11652
145.441892,-14.694364,2993,3.55,2021-11-26 08:11:00,0.0528982723512316,5882.01951371909,"moving",29,-14.69295,145.44156,"run_day_11652_liz21_del_07_29.json","07",11652
145.44164,-14.69324,2994,3.55,2021-11-26 07:44:00,0.0511579509793363,5688.50460643323,"moving",29,-14.69295,145.44156,"run_day_11652_liz21_del_07_29.json","07",11652
145.441733,-14.693726,2994,3.55,2021-11-26 07:56:00,0.0549587094296787,6111.12966351274,"moving",29,-14.69295,145.44156,"run_day_11652_liz21_del_07_29.json","07",11652
145.441854,-14.694185,2994,3.55,2021-11-26 08:08:00,0.0526716622074969,5856.82161540959,"moving",29,-14.69295,145.44156,"run_day_11652_liz21_del_07_29.json","07",11652
145.441995,-14.694621,2994,3.55,2021-11-26 08:20:00,0.0507976779510659,5648.44407348269,"moving",29,-14.69295,145.44156,"run_day_11652_liz21_del_07_29.json","07",11652
145.441714,-14.693184,2995,3.55,2021-11-26 07:34:00,0.0486010767137445,5404.19316003139,"moving",29,-14.69295,145.44156,"run_day_11652_liz21_del_07_29.json","07",11652
145.441791,-14.693616,2995,3.55,2021-11-26 07:46:00,0.0487449374636347,5420.18974556247,"moving",29,-14.69295,145.44156,"run_day_11652_liz21_del_07_29.json","07",11652
145.441895,-14.694028,2995,3.55,2021-11-26 07:58:00,0.0471581992579265,5243.75250717462,"moving",29,-14.69295,145.44156,"run_day_11652_liz21_del_07_29.json","07",11652
145.442013,-14.694436,2995,3.55,2021-11-26 08:10:00,0.0471094046762851,5238.32679724835,"moving",29,-14.69295,145.44156,"run_day_11652_liz21_del_07_29.json","07",11652
145.441741,-14.693557,2996,3.55,2021-11-26 07:47:00,0.0522332655808059,5808.07413466347,"moving",29,-14.69295,145.44156,"run_day_11652_liz21_del_07_29.json","07",11652
145.441847,-14.694001,2996,3.55,2021-11-26 07:59:00,0.0506698917160204,5634.23489245062,"moving",29,-14.69295,145.44156,"run_day_11652_liz21_del_07_29.json","07",11652
145.441972,-14.694426,2996,3.55,2021-11-26 08:11:00,0.0491331404980418,5463.35595349656,"moving",29,-14.69295,145.44156,"run_day_11652_liz21_del_07_29.json","07",11652
145.441483,-14.693381,2997,3.55,2021-11-26 08:07:00,0.0564510131927382,6277.06627097754,"moving",29,-14.69295,145.44156,"run_day_11652_liz21_del_07_29.json","07",11652
145.441602,-14.69389,2997,3.55,2021-11-26 08:19:00,0.0580274431112876,6452.35728013093,"moving",29,-14.69295,145.44156,"run_day_11652_liz21_del_07_29.json","07",11652
145.441753,-14.694396,2997,3.55,2021-11-26 08:31:00,0.0585618315443503,6511.77856274504,"moving",29,-14.69295,145.44156,"run_day_11652_liz21_del_07_29.json","07",11652
145.441684,-14.69329,2998,3.55,2021-11-26 07:35:00,0.0506380154023297,5630.69040808809,"moving",29,-14.69295,145.44156,"run_day_11652_liz21_del_07_29.json","07",11652
145.441776,-14.693759,2998,3.55,2021-11-26 07:47:00,0.0530809275691826,5902.32984728039,"moving",29,-14.69295,145.44156,"run_day_11652_liz21_del_07_29.json","07",11652
145.441898,-14.694199,2998,3.55,2021-11-26 07:59:00,0.0506549145373729,5632.56950616957,"moving",29,-14.69295,145.44156,"run_day_11652_liz21_del_07_29.json","07",11652
145.442035,-14.69463,2998,3.55,2021-11-26 08:11:00,0.0501392096599537,5575.2257401547,"moving",29,-14.69295,145.44156,"run_day_11652_liz21_del_07_29.json","07",11652
145.44152,-14.693261,2999,3.55,2021-11-26 07:49:00,0.0543548953998779,6043.98860676209,"moving",29,-14.69295,145.44156,"run_day_11652_liz21_del_07_29.json","07",11652
145.441632,-14.693768,2999,3.55,2021-11-26 08:01:00,0.0576485322314727,6410.22431264509,"moving",29,-14.69295,145.44156,"run_day_11652_liz21_del_07_29.json","07",11652
145.441772,-14.694275,2999,3.55,2021-11-26 08:13:00,0.0583522221207943,6488.47105826872,"moving",29,-14.69295,145.44156,"run_day_11652_liz21_del_07_29.json","07",11652
145.441613,-14.693539,3000,3.55,2021-11-26 07:46:00,0.0554479413237254,6165.52976808345,"moving",29,-14.69295,145.44156,"run_day_11652_liz21_del_07_29.json","07",11652
145.441741,-14.694052,3000,3.55,2021-11-26 07:58:00,0.0586808882548098,6525.01706493113,"moving",29,-14.69295,145.44156,"run_day_11652_liz21_del_07_29.json","07",11652
145.441893,-14.694532,3000,3.55,2021-11-26 08:10:00,0.0558213363074656,6207.04939590988,"moving",29,-14.69295,145.44156,"run_day_11652_liz21_del_07_29.json","07",11652
145.441643,-14.693483,3001,3.55,2021-11-26 07:29:00,0.0540979203049573,6015.41427993291,"moving",29,-14.69295,145.44156,"run_day_11652_liz21_del_07_29.json","07",11652
145.441768,-14.693984,3001,3.55,2021-11-26 07:41:00,0.0573080892233424,6372.36877732939,"moving",29,-14.69295,145.44156,"run_day_11652_liz21_del_07_29.json","07",11652
145.441914,-14.694461,3001,3.55,2021-11-26 07:53:00,0.0553158105611532,6150.83749763174,"moving",29,-14.69295,145.44156,"run_day_11652_liz21_del_07_29.json","07",11652
145.441532,-14.693301,3002,3.55,2021-11-26 07:19:00,0.0550454299057082,6120.77254048343,"moving",29,-14.69295,145.44156,"run_day_11652_liz21_del_07_29.json","07",11652
145.441657,-14.693808,3002,3.55,2021-11-26 07:31:00,0.057956852432178,6444.50795474555,"moving",29,-14.69295,145.44156,"run_day_11652_liz21_del_07_29.json","07",11652
145.441813,-14.694323,3002,3.55,2021-11-26 07:43:00,0.0596729588167618,6635.33027829361,"moving",29,-14.69295,145.44156,"run_day_11652_liz21_del_07_29.json","07",11652
145.441601,-14.693273,3003,3.55,2021-11-26 07:24:00,0.0526454192555254,5853.90353229018,"moving",29,-14.69295,145.44156,"run_day_11652_liz21_del_07_29.json","07",11652
145.44171,-14.693768,3003,3.55,2021-11-26 07:36:00,0.0562762351947155,6257.63184430832,"moving",29,-14.69295,145.44156,"run_day_11652_liz21_del_07_29.json","07",11652
145.441851,-14.694255,3003,3.55,2021-11-26 07:48:00,0.0562354883925225,6253.10100662747,"moving",29,-14.69295,145.44156,"run_day_11652_liz21_del_07_29.json","07",11652
145.441574,-14.693279,3004,3.55,2021-11-26 07:45:00,0.0533199806064004,5928.91133221799,"moving",29,-14.69295,145.44156,"run_day_11652_liz21_del_07_29.json","07",11652
145.44168,-14.69378,3004,3.55,2021-11-26 07:57:00,0.0568633614352358,6322.91730355408,"moving",29,-14.69295,145.44156,"run_day_11652_liz21_del_07_29.json","07",11652
145.441816,-14.694274,3004,3.55,2021-11-26 08:09:00,0.0568446400887928,6320.83558480966,"moving",29,-14.69295,145.44156,"run_day_11652_liz21_del_07_29.json","07",11652
145.441535,-14.693294,3005,3.55,2021-11-26 08:09:00,0.054103119911551,6015.99244980668,"moving",29,-14.69295,145.44156,"run_day_11652_liz21_del_07_29.json","07",11652
145.44164,-14.693787,3005,3.55,2021-11-26 08:21:00,0.0559703478017546,6223.61871808654,"moving",29,-14.69295,145.44156,"run_day_11652_liz21_del_07_29.json","07",11652
145.441773,-14.69428,3005,3.55,2021-11-26 08:33:00,0.0566548631908776,6299.73335656714,"moving",29,-14.69295,145.44156,"run_day_11652_liz21_del_07_29.json","07",11652
145.441756,-14.693339,3006,3.55,2021-11-26 08:06:00,0.0478881696331777,5324.92150950337,"moving",29,-14.69295,145.44156,"run_day_11652_liz21_del_07_29.json","07",11652
145.441828,-14.693737,3006,3.55,2021-11-26 08:18:00,0.0449280446312836,4995.77062705904,"moving",29,-14.69295,145.44156,"run_day_11652_liz21_del_07_29.json","07",11652
145.441922,-14.694116,3006,3.55,2021-11-26 08:30:00,0.0433387104928359,4819.04473412066,"moving",29,-14.69295,145.44156,"run_day_11652_liz21_del_07_29.json","07",11652
145.442036,-14.694499,3006,3.55,2021-11-26 08:42:00,0.0443176696623241,4927.90002715992,"moving",29,-14.69295,145.44156,"run_day_11652_liz21_del_07_29.json","07",11652
145.4415,-14.693543,3007,3.55,2021-11-26 07:50:00,0.0581152102120179,6462.11653645844,"moving",29,-14.69295,145.44156,"run_day_11652_liz21_del_07_29.json","07",11652
145.44164,-14.694073,3007,3.55,2021-11-26 08:02:00,0.0608266674107377,6763.61682076995,"moving",29,-14.69295,145.44156,"run_day_11652_liz21_del_07_29.json","07",11652
145.441812,-14.694589,3007,3.55,2021-11-26 08:14:00,0.060285335371731,6703.42344440225,"moving",29,-14.69295,145.44156,"run_day_11652_liz21_del_07_29.json","07",11652
145.441595,-14.693223,3008,3.55,2021-11-26 07:23:00,0.0522964000988962,5815.09437277125,"moving",29,-14.69295,145.44156,"run_day_11652_liz21_del_07_29.json","07",11652
145.441701,-14.693713,3008,3.55,2021-11-26 07:35:00,0.055665596061974,6189.73187073683,"moving",29,-14.69295,145.44156,"run_day_11652_liz21_del_07_29.json","07",11652
145.44184,-14.694202,3008,3.55,2021-11-26 07:47:00,0.0563922591379248,6270.53311816249,"moving",29,-14.69295,145.44156,"run_day_11652_liz21_del_07_29.json","07",11652
145.441993,-14.694668,3008,3.55,2021-11-26 07:59:00,0.0543672397130392,6045.36123175853,"moving",29,-14.69295,145.44156,"run_day_11652_liz21_del_07_29.json","07",11652
145.441666,-14.693249,3009,3.55,2021-11-26 07:54:00,0.0508359583171296,5652.70065597908,"moving",29,-14.69295,145.44156,"run_day_11652_liz21_del_07_29.json","07",11652
145.441751,-14.693721,3009,3.55,2021-11-26 08:06:00,0.0532743426450537,5923.83662245383,"moving",29,-14.69295,145.44156,"run_day_11652_liz21_del_07_29.json","07",11652
145.441862,-14.694158,3009,3.55,2021-11-26 08:18:00,0.0500373775150213,5563.90252226889,"moving",29,-14.69295,145.44156,"run_day_11652_liz21_del_07_29.json","07",11652
145.441994,-14.694579,3009,3.55,2021-11-26 08:30:00,0.0489186728826536,5439.50824273584,"moving",29,-14.69295,145.44156,"run_day_11652_liz21_del_07_29.json","07",11652
145.441661,-14.693577,3010,3.55,2021-11-26 07:22:00,0.0553391267313814,6153.43013746989,"moving",29,-14.69295,145.44156,"run_day_11652_liz21_del_07_29.json","07",11652
145.441799,-14.694075,3010,3.55,2021-11-26 07:34:00,0.0573298769049457,6374.79145698702,"moving",29,-14.69295,145.44156,"run_day_11652_liz21_del_07_29.json","07",11652
145.441948,-14.694554,3010,3.55,2021-11-26 07:46:00,0.055621197282331,6184.79495169133,"moving",29,-14.69295,145.44156,"run_day_11652_liz21_del_07_29.json","07",11652
145.441597,-14.693587,3011,3.55,2021-11-26 07:47:00,0.0564301178354702,6274.74281325891,"moving",29,-14.69295,145.44156,"run_day_11652_liz21_del_07_29.json","07",11652
145.441732,-14.694106,3011,3.55,2021-11-26 07:59:00,0.0595088607950703,6617.0834108091,"moving",29,-14.69295,145.44156,"run_day_11652_liz21_del_07_29.json","07",11652
145.441891,-14.694593,3011,3.55,2021-11-26 08:11:00,0.0567882083374113,6314.56066035437,"moving",29,-14.69295,145.44156,"run_day_11652_liz21_del_07_29.json","07",11652
145.441704,-14.693593,3012,3.55,2021-11-26 08:04:00,0.0537309912914639,5974.61363519375,"moving",29,-14.69295,145.44156,"run_day_11652_liz21_del_07_29.json","07",11652
145.441811,-14.694055,3012,3.55,2021-11-26 08:16:00,0.052645410252071,5853.90253115174,"moving",29,-14.69295,145.44156,"run_day_11652_liz21_del_07_29.json","07",11652
145.441944,-14.694488,3012,3.55,2021-11-26 08:28:00,0.0502276011637731,5585.05442693791,"moving",29,-14.69295,145.44156,"run_day_11652_liz21_del_07_29.json","07",11652
145.441489,-14.693497,3013,3.55,2021-11-26 07:25:00,0.0578927915269776,6437.384707091,"moving",29,-14.69295,145.44156,"run_day_11652_liz21_del_07_29.json","07",11652
145.44164,-14.694027,3013,3.55,2021-11-26 07:37:00,0.061130313921662,6797.38077227806,"moving",29,-14.69295,145.44156,"run_day_11652_liz21_del_07_29.json","07",11652
145.441816,-14.694558,3013,3.55,2021-11-26 07:49:00,0.0620048948299969,6894.62973222509,"moving",29,-14.69295,145.44156,"run_day_11652_liz21_del_07_29.json","07",11652
145.441678,-14.69333,3014,3.55,2021-11-26 07:56:00,0.0514714574307053,5723.36493329581,"moving",29,-14.69295,145.44156,"run_day_11652_liz21_del_07_29.json","07",11652
145.441767,-14.693802,3014,3.55,2021-11-26 08:08:00,0.0533498586578941,5932.23361996211,"moving",29,-14.69295,145.44156,"run_day_11652_liz21_del_07_29.json","07",11652
145.441883,-14.694235,3014,3.55,2021-11-26 08:20:00,0.0497377300805951,5530.58324777863,"moving",29,-14.69295,145.44156,"run_day_11652_liz21_del_07_29.json","07",11652
145.44202,-14.694655,3014,3.55,2021-11-26 08:32:00,0.0489713994371785,5445.37116809844,"moving",29,-14.69295,145.44156,"run_day_11652_liz21_del_07_29.json","07",11652
145.441493,-14.693333,3015,3.55,2021-11-26 07:24:00,0.056008965090056,6227.91276462643,"moving",29,-14.69295,145.44156,"run_day_11652_liz21_del_07_29.json","07",11652
145.441625,-14.693849,3015,3.55,2021-11-26 07:36:00,0.0591070824699187,6572.4076994165,"moving",29,-14.69295,145.44156,"run_day_11652_liz21_del_07_29.json","07",11652
145.441788,-14.694375,3015,3.55,2021-11-26 07:48:00,0.0610596320537855,6789.52130716442,"moving",29,-14.69295,145.44156,"run_day_11652_liz21_del_07_29.json","07",11652
145.441636,-14.693197,3016,3.55,2021-11-26 07:36:00,0.0506346577597192,5630.31705526432,"moving",29,-14.69295,145.44156,"run_day_11652_liz21_del_07_29.json","07",11652
145.441728,-14.69368,3016,3.55,2021-11-26 07:48:00,0.0546111389300618,6072.48158730402,"moving",29,-14.69295,145.44156,"run_day_11652_liz21_del_07_29.json","07",11652
145.44185,-14.694143,3016,3.55,2021-11-26 08:00:00,0.0531292279544966,5907.70060508229,"moving",29,-14.69295,145.44156,"run_day_11652_liz21_del_07_29.json","07",11652
145.44199,-14.694584,3016,3.55,2021-11-26 08:12:00,0.051296889394242,5703.95385328679,"moving",29,-14.69295,145.44156,"run_day_11652_liz21_del_07_29.json","07",11652
145.441589,-14.693361,3017,3.55,2021-11-26 07:18:00,0.0546315189894459,6074.74774651226,"moving",29,-14.69295,145.44156,"run_day_11652_liz21_del_07_29.json","07",11652
145.441712,-14.693866,3017,3.55,2021-11-26 07:30:00,0.0576908411158609,6414.92884594105,"moving",29,-14.69295,145.44156,"run_day_11652_liz21_del_07_29.json","07",11652
145.441863,-14.694362,3017,3.55,2021-11-26 07:42:00,0.0574943282464196,6393.07761183881,"moving",29,-14.69295,145.44156,"run_day_11652_liz21_del_07_29.json","07",11652
145.441494,-14.693575,3018,3.55,2021-11-26 07:59:00,0.0585476216298875,6510.19849234872,"moving",29,-14.69295,145.44156,"run_day_11652_liz21_del_07_29.json","07",11652
145.441633,-14.694102,3018,3.55,2021-11-26 08:11:00,0.0604768425154881,6724.71806720423,"moving",29,-14.69295,145.44156,"run_day_11652_liz21_del_07_29.json","07",11652
145.441805,-14.694613,3018,3.55,2021-11-26 08:23:00,0.0597564292541084,6644.61176745135,"moving",29,-14.69295,145.44156,"run_day_11652_liz21_del_07_29.json","07",11652
145.441549,-14.693381,3019,3.55,2021-11-26 07:38:00,0.0549207622681848,6106.91013167405,"moving",29,-14.69295,145.44156,"run_day_11652_liz21_del_07_29.json","07",11652
145.441672,-14.693895,3019,3.55,2021-11-26 07:50:00,0.0586653748994494,6523.29205851982,"moving",29,-14.69295,145.44156,"run_day_11652_liz21_del_07_29.json","07",11652
145.441826,-14.694404,3019,3.55,2021-11-26 08:02:00,0.0589722209017829,6557.41177724047,"moving",29,-14.69295,145.44156,"run_day_11652_liz21_del_07_29.json","07",11652
145.441589,-14.69341,3020,3.55,2021-11-26 07:30:00,0.0543908010818333,6047.98113643324,"moving",29,-14.69295,145.44156,"run_day_11652_liz21_del_07_29.json","07",11652
145.441713,-14.69392,3020,3.55,2021-11-26 07:42:00,0.0582566686590807,6477.84599810284,"moving",29,-14.69295,145.44156,"run_day_11652_liz21_del_07_29.json","07",11652
145.441865,-14.694416,3020,3.55,2021-11-26 07:54:00,0.0575248031922684,6396.46627120696,"moving",29,-14.69295,145.44156,"run_day_11652_liz21_del_07_29.json","07",11652
145.44161,-14.693388,3021,3.55,2021-11-26 07:39:00,0.0536853565667875,5969.53928533091,"moving",29,-14.69295,145.44156,"run_day_11652_liz21_del_07_29.json","07",11652
145.441724,-14.693893,3021,3.55,2021-11-26 07:51:00,0.0574765764098071,6391.10369766887,"moving",29,-14.69295,145.44156,"run_day_11652_liz21_del_07_29.json","07",11652
145.441867,-14.694376,3021,3.55,2021-11-26 08:03:00,0.0558661563035949,6212.03315209169,"moving",29,-14.69295,145.44156,"run_day_11652_liz21_del_07_29.json","07",11652
145.441515,-14.693279,3022,3.55,2021-11-26 07:39:00,0.0545624988726577,6067.07305968899,"moving",29,-14.69295,145.44156,"run_day_11652_liz21_del_07_29.json","07",11652
145.441633,-14.693789,3022,3.55,2021-11-26 07:51:00,0.0581123199458677,6461.79515352589,"moving",29,-14.69295,145.44156,"run_day_11652_liz21_del_07_29.json","07",11652
145.441782,-14.694306,3022,3.55,2021-11-26 08:03:00,0.0596798348228327,6636.09485528427,"moving",29,-14.69295,145.44156,"run_day_11652_liz21_del_07_29.json","07",11652
145.441748,-14.693504,3023,3.55,2021-11-26 07:47:00,0.0512105760229401,5694.35624429642,"moving",29,-14.69295,145.44156,"run_day_11652_liz21_del_07_29.json","07",11652
145.441846,-14.693938,3023,3.55,2021-11-26 07:59:00,0.0493963465893473,5492.62313551167,"moving",29,-14.69295,145.44156,"run_day_11652_liz21_del_07_29.json","07",11652
145.441965,-14.694352,3023,3.55,2021-11-26 08:11:00,0.0477809451315982,5312.99868891575,"moving",29,-14.69295,145.44156,"run_day_11652_liz21_del_07_29.json","07",11652
145.441693,-14.693187,3024,3.55,2021-11-26 08:09:00,0.0487819504344245,5424.30540013433,"moving",29,-14.69295,145.44156,"run_day_11652_liz21_del_07_29.json","07",11652
145.441766,-14.693626,3024,3.55,2021-11-26 08:21:00,0.0494420148508891,5497.7012145038,"moving",29,-14.69295,145.44156,"run_day_11652_liz21_del_07_29.json","07",11652
145.441859,-14.694037,3024,3.55,2021-11-26 08:33:00,0.046783013504831,5202.03375488109,"moving",29,-14.69295,145.44156,"run_day_11652_liz21_del_07_29.json","07",11652
145.441977,-14.694436,3024,3.55,2021-11-26 08:45:00,0.0461464408850176,5131.250109117,"moving",29,-14.69295,145.44156,"run_day_11652_liz21_del_07_29.json","07",11652
145.44153,-14.693506,3025,3.55,2021-11-26 07:51:00,0.0571004155534704,6349.27651884196,"moving",29,-14.69295,145.44156,"run_day_11652_liz21_del_07_29.json","07",11652
145.441662,-14.694029,3025,3.55,2021-11-26 08:03:00,0.0598629477359152,6656.45608222215,"moving",29,-14.69295,145.44156,"run_day_11652_liz21_del_07_29.json","07",11652
145.441825,-14.694536,3025,3.55,2021-11-26 08:15:00,0.0590390027078166,6564.83757526358,"moving",29,-14.69295,145.44156,"run_day_11652_liz21_del_07_29.json","07",11652
145.441725,-14.693422,3026,3.55,2021-11-26 07:34:00,0.0512135851288988,5694.69084161276,"moving",29,-14.69295,145.44156,"run_day_11652_liz21_del_07_29.json","07",11652
145.441824,-14.69387,3026,3.55,2021-11-26 07:46:00,0.0509406783321099,5664.34499036303,"moving",29,-14.69295,145.44156,"run_day_11652_liz21_del_07_29.json","07",11652
145.441947,-14.694299,3026,3.55,2021-11-26 07:58:00,0.0495031725401538,5504.50163927534,"moving",29,-14.69295,145.44156,"run_day_11652_liz21_del_07_29.json","07",11652
145.441627,-14.693541,3027,3.55,2021-11-26 07:26:00,0.0553438407721709,6153.95431488968,"moving",29,-14.69295,145.44156,"run_day_11652_liz21_del_07_29.json","07",11652
145.441764,-14.69405,3027,3.55,2021-11-26 07:38:00,0.0584849802114317,6503.23308441862,"moving",29,-14.69295,145.44156,"run_day_11652_liz21_del_07_29.json","07",11652
145.441918,-14.694538,3027,3.55,2021-11-26 07:50:00,0.0567349176508739,6308.635006374,"moving",29,-14.69295,145.44156,"run_day_11652_liz21_del_07_29.json","07",11652
145.441536,-14.693219,3028,3.55,2021-11-26 07:22:00,0.0537303199905592,5974.5389899389,"moving",29,-14.69295,145.44156,"run_day_11652_liz21_del_07_29.json","07",11652
145.441652,-14.693717,3028,3.55,2021-11-26 07:34:00,0.0567632707056568,6311.78772222074,"moving",29,-14.69295,145.44156,"run_day_11652_liz21_del_07_29.json","07",11652
145.4418,-14.694229,3028,3.55,2021-11-26 07:46:00,0.0591154171946508,6573.33447852169,"moving",29,-14.69295,145.44156,"run_day_11652_liz21_del_07_29.json","07",11652
145.441965,-14.694712,3028,3.55,2021-11-26 07:58:00,0.0565633834441971,6289.56127284554,"moving",29,-14.69295,145.44156,"run_day_11652_liz21_del_07_29.json","07",11652
145.441462,-14.693407,3029,3.55,2021-11-26 07:34:00,0.0572745702536365,6368.64163795174,"moving",29,-14.69295,145.44156,"run_day_11652_liz21_del_07_29.json","07",11652
145.441602,-14.693936,3029,3.55,2021-11-26 07:46:00,0.060718942229119,6751.63832710208,"moving",29,-14.69295,145.44156,"run_day_11652_liz21_del_07_29.json","07",11652
145.441774,-14.69447,3029,3.55,2021-11-26 07:58:00,0.0621933079465941,6915.58031490399,"moving",29,-14.69295,145.44156,"run_day_11652_liz21_del_07_29.json","07",11652
145.44153,-14.69331,3030,3.55,2021-11-26 08:08:00,0.0544992412196156,6060.03912959926,"moving",29,-14.69295,145.44156,"run_day_11652_liz21_del_07_29.json","07",11652
145.441636,-14.693806,3030,3.55,2021-11-26 08:20:00,0.0563187867937951,6262.36336624659,"moving",29,-14.69295,145.44156,"run_day_11652_liz21_del_07_29.json","07",11652
145.441772,-14.694301,3030,3.55,2021-11-26 08:32:00,0.0569520970570281,6332.78425451003,"moving",29,-14.69295,145.44156,"run_day_11652_liz21_del_07_29.json","07",11652
145.441734,-14.693491,3031,3.55,2021-11-26 07:47:00,0.0517767203939202,5757.30862609778,"moving",29,-14.69295,145.44156,"run_day_11652_liz21_del_07_29.json","07",11652
145.441834,-14.693934,3031,3.55,2021-11-26 07:59:00,0.0504199546083672,5606.44315409937,"moving",29,-14.69295,145.44156,"run_day_11652_liz21_del_07_29.json","07",11652
145.441955,-14.694356,3031,3.55,2021-11-26 08:11:00,0.0486956285208952,5414.70684129163,"moving",29,-14.69295,145.44156,"run_day_11652_liz21_del_07_29.json","07",11652
145.441622,-14.693429,3032,3.55,2021-11-26 08:06:00,0.0537290933171036,5974.40259007398,"moving",29,-14.69295,145.44156,"run_day_11652_liz21_del_07_29.json","07",11652
145.441725,-14.693919,3032,3.55,2021-11-26 08:18:00,0.0556004019663347,6182.48261805456,"moving",29,-14.69295,145.44156,"run_day_11652_liz21_del_07_29.json","07",11652
145.441859,-14.69438,3032,3.55,2021-11-26 08:30:00,0.0532485159942237,5920.96482990932,"moving",29,-14.69295,145.44156,"run_day_11652_liz21_del_07_29.json","07",11652
145.441489,-14.693463,3033,3.55,2021-11-26 08:05:00,0.0573414931510408,6376.08312461945,"moving",29,-14.69295,145.44156,"run_day_11652_liz21_del_07_29.json","07",11652
145.441614,-14.693977,3033,3.55,2021-11-26 08:17:00,0.0587142589650296,6528.72771860609,"moving",29,-14.69295,145.44156,"run_day_11652_liz21_del_07_29.json","07",11652
145.441774,-14.694484,3033,3.55,2021-11-26 08:29:00,0.0589439892763382,6554.27256372008,"moving",29,-14.69295,145.44156,"run_day_11652_liz21_del_07_29.json","07",11652
145.441738,-14.693158,3034,3.55,2021-11-26 07:11:00,0.0488914495318293,5436.4811442379,"moving",29,-14.69295,145.44156,"run_day_11652_liz21_del_07_29.json","07",11652
145.441814,-14.693564,3034,3.55,2021-11-26 07:23:00,0.045879246909137,5101.53949456909,"moving",29,-14.69295,145.44156,"run_day_11652_liz21_del_07_29.json","07",11652
145.441919,-14.693958,3034,3.55,2021-11-26 07:35:00,0.0452430356109309,5030.79602593462,"moving",29,-14.69295,145.44156,"run_day_11652_liz21_del_07_29.json","07",11652
145.442033,-14.694366,3034,3.55,2021-11-26 07:47:00,0.0469953221994426,5225.64140460442,"moving",29,-14.69295,145.44156,"run_day_11652_liz21_del_07_29.json","07",11652
145.441518,-14.693373,3035,3.55,2021-11-26 07:37:00,0.0556110773728555,6183.66966909954,"moving",29,-14.69295,145.44156,"run_day_11652_liz21_del_07_29.json","07",11652
145.441645,-14.69389,3035,3.55,2021-11-26 07:49:00,0.059088390133404,6570.32920642893,"moving",29,-14.69295,145.44156,"run_day_11652_liz21_del_07_29.json","07",11652
145.441804,-14.694409,3035,3.55,2021-11-26 08:01:00,0.0601908054792727,6692.91219994463,"moving",29,-14.69295,145.44156,"run_day_11652_liz21_del_07_29.json","07",11652
145.441609,-14.693338,3036,3.55,2021-11-26 07:26:00,0.0532114614245505,5916.84454975266,"moving",29,-14.69295,145.44156,"run_day_11652_liz21_del_07_29.json","07",11652
145.441723,-14.693838,3036,3.55,2021-11-26 07:38:00,0.0569335247608576,6330.71910939973,"moving",29,-14.69295,145.44156,"run_day_11652_liz21_del_07_29.json","07",11652
145.441867,-14.694324,3036,3.55,2021-11-26 07:50:00,0.0562164640022366,6250.98559094517,"moving",29,-14.69295,145.44156,"run_day_11652_liz21_del_07_29.json","07",11652
145.441703,-14.693142,3037,3.55,2021-11-26 07:32:00,0.0482924607844379,5369.8766344108,"moving",29,-14.69295,145.44156,"run_day_11652_liz21_del_07_29.json","07",11652
145.441781,-14.693579,3037,3.55,2021-11-26 07:44:00,0.0493111048091798,5483.14468201889,"moving",29,-14.69295,145.44156,"run_day_11652_liz21_del_07_29.json","07",11652
145.441883,-14.693996,3037,3.55,2021-11-26 07:56:00,0.0476484997240066,5298.27143153419,"moving",29,-14.69295,145.44156,"run_day_11652_liz21_del_07_29.json","07",11652
145.442001,-14.694405,3037,3.55,2021-11-26 08:08:00,0.0472164981554354,5250.23504880658,"moving",29,-14.69295,145.44156,"run_day_11652_liz21_del_07_29.json","07",11652
145.441529,-14.693549,3038,3.55,2021-11-26 07:43:00,0.0574992583193508,6393.62581093675,"moving",29,-14.69295,145.44156,"run_day_11652_liz21_del_07_29.json","07",11652
145.441671,-14.694077,3038,3.55,2021-11-26 07:55:00,0.0606650259398608,6745.64310927308,"moving",29,-14.69295,145.44156,"run_day_11652_liz21_del_07_29.json","07",11652
145.441842,-14.694591,3038,3.55,2021-11-26 08:07:00,0.0600406786526549,6676.21885847148,"moving",29,-14.69295,145.44156,"run_day_11652_liz21_del_07_29.json","07",11652
145.441558,-14.693483,3039,3.55,2021-11-26 07:53:00,0.0561503006705485,6243.62856413156,"moving",29,-14.69295,145.44156,"run_day_11652_liz21_del_07_29.json","07",11652
145.441682,-14.693998,3039,3.55,2021-11-26 08:05:00,0.058798013723603,6538.04082284179,"moving",29,-14.69295,145.44156,"run_day_11652_liz21_del_07_29.json","07",11652
145.441837,-14.694493,3039,3.55,2021-11-26 08:17:00,0.0575109083028501,6394.92122999736,"moving",29,-14.69295,145.44156,"run_day_11652_liz21_del_07_29.json","07",11652
145.441614,-14.69357,3040,3.55,2021-11-26 07:31:00,0.0557161478266719,6195.35297050417,"moving",29,-14.69295,145.44156,"run_day_11652_liz21_del_07_29.json","07",11652
145.441754,-14.694085,3040,3.55,2021-11-26 07:43:00,0.0592121004673302,6584.08516793502,"moving",29,-14.69295,145.44156,"run_day_11652_liz21_del_07_29.json","07",11652
145.441912,-14.694576,3040,3.55,2021-11-26 07:55:00,0.0571804385711216,6358.17467241956,"moving",29,-14.69295,145.44156,"run_day_11652_liz21_del_07_29.json","07",11652
145.441653,-14.693503,3041,3.55,2021-11-26 07:37:00,0.0540105987546715,6005.70456655439,"moving",29,-14.69295,145.44156,"run_day_11652_liz21_del_07_29.json","07",11652
145.441776,-14.694002,3041,3.55,2021-11-26 07:49:00,0.0570416541853947,6342.74255282925,"moving",29,-14.69295,145.44156,"run_day_11652_liz21_del_07_29.json","07",11652
145.44192,-14.694472,3041,3.55,2021-11-26 08:01:00,0.0545084027505016,6061.05784535408,"moving",29,-14.69295,145.44156,"run_day_11652_liz21_del_07_29.json","07",11652
145.441677,-14.693401,3042,3.55,2021-11-26 07:53:00,0.0524749824745301,5834.95182692988,"moving",29,-14.69295,145.44156,"run_day_11652_liz21_del_07_29.json","07",11652
145.441775,-14.693879,3042,3.55,2021-11-26 08:05:00,0.0541862919855232,6025.2407624709,"moving",29,-14.69295,145.44156,"run_day_11652_liz21_del_07_29.json","07",11652
145.441899,-14.694319,3042,3.55,2021-11-26 08:17:00,0.0507110639581484,5638.81303689384,"moving",29,-14.69295,145.44156,"run_day_11652_liz21_del_07_29.json","07",11652
145.441729,-14.693573,3043,3.55,2021-11-26 07:44:00,0.05318340364244,5913.72466672907,"moving",29,-14.69295,145.44156,"run_day_11652_liz21_del_07_29.json","07",11652
145.441841,-14.694028,3043,3.55,2021-11-26 07:56:00,0.0520080816744868,5783.03482671878,"moving",29,-14.69295,145.44156,"run_day_11652_liz21_del_07_29.json","07",11652
145.441971,-14.694463,3043,3.55,2021-11-26 08:08:00,0.0503502599071698,5598.69345691221,"moving",29,-14.69295,145.44156,"run_day_11652_liz21_del_07_29.json","07",11652
145.441714,-14.693453,3044,3.55,2021-11-26 07:12:00,0.0536272587200104,5963.07909952032,"moving",29,-14.69295,145.44156,"run_day_11652_liz21_del_07_29.json","07",11652
145.441829,-14.693914,3044,3.55,2021-11-26 07:24:00,0.0527320901152912,5863.54089218407,"moving",29,-14.69295,145.44156,"run_day_11652_liz21_del_07_29.json","07",11652
145.44196,-14.694363,3044,3.55,2021-11-26 07:36:00,0.0518766713592175,5768.42266635207,"moving",29,-14.69295,145.44156,"run_day_11652_liz21_del_07_29.json","07",11652
145.441609,-14.693281,3045,3.55,2021-11-26 07:37:00,0.0523356715342465,5819.46115714426,"moving",29,-14.69295,145.44156,"run_day_11652_liz21_del_07_29.json","07",11652
145.441713,-14.693778,3045,3.55,2021-11-26 07:49:00,0.0563846134743912,6269.68295916673,"moving",29,-14.69295,145.44156,"run_day_11652_liz21_del_07_29.json","07",11652
145.441847,-14.694259,3045,3.55,2021-11-26 08:01:00,0.0553926740401499,6159.38432654042,"moving",29,-14.69295,145.44156,"run_day_11652_liz21_del_07_29.json","07",11652
145.441712,-14.693529,3046,3.55,2021-11-26 07:23:00,0.0535581685338112,5955.39662133406,"moving",29,-14.69295,145.44156,"run_day_11652_liz21_del_07_29.json","07",11652
145.441833,-14.693995,3046,3.55,2021-11-26 07:35:00,0.0534262409124912,5940.72693915898,"moving",29,-14.69295,145.44156,"run_day_11652_liz21_del_07_29.json","07",11652
145.441968,-14.69445,3046,3.55,2021-11-26 07:47:00,0.0526361287770321,5852.87047821564,"moving",29,-14.69295,145.44156,"run_day_11652_liz21_del_07_29.json","07",11652
145.441712,-14.69334,3047,3.55,2021-11-26 07:50:00,0.0508278568307355,5651.79981179377,"moving",29,-14.69295,145.44156,"run_day_11652_liz21_del_07_29.json","07",11652
145.441797,-14.69379,3047,3.55,2021-11-26 08:02:00,0.0508660773434075,5656.04973889665,"moving",29,-14.69295,145.44156,"run_day_11652_liz21_del_07_29.json","07",11652
145.441908,-14.694207,3047,3.55,2021-11-26 08:14:00,0.0478806498248432,5324.08534496724,"moving",29,-14.69295,145.44156,"run_day_11652_liz21_del_07_29.json","07",11652
145.442039,-14.694618,3047,3.55,2021-11-26 08:26:00,0.0478238729781985,5317.77204766947,"moving",29,-14.69295,145.44156,"run_day_11652_liz21_del_07_29.json","07",11652
145.441685,-14.693213,3048,3.55,2021-11-26 07:28:00,0.0497443423519556,5531.31849880752,"moving",29,-14.69295,145.44156,"run_day_11652_liz21_del_07_29.json","07",11652
145.441772,-14.693673,3048,3.55,2021-11-26 07:40:00,0.0519985849003109,5781.97883361093,"moving",29,-14.69295,145.44156,"run_day_11652_liz21_del_07_29.json","07",11652
145.441889,-14.694109,3048,3.55,2021-11-26 07:52:00,0.0500876358220372,5569.4909910308,"moving",29,-14.69295,145.44156,"run_day_11652_liz21_del_07_29.json","07",11652
145.44202,-14.69454,3048,3.55,2021-11-26 08:04:00,0.0499533582042136,5554.5600011669,"moving",29,-14.69295,145.44156,"run_day_11652_liz21_del_07_29.json","07",11652
145.441534,-14.6935,3049,3.55,2021-11-26 07:45:00,0.0568839019221924,6325.20130149446,"moving",29,-14.69295,145.44156,"run_day_11652_liz21_del_07_29.json","07",11652
145.441668,-14.694024,3049,3.55,2021-11-26 07:57:00,0.0600222671652307,6674.17159447794,"moving",29,-14.69295,145.44156,"run_day_11652_liz21_del_07_29.json","07",11652
145.441832,-14.694534,3049,3.55,2021-11-26 08:09:00,0.0593894800798597,6603.80888093848,"moving",29,-14.69295,145.44156,"run_day_11652_liz21_del_07_29.json","07",11652
145.441743,-14.69327,3050,3.55,2021-11-26 07:13:00,0.0499523708124619,5554.45020821349,"moving",29,-14.69295,145.44156,"run_day_11652_liz21_del_07_29.json","07",11652
145.441826,-14.693684,3050,3.55,2021-11-26 07:25:00,0.0468923364150286,5214.18990786107,"moving",29,-14.69295,145.44156,"run_day_11652_liz21_del_07_29.json","07",11652
145.441941,-14.694092,3050,3.55,2021-11-26 07:37:00,0.0470235040914945,5228.77508802384,"moving",29,-14.69295,145.44156,"run_day_11652_liz21_del_07_29.json","07",11652
145.442062,-14.694515,3050,3.55,2021-11-26 07:49:00,0.0488027851113582,5426.62211050764,"moving",29,-14.69295,145.44156,"run_day_11652_liz21_del_07_29.json","07",11652
145.441775,-14.693254,3051,3.55,2021-11-26 07:43:00,0.0456949587767928,5081.04758921162,"moving",29,-14.69295,145.44156,"run_day_11652_liz21_del_07_29.json","07",11652
145.441842,-14.693637,3051,3.55,2021-11-26 07:55:00,0.0431930665373187,4802.8498651707,"moving",29,-14.69295,145.44156,"run_day_11652_liz21_del_07_29.json","07",11652
145.441932,-14.694006,3051,3.55,2021-11-26 08:07:00,0.0421573747342526,4687.68619110239,"moving",29,-14.69295,145.44156,"run_day_11652_liz21_del_07_29.json","07",11652
145.442037,-14.694379,3051,3.55,2021-11-26 08:19:00,0.0429858092712405,4779.80390867258,"moving",29,-14.69295,145.44156,"run_day_11652_liz21_del_07_29.json","07",11652
145.44159,-14.693516,3052,3.55,2021-11-26 07:38:00,0.0557161484819156,6195.35304336395,"moving",29,-14.69295,145.44156,"run_day_11652_liz21_del_07_29.json","07",11652
145.441723,-14.694034,3052,3.55,2021-11-26 07:50:00,0.0593488162132611,6599.28726527497,"moving",29,-14.69295,145.44156,"run_day_11652_liz21_del_07_29.json","07",11652
145.441881,-14.69453,3052,3.55,2021-11-26 08:02:00,0.0577115288456032,6417.22921653219,"moving",29,-14.69295,145.44156,"run_day_11652_liz21_del_07_29.json","07",11652
145.441542,-14.693349,3053,3.55,2021-11-26 07:55:00,0.0550652409192605,6122.97542468212,"moving",29,-14.69295,145.44156,"run_day_11652_liz21_del_07_29.json","07",11652
145.441654,-14.693855,3053,3.55,2021-11-26 08:07:00,0.0575397958324285,6398.13337672978,"moving",29,-14.69295,145.44156,"run_day_11652_liz21_del_07_29.json","07",11652
145.441797,-14.694353,3053,3.55,2021-11-26 08:19:00,0.0574714566808005,6390.53440977755,"moving",29,-14.69295,145.44156,"run_day_11652_liz21_del_07_29.json","07",11652
145.441586,-14.693431,3054,3.55,2021-11-26 07:47:00,0.0548632476293252,6100.51479562507,"moving",29,-14.69295,145.44156,"run_day_11652_liz21_del_07_29.json","07",11652
145.441704,-14.693942,3054,3.55,2021-11-26 07:59:00,0.0582208336154878,6473.86132305922,"moving",29,-14.69295,145.44156,"run_day_11652_liz21_del_07_29.json","07",11652
145.441851,-14.694431,3054,3.55,2021-11-26 08:11:00,0.056626457816462,6296.57482304269,"moving",29,-14.69295,145.44156,"run_day_11652_liz21_del_07_29.json","07",11652
145.441537,-14.693359,3055,3.55,2021-11-26 07:13:00,0.0562021662994123,6249.39575892844,"moving",29,-14.69295,145.44156,"run_day_11652_liz21_del_07_29.json","07",11652
145.441669,-14.693873,3055,3.55,2021-11-26 07:25:00,0.0588912274440917,6548.4057156538,"moving",29,-14.69295,145.44156,"run_day_11652_liz21_del_07_29.json","07",11652
145.44183,-14.694388,3055,3.55,2021-11-26 07:37:00,0.0598264015840348,6652.39233554467,"moving",29,-14.69295,145.44156,"run_day_11652_liz21_del_07_29.json","07",11652
145.441654,-14.693358,3056,3.55,2021-11-26 07:35:00,0.052202871497316,5804.69446677938,"moving",29,-14.69295,145.44156,"run_day_11652_liz21_del_07_29.json","07",11652
145.441759,-14.693847,3056,3.55,2021-11-26 07:47:00,0.0555347885940612,6175.18674393772,"moving",29,-14.69295,145.44156,"run_day_11652_liz21_del_07_29.json","07",11652
145.441893,-14.69431,3056,3.55,2021-11-26 07:59:00,0.0534626396525545,5944.77429439027,"moving",29,-14.69295,145.44156,"run_day_11652_liz21_del_07_29.json","07",11652
145.441754,-14.693254,3057,3.55,2021-11-26 07:17:00,0.0484724775157528,5389.89358164416,"moving",29,-14.69295,145.44156,"run_day_11652_liz21_del_07_29.json","07",11652
145.441832,-14.693655,3057,3.55,2021-11-26 07:29:00,0.0453715598280825,5045.08726683284,"moving",29,-14.69295,145.44156,"run_day_11652_liz21_del_07_29.json","07",11652
145.441941,-14.694051,3057,3.55,2021-11-26 07:41:00,0.0455672103337055,5066.84261045356,"moving",29,-14.69295,145.44156,"run_day_11652_liz21_del_07_29.json","07",11652
145.442057,-14.694462,3057,3.55,2021-11-26 07:53:00,0.0473736310045756,5267.70742444017,"moving",29,-14.69295,145.44156,"run_day_11652_liz21_del_07_29.json","07",11652
145.441565,-14.693201,3058,3.55,2021-11-26 07:45:00,0.0525134632656363,5839.23069567416,"moving",29,-14.69295,145.44156,"run_day_11652_liz21_del_07_29.json","07",11652
145.441666,-14.693696,3058,3.55,2021-11-26 07:57:00,0.0561032896092323,6238.40117261702,"moving",29,-14.69295,145.44156,"run_day_11652_liz21_del_07_29.json","07",11652
145.441796,-14.694191,3058,3.55,2021-11-26 08:09:00,0.0567897685043715,6314.73414300506,"moving",29,-14.69295,145.44156,"run_day_11652_liz21_del_07_29.json","07",11652
145.441948,-14.694649,3058,3.55,2021-11-26 08:21:00,0.0534871137516438,5947.4956900432,"moving",29,-14.69295,145.44156,"run_day_11652_liz21_del_07_29.json","07",11652
145.44177,-14.693216,3059,3.55,2021-11-26 07:14:00,0.0469738241478039,5223.25093032945,"moving",29,-14.69295,145.44156,"run_day_11652_liz21_del_07_29.json","07",11652
145.441842,-14.693597,3059,3.55,2021-11-26 07:26:00,0.0430672577096821,4788.86056181041,"moving",29,-14.69295,145.44156,"run_day_11652_liz21_del_07_29.json","07",11652
145.441944,-14.693976,3059,3.55,2021-11-26 07:38:00,0.0435474893235463,4842.25988088644,"moving",29,-14.69295,145.44156,"run_day_11652_liz21_del_07_29.json","07",11652
145.442053,-14.694371,3059,3.55,2021-11-26 07:50:00,0.0454597633487903,5054.89505084773,"moving",29,-14.69295,145.44156,"run_day_11652_liz21_del_07_29.json","07",11652
145.441728,-14.693575,3060,3.55,2021-11-26 07:51:00,0.0531464111255337,5909.61128652527,"moving",29,-14.69295,145.44156,"run_day_11652_liz21_del_07_29.json","07",11652
145.441836,-14.694028,3060,3.55,2021-11-26 08:03:00,0.051693388659761,5748.04256003079,"moving",29,-14.69295,145.44156,"run_day_11652_liz21_del_07_29.json","07",11652
145.441964,-14.694457,3060,3.55,2021-11-26 08:15:00,0.0496495983238982,5520.78344355766,"moving",29,-14.69295,145.44156,"run_day_11652_liz21_del_07_29.json","07",11652
145.441612,-14.693209,3061,3.55,2021-11-26 07:37:00,0.0512669478825402,5700.62450908948,"moving",29,-14.69295,145.44156,"run_day_11652_liz21_del_07_29.json","07",11652
145.441709,-14.693699,3061,3.55,2021-11-26 07:49:00,0.0554754211479692,6168.58538512443,"moving",29,-14.69295,145.44156,"run_day_11652_liz21_del_07_29.json","07",11652
145.441836,-14.694176,3061,3.55,2021-11-26 08:01:00,0.0547707247739358,6090.2267235071,"moving",29,-14.69295,145.44156,"run_day_11652_liz21_del_07_29.json","07",11652
145.441982,-14.694626,3061,3.55,2021-11-26 08:13:00,0.0524439904780688,5831.5056741568,"moving",29,-14.69295,145.44156,"run_day_11652_liz21_del_07_29.json","07",11652
145.44159,-14.693273,3062,3.55,2021-11-26 07:53:00,0.0528791780231088,5879.89632130414,"moving",29,-14.69295,145.44156,"run_day_11652_liz21_del_07_29.json","07",11652
145.44169,-14.693768,3062,3.55,2021-11-26 08:05:00,0.0560825614078811,6236.0963017883,"moving",29,-14.69295,145.44156,"run_day_11652_liz21_del_07_29.json","07",11652
145.441818,-14.694249,3062,3.55,2021-11-26 08:17:00,0.0552282740078743,6141.10387701118,"moving",29,-14.69295,145.44156,"run_day_11652_liz21_del_07_29.json","07",11652
145.44197,-14.694697,3062,3.55,2021-11-26 08:29:00,0.052429481627269,5829.89236355642,"moving",29,-14.69295,145.44156,"run_day_11652_liz21_del_07_29.json","07",11652
145.441609,-14.693465,3063,3.55,2021-11-26 08:04:00,0.0544678922635193,6056.55328472576,"moving",29,-14.69295,145.44156,"run_day_11652_liz21_del_07_29.json","07",11652
145.441718,-14.693961,3063,3.55,2021-11-26 08:16:00,0.0563849930247241,6269.72516323815,"moving",29,-14.69295,145.44156,"run_day_11652_liz21_del_07_29.json","07",11652
145.441858,-14.69443,3063,3.55,2021-11-26 08:28:00,0.0542808794378697,6035.75840729606,"moving",29,-14.69295,145.44156,"run_day_11652_liz21_del_07_29.json","07",11652
145.441763,-14.69348,3064,3.55,2021-11-26 07:41:00,0.0496398592499677,5519.70050794638,"moving",29,-14.69295,145.44156,"run_day_11652_liz21_del_07_29.json","07",11652
145.441858,-14.6939,3064,3.55,2021-11-26 07:53:00,0.0478066212954015,5315.85374806636,"moving",29,-14.69295,145.44156,"run_day_11652_liz21_del_07_29.json","07",11652
145.441974,-14.694309,3064,3.55,2021-11-26 08:05:00,0.0471591312468763,5243.85613961753,"moving",29,-14.69295,145.44156,"run_day_11652_liz21_del_07_29.json","07",11652
145.441687,-14.693475,3065,3.55,2021-11-26 07:17:00,0.0539681715663964,6000.9868784664,"moving",29,-14.69295,145.44156,"run_day_11652_liz21_del_07_29.json","07",11652
145.441809,-14.693954,3065,3.55,2021-11-26 07:29:00,0.0548549913840392,6099.59674303614,"moving",29,-14.69295,145.44156,"run_day_11652_liz21_del_07_29.json","07",11652
145.441946,-14.694417,3065,3.55,2021-11-26 07:41:00,0.0535505278211204,5954.54701284689,"moving",29,-14.69295,145.44156,"run_day_11652_liz21_del_07_29.json","07",11652
145.44154,-14.69335,3066,3.55,2021-11-26 08:00:00,0.0549567938900677,6110.91666522621,"moving",29,-14.69295,145.44156,"run_day_11652_liz21_del_07_29.json","07",11652
145.44165,-14.693853,3066,3.55,2021-11-26 08:12:00,0.0571687395395925,6356.87379946688,"moving",29,-14.69295,145.44156,"run_day_11652_liz21_del_07_29.json","07",11652
145.441792,-14.694349,3066,3.55,2021-11-26 08:24:00,0.0572284106984911,6363.50892960339,"moving",29,-14.69295,145.44156,"run_day_11652_liz21_del_07_29.json","07",11652
145.441566,-14.693262,3067,3.55,2021-11-26 07:45:00,0.0532966513483066,5926.31723707558,"moving",29,-14.69295,145.44156,"run_day_11652_liz21_del_07_29.json","07",11652
145.441672,-14.693762,3067,3.55,2021-11-26 07:57:00,0.0567544290656677,6310.80457671073,"moving",29,-14.69295,145.44156,"run_day_11652_liz21_del_07_29.json","07",11652
145.441808,-14.694258,3067,3.55,2021-11-26 08:09:00,0.0570595695507237,6344.73465056282,"moving",29,-14.69295,145.44156,"run_day_11652_liz21_del_07_29.json","07",11652
145.441965,-14.694717,3067,3.55,2021-11-26 08:21:00,0.0537594914181872,5977.78270469411,"moving",29,-14.69295,145.44156,"run_day_11652_liz21_del_07_29.json","07",11652
145.441633,-14.693623,3068,3.55,2021-11-26 07:45:00,0.0560141518841133,6228.48950981115,"moving",29,-14.69295,145.44156,"run_day_11652_liz21_del_07_29.json","07",11652
145.441767,-14.694135,3068,3.55,2021-11-26 07:57:00,0.0587278401609077,6530.2378786855,"moving",29,-14.69295,145.44156,"run_day_11652_liz21_del_07_29.json","07",11652
145.441924,-14.694612,3068,3.55,2021-11-26 08:09:00,0.0556632476488881,6189.47073911602,"moving",29,-14.69295,145.44156,"run_day_11652_liz21_del_07_29.json","07",11652
145.441617,-14.693527,3069,3.55,2021-11-26 07:11:00,0.0567163777242053,6306.57346058809,"moving",29,-14.69295,145.44156,"run_day_11652_liz21_del_07_29.json","07",11652
145.44176,-14.694041,3069,3.55,2021-11-26 07:23:00,0.0591875997241714,6581.36080959674,"moving",29,-14.69295,145.44156,"run_day_11652_liz21_del_07_29.json","07",11652
145.441915,-14.694533,3069,3.55,2021-11-26 07:35:00,0.0571917279093948,6359.42998956072,"moving",29,-14.69295,145.44156,"run_day_11652_liz21_del_07_29.json","07",11652
145.441741,-14.693329,3070,3.55,2021-11-26 07:58:00,0.0492749632990014,5479.12592944578,"moving",29,-14.69295,145.44156,"run_day_11652_liz21_del_07_29.json","07",11652
145.441817,-14.693746,3070,3.55,2021-11-26 08:10:00,0.0470833229803952,5235.42664498711,"moving",29,-14.69295,145.44156,"run_day_11652_liz21_del_07_29.json","07",11652
145.441916,-14.694138,3070,3.55,2021-11-26 08:22:00,0.0448702036858225,4989.33900737144,"moving",29,-14.69295,145.44156,"run_day_11652_liz21_del_07_29.json","07",11652
145.442035,-14.69453,3070,3.55,2021-11-26 08:34:00,0.0454287844759087,5051.45035735013,"moving",29,-14.69295,145.44156,"run_day_11652_liz21_del_07_29.json","07",11652
145.441742,-14.693323,3071,3.55,2021-11-26 07:15:00,0.0504092188840166,5605.24939601773,"moving",29,-14.69295,145.44156,"run_day_11652_liz21_del_07_29.json","07",11652
145.441831,-14.693743,3071,3.55,2021-11-26 07:27:00,0.0476728561350121,5300.97974086928,"moving",29,-14.69295,145.44156,"run_day_11652_liz21_del_07_29.json","07",11652
145.44195,-14.694158,3071,3.55,2021-11-26 07:39:00,0.0478880885363494,5324.9124919475,"moving",29,-14.69295,145.44156,"run_day_11652_liz21_del_07_29.json","07",11652
145.442077,-14.694586,3071,3.55,2021-11-26 07:51:00,0.0495129896830832,5505.59325576323,"moving",29,-14.69295,145.44156,"run_day_11652_liz21_del_07_29.json","07",11652
145.441683,-14.693602,3072,3.55,2021-11-26 07:47:00,0.0546907335092791,6081.3321007014,"moving",29,-14.69295,145.44156,"run_day_11652_liz21_del_07_29.json","07",11652
145.441805,-14.694091,3072,3.55,2021-11-26 07:59:00,0.0559352876901014,6219.72021154312,"moving",29,-14.69295,145.44156,"run_day_11652_liz21_del_07_29.json","07",11652
145.441948,-14.694546,3072,3.55,2021-11-26 08:11:00,0.0528799653828239,5879.98387170991,"moving",29,-14.69295,145.44156,"run_day_11652_liz21_del_07_29.json","07",11652
145.441728,-14.693498,3073,3.55,2021-11-26 08:01:00,0.0519780388201136,5779.69421373055,"moving",29,-14.69295,145.44156,"run_day_11652_liz21_del_07_29.json","07",11652
145.441822,-14.693938,3073,3.55,2021-11-26 08:13:00,0.0499595103159549,5555.24408478068,"moving",29,-14.69295,145.44156,"run_day_11652_liz21_del_07_29.json","07",11652
145.44194,-14.694352,3073,3.55,2021-11-26 08:25:00,0.0477522452093037,5309.80740316151,"moving",29,-14.69295,145.44156,"run_day_11652_liz21_del_07_29.json","07",11652
145.441589,-14.69328,3074,3.55,2021-11-26 07:49:00,0.0529879102748199,5891.98679605706,"moving",29,-14.69295,145.44156,"run_day_11652_liz21_del_07_29.json","07",11652
145.441692,-14.693778,3074,3.55,2021-11-26 08:01:00,0.0564724037162975,6279.44478867561,"moving",29,-14.69295,145.44156,"run_day_11652_liz21_del_07_29.json","07",11652
145.441823,-14.694262,3074,3.55,2021-11-26 08:13:00,0.0556322374679665,6186.0225643232,"moving",29,-14.69295,145.44156,"run_day_11652_liz21_del_07_29.json","07",11652
145.441568,-14.693454,3075,3.55,2021-11-26 07:19:00,0.056209841300138,6250.24918007113,"moving",29,-14.69295,145.44156,"run_day_11652_liz21_del_07_29.json","07",11652
145.441706,-14.69397,3075,3.55,2021-11-26 07:31:00,0.0592654067166888,6590.01255242215,"moving",29,-14.69295,145.44156,"run_day_11652_liz21_del_07_29.json","07",11652
145.441866,-14.694477,3075,3.55,2021-11-26 07:43:00,0.0589439894364201,6554.27258152037,"moving",29,-14.69295,145.44156,"run_day_11652_liz21_del_07_29.json","07",11652
145.441753,-14.693239,3076,3.55,2021-11-26 07:35:00,0.0473023545166591,5259.78184059482,"moving",29,-14.69295,145.44156,"run_day_11652_liz21_del_07_29.json","07",11652
145.441826,-14.69364,3076,3.55,2021-11-26 07:47:00,0.0452752027495733,5034.37284855633,"moving",29,-14.69295,145.44156,"run_day_11652_liz21_del_07_29.json","07",11652
145.441924,-14.694028,3076,3.55,2021-11-26 07:59:00,0.0444126061724087,4938.45648543466,"moving",29,-14.69295,145.44156,"run_day_11652_liz21_del_07_29.json","07",11652
145.442036,-14.694419,3076,3.55,2021-11-26 08:11:00,0.045115260215055,5016.58805016322,"moving",29,-14.69295,145.44156,"run_day_11652_liz21_del_07_29.json","07",11652
145.441515,-14.693325,3077,3.55,2021-11-26 07:27:00,0.0551487359986151,6132.25965390614,"moving",29,-14.69295,145.44156,"run_day_11652_liz21_del_07_29.json","07",11652
145.441642,-14.693838,3077,3.55,2021-11-26 07:39:00,0.058655749672962,6522.22178216661,"moving",29,-14.69295,145.44156,"run_day_11652_liz21_del_07_29.json","07",11652
145.441801,-14.694359,3077,3.55,2021-11-26 07:51:00,0.0604040641773716,6716.62548523606,"moving",29,-14.69295,145.44156,"run_day_11652_liz21_del_07_29.json","07",11652
145.441589,-14.693341,3078,3.55,2021-11-26 07:17:00,0.0545231166312282,6062.69395424214,"moving",29,-14.69295,145.44156,"run_day_11652_liz21_del_07_29.json","07",11652
145.44171,-14.693844,3078,3.55,2021-11-26 07:29:00,0.0574252657689368,6385.39821472121,"moving",29,-14.69295,145.44156,"run_day_11652_liz21_del_07_29.json","07",11652
145.441859,-14.69434,3078,3.55,2021-11-26 07:41:00,0.0574339322773656,6386.36188649023,"moving",29,-14.69295,145.44156,"run_day_11652_liz21_del_07_29.json","07",11652
145.441734,-14.693499,3079,3.55,2021-11-26 07:22:00,0.0523461010960603,5820.62087150508,"moving",29,-14.69295,145.44156,"run_day_11652_liz21_del_07_29.json","07",11652
145.441847,-14.693946,3079,3.55,2021-11-26 07:34:00,0.0511685720911781,5689.68562018536,"moving",29,-14.69295,145.44156,"run_day_11652_liz21_del_07_29.json","07",11652
145.441975,-14.694387,3079,3.55,2021-11-26 07:46:00,0.0509329575015417,5663.48647317435,"moving",29,-14.69295,145.44156,"run_day_11652_liz21_del_07_29.json","07",11652
145.441655,-14.69339,3080,3.55,2021-11-26 07:30:00,0.0526818113954709,5857.95015362186,"moving",29,-14.69295,145.44156,"run_day_11652_liz21_del_07_29.json","07",11652
145.441766,-14.69388,3080,3.55,2021-11-26 07:42:00,0.0557782264385957,6202.25579720324,"moving",29,-14.69295,145.44156,"run_day_11652_liz21_del_07_29.json","07",11652
145.441903,-14.694346,3080,3.55,2021-11-26 07:54:00,0.0538713143589011,5990.21684838397,"moving",29,-14.69295,145.44156,"run_day_11652_liz21_del_07_29.json","07",11652
145.441517,-14.693503,3081,3.55,2021-11-26 08:04:00,0.0571601354951107,6355.91707337188,"moving",29,-14.69295,145.44156,"run_day_11652_liz21_del_07_29.json","07",11652
145.441642,-14.694016,3081,3.55,2021-11-26 08:16:00,0.0586060235156316,6516.69248574994,"moving",29,-14.69295,145.44156,"run_day_11652_liz21_del_07_29.json","07",11652
145.441802,-14.694517,3081,3.55,2021-11-26 08:28:00,0.0583062125068054,6483.35502261628,"moving",29,-14.69295,145.44156,"run_day_11652_liz21_del_07_29.json","07",11652
145.441721,-14.693417,3082,3.55,2021-11-26 08:01:00,0.0513201940296213,5706.54521050826,"moving",29,-14.69295,145.44156,"run_day_11652_liz21_del_07_29.json","07",11652
145.441808,-14.693858,3082,3.55,2021-11-26 08:13:00,0.0499218191135858,5551.0530142981,"moving",29,-14.69295,145.44156,"run_day_11652_liz21_del_07_29.json","07",11652
145.44192,-14.694269,3082,3.55,2021-11-26 08:25:00,0.0472621463399364,5255.31089533363,"moving",29,-14.69295,145.44156,"run_day_11652_liz21_del_07_29.json","07",11652
145.442053,-14.694675,3082,3.55,2021-11-26 08:37:00,0.0473573942463074,5265.9019792956,"moving",29,-14.69295,145.44156,"run_day_11652_liz21_del_07_29.json","07",11652
145.441617,-14.693187,3083,3.55,2021-11-26 07:13:00,0.0522042928966577,5804.85251917491,"moving",29,-14.69295,145.44156,"run_day_11652_liz21_del_07_29.json","07",11652
145.441719,-14.693673,3083,3.55,2021-11-26 07:25:00,0.0551431146166156,6131.63458474707,"moving",29,-14.69295,145.44156,"run_day_11652_liz21_del_07_29.json","07",11652
145.441854,-14.694148,3083,3.55,2021-11-26 07:37:00,0.0547771745584713,6090.94390682541,"moving",29,-14.69295,145.44156,"run_day_11652_liz21_del_07_29.json","07",11652
145.442,-14.694611,3083,3.55,2021-11-26 07:49:00,0.0538249403298379,5985.06029162407,"moving",29,-14.69295,145.44156,"run_day_11652_liz21_del_07_29.json","07",11652
145.441519,-14.693453,3084,3.55,2021-11-26 08:04:00,0.0565701738329931,6290.3163296296,"moving",29,-14.69295,145.44156,"run_day_11652_liz21_del_07_29.json","07",11652
145.44164,-14.693963,3084,3.55,2021-11-26 08:16:00,0.0581836429240144,6469.72590684898,"moving",29,-14.69295,145.44156,"run_day_11652_liz21_del_07_29.json","07",11652
145.441795,-14.694463,3084,3.55,2021-11-26 08:28:00,0.0580432348106956,6454.1132369882,"moving",29,-14.69295,145.44156,"run_day_11652_liz21_del_07_29.json","07",11652
145.441482,-14.69351,3085,3.55,2021-11-26 07:17:00,0.0589425205403525,6554.10924772989,"moving",29,-14.69295,145.44156,"run_day_11652_liz21_del_07_29.json","07",11652
145.441639,-14.694041,3085,3.55,2021-11-26 07:29:00,0.0614118304143524,6828.683978032,"moving",29,-14.69295,145.44156,"run_day_11652_liz21_del_07_29.json","07",11652
145.441817,-14.694574,3085,3.55,2021-11-26 07:41:00,0.0622824923691215,6925.49717022475,"moving",29,-14.69295,145.44156,"run_day_11652_liz21_del_07_29.json","07",11652
145.441753,-14.693245,3086,3.55,2021-11-26 07:38:00,0.0474118803357762,5271.96055601723,"moving",29,-14.69295,145.44156,"run_day_11652_liz21_del_07_29.json","07",11652
145.441826,-14.693648,3086,3.55,2021-11-26 07:50:00,0.0454942391221098,5058.72858193302,"moving",29,-14.69295,145.44156,"run_day_11652_liz21_del_07_29.json","07",11652
145.441923,-14.694036,3086,3.55,2021-11-26 08:02:00,0.044387201593705,4935.63162516927,"moving",29,-14.69295,145.44156,"run_day_11652_liz21_del_07_29.json","07",11652
145.442035,-14.694426,3086,3.55,2021-11-26 08:14:00,0.0450081122338255,5004.67373825029,"moving",29,-14.69295,145.44156,"run_day_11652_liz21_del_07_29.json","07",11652
145.441634,-14.693486,3087,3.55,2021-11-26 07:56:00,0.054425395953111,6051.82791060724,"moving",29,-14.69295,145.44156,"run_day_11652_liz21_del_07_29.json","07",11652
145.441746,-14.693985,3087,3.55,2021-11-26 08:08:00,0.0567789132884101,6313.52709806252,"moving",29,-14.69295,145.44156,"run_day_11652_liz21_del_07_29.json","07",11652
145.441886,-14.694447,3087,3.55,2021-11-26 08:20:00,0.0535334998918052,5952.65359349578,"moving",29,-14.69295,145.44156,"run_day_11652_liz21_del_07_29.json","07",11652
145.441686,-14.69342,3088,3.55,2021-11-26 07:49:00,0.0524749823226813,5834.95181004507,"moving",29,-14.69295,145.44156,"run_day_11652_liz21_del_07_29.json","07",11652
145.441785,-14.693896,3088,3.55,2021-11-26 08:01:00,0.0539892782789801,6003.33383782386,"moving",29,-14.69295,145.44156,"run_day_11652_liz21_del_07_29.json","07",11652
145.441911,-14.694335,3088,3.55,2021-11-26 08:13:00,0.0506609132393322,5633.2365313939,"moving",29,-14.69295,145.44156,"run_day_11652_liz21_del_07_29.json","07",11652
145.44166,-14.693458,3089,3.55,2021-11-26 08:08:00,0.0529319253223905,5885.76155337848,"moving",29,-14.69295,145.44156,"run_day_11652_liz21_del_07_29.json","07",11652
145.44176,-14.693936,3089,3.55,2021-11-26 08:20:00,0.0542285480820143,6029.93942602051,"moving",29,-14.69295,145.44156,"run_day_11652_liz21_del_07_29.json","07",11652
145.441888,-14.694379,3089,3.55,2021-11-26 08:32:00,0.0511471043027719,5687.29851102831,"moving",29,-14.69295,145.44156,"run_day_11652_liz21_del_07_29.json","07",11652
145.44176,-14.69342,3090,3.55,2021-11-26 07:39:00,0.0490919728638505,5458.77832143252,"moving",29,-14.69295,145.44156,"run_day_11652_liz21_del_07_29.json","07",11652
145.441849,-14.693837,3090,3.55,2021-11-26 07:51:00,0.0473461122507734,5264.64747862979,"moving",29,-14.69295,145.44156,"run_day_11652_liz21_del_07_29.json","07",11652
145.441961,-14.694241,3090,3.55,2021-11-26 08:03:00,0.0465099141139585,5171.66648814634,"moving",29,-14.69295,145.44156,"run_day_11652_liz21_del_07_29.json","07",11652
145.442089,-14.694648,3090,3.55,2021-11-26 08:15:00,0.0473040996347228,5259.9758888699,"moving",29,-14.69295,145.44156,"run_day_11652_liz21_del_07_29.json","07",11652
145.441555,-14.69365,3091,3.55,2021-11-26 07:31:00,0.0580581686020236,6455.77379881944,"moving",29,-14.69295,145.44156,"run_day_11652_liz21_del_07_29.json","07",11652
145.441711,-14.694181,3091,3.55,2021-11-26 07:43:00,0.0613823388387998,6825.40466445179,"moving",29,-14.69295,145.44156,"run_day_11652_liz21_del_07_29.json","07",11652
145.441889,-14.694695,3091,3.55,2021-11-26 07:55:00,0.0602755768540073,6702.33834673981,"moving",29,-14.69295,145.44156,"run_day_11652_liz21_del_07_29.json","07",11652
145.44164,-14.69352,3092,3.55,2021-11-26 08:01:00,0.0546019929858099,6071.46460470384,"moving",29,-14.69295,145.44156,"run_day_11652_liz21_del_07_29.json","07",11652
145.441751,-14.694013,3092,3.55,2021-11-26 08:13:00,0.0561041239867135,6238.49395115984,"moving",29,-14.69295,145.44156,"run_day_11652_liz21_del_07_29.json","07",11652
145.441892,-14.694471,3092,3.55,2021-11-26 08:25:00,0.0531374228479479,5908.61183565846,"moving",29,-14.69295,145.44156,"run_day_11652_liz21_del_07_29.json","07",11652
145.441678,-14.69356,3093,3.55,2021-11-26 07:23:00,0.054685831088386,6080.78697636981,"moving",29,-14.69295,145.44156,"run_day_11652_liz21_del_07_29.json","07",11652
145.44181,-14.694049,3093,3.55,2021-11-26 07:35:00,0.0561973416273346,6248.85927987068,"moving",29,-14.69295,145.44156,"run_day_11652_liz21_del_07_29.json","07",11652
145.441955,-14.69452,3093,3.55,2021-11-26 07:47:00,0.0546456224186132,6076.31597628395,"moving",29,-14.69295,145.44156,"run_day_11652_liz21_del_07_29.json","07",11652
145.441523,-14.69328,3094,3.55,2021-11-26 07:44:00,0.0545124368734767,6061.50641936238,"moving",29,-14.69295,145.44156,"run_day_11652_liz21_del_07_29.json","07",11652
145.441637,-14.693788,3094,3.55,2021-11-26 07:56:00,0.0578025269833851,6427.34774778763,"moving",29,-14.69295,145.44156,"run_day_11652_liz21_del_07_29.json","07",11652
145.441782,-14.6943,3094,3.55,2021-11-26 08:08:00,0.0590293438883873,6563.76356354566,"moving",29,-14.69295,145.44156,"run_day_11652_liz21_del_07_29.json","07",11652
145.441739,-14.693639,3095,3.55,2021-11-26 07:22:00,0.0541448591783388,6020.63364451534,"moving",29,-14.69295,145.44156,"run_day_11652_liz21_del_07_29.json","07",11652
145.441868,-14.694098,3095,3.55,2021-11-26 07:34:00,0.05289084707428,5881.19386059313,"moving",29,-14.69295,145.44156,"run_day_11652_liz21_del_07_29.json","07",11652
145.442005,-14.694554,3095,3.55,2021-11-26 07:46:00,0.0528026432427491,5871.38604201629,"moving",29,-14.69295,145.44156,"run_day_11652_liz21_del_07_29.json","07",11652
145.441533,-14.693526,3096,3.55,2021-11-26 07:34:00,0.0570093482182059,6339.15029317751,"moving",29,-14.69295,145.44156,"run_day_11652_liz21_del_07_29.json","07",11652
145.441677,-14.694052,3096,3.55,2021-11-26 07:46:00,0.0605045354016419,6727.79737564868,"moving",29,-14.69295,145.44156,"run_day_11652_liz21_del_07_29.json","07",11652
145.441848,-14.69457,3096,3.55,2021-11-26 07:58:00,0.0604642294505195,6723.31555837028,"moving",29,-14.69295,145.44156,"run_day_11652_liz21_del_07_29.json","07",11652
145.441766,-14.693543,3097,3.55,2021-11-26 07:34:00,0.0502616327442768,5588.83856603561,"moving",29,-14.69295,145.44156,"run_day_11652_liz21_del_07_29.json","07",11652
145.441872,-14.69397,3097,3.55,2021-11-26 07:46:00,0.048829904666871,5429.63766749352,"moving",29,-14.69295,145.44156,"run_day_11652_liz21_del_07_29.json","07",11652
145.441994,-14.694392,3097,3.55,2021-11-26 07:58:00,0.0487244844805694,5417.91547761085,"moving",29,-14.69295,145.44156,"run_day_11652_liz21_del_07_29.json","07",11652
145.441764,-14.693499,3098,3.55,2021-11-26 08:07:00,0.0490956118432112,5459.1829574756,"moving",29,-14.69295,145.44156,"run_day_11652_liz21_del_07_29.json","07",11652
145.441849,-14.693905,3098,3.55,2021-11-26 08:19:00,0.0460615705674507,5121.81296038084,"moving",29,-14.69295,145.44156,"run_day_11652_liz21_del_07_29.json","07",11652
145.441957,-14.694295,3098,3.55,2021-11-26 08:31:00,0.0448948753401432,4992.08237016384,"moving",29,-14.69295,145.44156,"run_day_11652_liz21_del_07_29.json","07",11652
145.441662,-14.693161,3099,3.55,2021-11-26 07:23:00,0.0499164278923708,5550.45353785057,"moving",29,-14.69295,145.44156,"run_day_11652_liz21_del_07_29.json","07",11652
145.441751,-14.693627,3099,3.55,2021-11-26 07:35:00,0.0526936544259889,5859.26703853157,"moving",29,-14.69295,145.44156,"run_day_11652_liz21_del_07_29.json","07",11652
145.44187,-14.694075,3099,3.55,2021-11-26 07:47:00,0.0514333783268048,5719.13073013089,"moving",29,-14.69295,145.44156,"run_day_11652_liz21_del_07_29.json","07",11652
145.442002,-14.694514,3099,3.55,2021-11-26 07:59:00,0.0508373508204839,5652.85549528741,"moving",29,-14.69295,145.44156,"run_day_11652_liz21_del_07_29.json","07",11652
145.441495,-14.693372,3100,3.55,2021-11-26 08:02:00,0.0563428196668801,6265.03569980633,"moving",29,-14.69295,145.44156,"run_day_11652_liz21_del_07_29.json","07",11652
145.441613,-14.693882,3100,3.55,2021-11-26 08:14:00,0.0581123187660371,6461.79502233471,"moving",29,-14.69295,145.44156,"run_day_11652_liz21_del_07_29.json","07",11652
145.441763,-14.694388,3100,3.55,2021-11-26 08:26:00,0.058532093225945,6508.47181261142,"moving",29,-14.69295,145.44156,"run_day_11652_liz21_del_07_29.json","07",11652
145.441594,-14.693361,3101,3.55,2021-11-26 07:41:00,0.0538396416648747,5986.69500549507,"moving",29,-14.69295,145.44156,"run_day_11652_liz21_del_07_29.json","07",11652
145.441706,-14.693866,3101,3.55,2021-11-26 07:53:00,0.0574310697273762,6386.04358545414,"moving",29,-14.69295,145.44156,"run_day_11652_liz21_del_07_29.json","07",11652
145.441849,-14.694355,3101,3.55,2021-11-26 08:05:00,0.0565078413842339,6283.38527756225,"moving",29,-14.69295,145.44156,"run_day_11652_liz21_del_07_29.json","07",11652
145.441618,-14.693148,3102,3.55,2021-11-26 07:27:00,0.050483249912449,5613.48127079369,"moving",29,-14.69295,145.44156,"run_day_11652_liz21_del_07_29.json","07",11652
145.441713,-14.693628,3102,3.55,2021-11-26 07:39:00,0.0543428574949345,6042.65005280495,"moving",29,-14.69295,145.44156,"run_day_11652_liz21_del_07_29.json","07",11652
145.441838,-14.694101,3102,3.55,2021-11-26 07:51:00,0.0542864381284716,6036.37650548978,"moving",29,-14.69295,145.44156,"run_day_11652_liz21_del_07_29.json","07",11652
145.441979,-14.694554,3102,3.55,2021-11-26 08:03:00,0.0526048104944943,5849.3880440862,"moving",29,-14.69295,145.44156,"run_day_11652_liz21_del_07_29.json","07",11652
145.441489,-14.693488,3103,3.55,2021-11-26 07:50:00,0.057816543162801,6428.90627582962,"moving",29,-14.69295,145.44156,"run_day_11652_liz21_del_07_29.json","07",11652
145.441625,-14.694016,3103,3.55,2021-11-26 08:02:00,0.0605057745078622,6727.93515797395,"moving",29,-14.69295,145.44156,"run_day_11652_liz21_del_07_29.json","07",11652
145.441793,-14.694533,3103,3.55,2021-11-26 08:14:00,0.0602607723399332,6700.69215988333,"moving",29,-14.69295,145.44156,"run_day_11652_liz21_del_07_29.json","07",11652
145.441661,-14.693683,3104,3.55,2021-11-26 07:11:00,0.0578485430470274,6432.46450060881,"moving",29,-14.69295,145.44156,"run_day_11652_liz21_del_07_29.json","07",11652
145.441813,-14.694191,3104,3.55,2021-11-26 07:23:00,0.0588053464821246,6538.8561883877,"moving",29,-14.69295,145.44156,"run_day_11652_liz21_del_07_29.json","07",11652
145.441974,-14.694675,3104,3.55,2021-11-26 07:35:00,0.056535715495922,6286.48473736668,"moving",29,-14.69295,145.44156,"run_day_11652_liz21_del_07_29.json","07",11652
145.441566,-14.693669,3105,3.55,2021-11-26 08:03:00,0.0578485432187883,6432.46451970775,"moving",29,-14.69295,145.44156,"run_day_11652_liz21_del_07_29.json","07",11652
145.441703,-14.694185,3105,3.55,2021-11-26 08:15:00,0.0592385565782654,6587.02695324976,"moving",29,-14.69295,145.44156,"run_day_11652_liz21_del_07_29.json","07",11652
145.44187,-14.694674,3105,3.55,2021-11-26 08:27:00,0.0572643585873676,6367.50615247004,"moving",29,-14.69295,145.44156,"run_day_11652_liz21_del_07_29.json","07",11652
145.441634,-14.693565,3106,3.55,2021-11-26 07:43:00,0.0552952081798268,6148.54661735144,"moving",29,-14.69295,145.44156,"run_day_11652_liz21_del_07_29.json","07",11652
145.441763,-14.694074,3106,3.55,2021-11-26 07:55:00,0.0582741321471509,6479.78784937777,"moving",29,-14.69295,145.44156,"run_day_11652_liz21_del_07_29.json","07",11652
145.441915,-14.69455,3106,3.55,2021-11-26 08:07:00,0.0553962129590571,6159.77783636871,"moving",29,-14.69295,145.44156,"run_day_11652_liz21_del_07_29.json","07",11652
145.441601,-14.693508,3107,3.55,2021-11-26 07:57:00,0.0554259254033794,6163.08170943555,"moving",29,-14.69295,145.44156,"run_day_11652_liz21_del_07_29.json","07",11652
145.441719,-14.694014,3107,3.55,2021-11-26 08:09:00,0.057678356703886,6413.5406426673,"moving",29,-14.69295,145.44156,"run_day_11652_liz21_del_07_29.json","07",11652
145.441867,-14.694491,3107,3.55,2021-11-26 08:21:00,0.0553772629503965,6157.67069154578,"moving",29,-14.69295,145.44156,"run_day_11652_liz21_del_07_29.json","07",11652
145.441754,-14.693212,3108,3.55,2021-11-26 07:25:00,0.0472305731924149,5251.80012151104,"moving",29,-14.69295,145.44156,"run_day_11652_liz21_del_07_29.json","07",11652
145.441827,-14.693608,3108,3.55,2021-11-26 07:37:00,0.0447277566895109,4973.49962406583,"moving",29,-14.69295,145.44156,"run_day_11652_liz21_del_07_29.json","07",11652
145.441927,-14.693995,3108,3.55,2021-11-26 07:49:00,0.044356268103906,4932.1919780402,"moving",29,-14.69295,145.44156,"run_day_11652_liz21_del_07_29.json","07",11652
145.442039,-14.694391,3108,3.55,2021-11-26 08:01:00,0.0456512903582226,5076.19188261201,"moving",29,-14.69295,145.44156,"run_day_11652_liz21_del_07_29.json","07",11652
145.441585,-14.693407,3109,3.55,2021-11-26 07:25:00,0.0546797787545087,6080.1139875483,"moving",29,-14.69295,145.44156,"run_day_11652_liz21_del_07_29.json","07",11652
145.441712,-14.693917,3109,3.55,2021-11-26 07:37:00,0.0583313874305184,6486.15434641183,"moving",29,-14.69295,145.44156,"run_day_11652_liz21_del_07_29.json","07",11652
145.441865,-14.694416,3109,3.55,2021-11-26 07:49:00,0.0578752013057039,6435.42876372681,"moving",29,-14.69295,145.44156,"run_day_11652_liz21_del_07_29.json","07",11652
145.44172,-14.693651,3110,3.55,2021-11-26 07:58:00,0.054315822439542,6039.64389180375,"moving",29,-14.69295,145.44156,"run_day_11652_liz21_del_07_29.json","07",11652
145.441834,-14.69411,3110,3.55,2021-11-26 08:10:00,0.0524906988617673,5836.69940945584,"moving",29,-14.69295,145.44156,"run_day_11652_liz21_del_07_29.json","07",11652
145.441969,-14.694544,3110,3.55,2021-11-26 08:22:00,0.0503957589049172,5603.75271462914,"moving",29,-14.69295,145.44156,"run_day_11652_liz21_del_07_29.json","07",11652
145.441658,-14.693681,3111,3.55,2021-11-26 07:39:00,0.0561900349359328,6248.04681285624,"moving",29,-14.69295,145.44156,"run_day_11652_liz21_del_07_29.json","07",11652
145.441799,-14.694188,3111,3.55,2021-11-26 07:51:00,0.0583800722309646,6491.56784922615,"moving",29,-14.69295,145.44156,"run_day_11652_liz21_del_07_29.json","07",11652
145.441958,-14.694665,3111,3.55,2021-11-26 08:03:00,0.0557288833113658,6196.76909179049,"moving",29,-14.69295,145.44156,"run_day_11652_liz21_del_07_29.json","07",11652
145.441682,-14.693613,3112,3.55,2021-11-26 08:05:00,0.0544823631712518,6058.16237624955,"moving",29,-14.69295,145.44156,"run_day_11652_liz21_del_07_29.json","07",11652
145.441795,-14.694089,3112,3.55,2021-11-26 08:17:00,0.0543063359816084,6038.5890458097,"moving",29,-14.69295,145.44156,"run_day_11652_liz21_del_07_29.json","07",11652
145.441934,-14.694532,3112,3.55,2021-11-26 08:29:00,0.0514781836960666,5724.11285987925,"moving",29,-14.69295,145.44156,"run_day_11652_liz21_del_07_29.json","07",11652
145.441647,-14.693496,3113,3.55,2021-11-26 07:18:00,0.0550127421776226,6117.13783095676,"moving",29,-14.69295,145.44156,"run_day_11652_liz21_del_07_29.json","07",11652
145.441779,-14.693995,3113,3.55,2021-11-26 07:30:00,0.057273909544801,6368.56817048124,"moving",29,-14.69295,145.44156,"run_day_11652_liz21_del_07_29.json","07",11652
145.441925,-14.694476,3113,3.55,2021-11-26 07:42:00,0.0557424336675142,6198.27582264842,"moving",29,-14.69295,145.44156,"run_day_11652_liz21_del_07_29.json","07",11652
145.441613,-14.693617,3114,3.55,2021-11-26 07:11:00,0.0578105550960351,6428.24043318485,"moving",29,-14.69295,145.44156,"run_day_11652_liz21_del_07_29.json","07",11652
145.441767,-14.694137,3114,3.55,2021-11-26 07:23:00,0.0601471127054928,6688.05378516928,"moving",29,-14.69295,145.44156,"run_day_11652_liz21_del_07_29.json","07",11652
145.44193,-14.694633,3114,3.55,2021-11-26 07:35:00,0.0578721703528168,6435.09173714287,"moving",29,-14.69295,145.44156,"run_day_11652_liz21_del_07_29.json","07",11652
145.441654,-14.693665,3115,3.55,2021-11-26 07:37:00,0.0560587450452812,6233.44804309606,"moving",29,-14.69295,145.44156,"run_day_11652_liz21_del_07_29.json","07",11652
145.441795,-14.694172,3115,3.55,2021-11-26 07:49:00,0.0583800725194632,6491.56788130574,"moving",29,-14.69295,145.44156,"run_day_11652_liz21_del_07_29.json","07",11652
145.441954,-14.694651,3115,3.55,2021-11-26 08:01:00,0.0559405849029676,6220.30923473919,"moving",29,-14.69295,145.44156,"run_day_11652_liz21_del_07_29.json","07",11652
145.441738,-14.693524,3116,3.55,2021-11-26 07:56:00,0.0519780386501088,5779.69419482689,"moving",29,-14.69295,145.44156,"run_day_11652_liz21_del_07_29.json","07",11652
145.441836,-14.693962,3116,3.55,2021-11-26 08:08:00,0.0498309718275232,5540.95125698852,"moving",29,-14.69295,145.44156,"run_day_11652_liz21_del_07_29.json","07",11652
145.441955,-14.694377,3116,3.55,2021-11-26 08:20:00,0.0478880851080007,5324.91211073252,"moving",29,-14.69295,145.44156,"run_day_11652_liz21_del_07_29.json","07",11652
145.441596,-14.693297,3117,3.55,2021-11-26 07:57:00,0.052943351964461,5887.03213800529,"moving",29,-14.69295,145.44156,"run_day_11652_liz21_del_07_29.json","07",11652
145.441695,-14.69379,3117,3.55,2021-11-26 08:09:00,0.0558437068499315,6209.53688673838,"moving",29,-14.69295,145.44156,"run_day_11652_liz21_del_07_29.json","07",11652
145.441823,-14.694266,3117,3.55,2021-11-26 08:21:00,0.0546900263709551,6081.25347050733,"moving",29,-14.69295,145.44156,"run_day_11652_liz21_del_07_29.json","07",11652
145.441607,-14.693566,3118,3.55,2021-11-26 07:14:00,0.0572445681690892,6365.30555836131,"moving",29,-14.69295,145.44156,"run_day_11652_liz21_del_07_29.json","07",11652
145.441754,-14.694082,3118,3.55,2021-11-26 07:26:00,0.0595152262244031,6617.79121425682,"moving",29,-14.69295,145.44156,"run_day_11652_liz21_del_07_29.json","07",11652
145.441914,-14.69458,3118,3.55,2021-11-26 07:38:00,0.0579875710806674,6447.92371261094,"moving",29,-14.69295,145.44156,"run_day_11652_liz21_del_07_29.json","07",11652
145.4415,-14.693347,3119,3.55,2021-11-26 07:49:00,0.0559352981728327,6219.72137716965,"moving",29,-14.69295,145.44156,"run_day_11652_liz21_del_07_29.json","07",11652
145.441622,-14.693864,3119,3.55,2021-11-26 08:01:00,0.058966386367131,6556.76300658784,"moving",29,-14.69295,145.44156,"run_day_11652_liz21_del_07_29.json","07",11652
145.441774,-14.694377,3119,3.55,2021-11-26 08:13:00,0.0593396000770889,6598.26247768936,"moving",29,-14.69295,145.44156,"run_day_11652_liz21_del_07_29.json","07",11652
145.44157,-14.693434,3120,3.55,2021-11-26 07:36:00,0.0550890803430496,6125.62624766161,"moving",29,-14.69295,145.44156,"run_day_11652_liz21_del_07_29.json","07",11652
145.441697,-14.69395,3120,3.55,2021-11-26 07:48:00,0.0589802120309347,6558.3003502603,"moving",29,-14.69295,145.44156,"run_day_11652_liz21_del_07_29.json","07",11652
145.441853,-14.694452,3120,3.55,2021-11-26 08:00:00,0.058287160675572,6481.23655563983,"moving",29,-14.69295,145.44156,"run_day_11652_liz21_del_07_29.json","07",11652
145.441457,-14.693454,3121,3.55,2021-11-26 07:50:00,0.0582702773703677,6479.35921775613,"moving",29,-14.69295,145.44156,"run_day_11652_liz21_del_07_29.json","07",11652
145.441594,-14.693985,3121,3.55,2021-11-26 08:02:00,0.0608554723368235,6766.81978241307,"moving",29,-14.69295,145.44156,"run_day_11652_liz21_del_07_29.json","07",11652
145.441763,-14.694509,3121,3.55,2021-11-26 08:14:00,0.0610357122643517,6786.86154793299,"moving",29,-14.69295,145.44156,"run_day_11652_liz21_del_07_29.json","07",11652
145.441666,-14.693515,3122,3.55,2021-11-26 07:28:00,0.054010598637037,6005.70455347403,"moving",29,-14.69295,145.44156,"run_day_11652_liz21_del_07_29.json","07",11652
145.441793,-14.694008,3122,3.55,2021-11-26 07:40:00,0.0564953689308823,6281.99840402673,"moving",29,-14.69295,145.44156,"run_day_11652_liz21_del_07_29.json","07",11652
145.441936,-14.694479,3122,3.55,2021-11-26 07:52:00,0.0545846181960148,6069.53261622711,"moving",29,-14.69295,145.44156,"run_day_11652_liz21_del_07_29.json","07",11652
145.441746,-14.69322,3123,3.55,2021-11-26 07:49:00,0.0477222050746582,5306.46709259321,"moving",29,-14.69295,145.44156,"run_day_11652_liz21_del_07_29.json","07",11652
145.441815,-14.693626,3123,3.55,2021-11-26 08:01:00,0.0457510971946089,5087.28989646261,"moving",29,-14.69295,145.44156,"run_day_11652_liz21_del_07_29.json","07",11652
145.441906,-14.694009,3123,3.55,2021-11-26 08:13:00,0.0436979367092311,4858.98886690152,"moving",29,-14.69295,145.44156,"run_day_11652_liz21_del_07_29.json","07",11652
145.442015,-14.69439,3123,3.55,2021-11-26 08:25:00,0.0439575268714196,4887.85397594372,"moving",29,-14.69295,145.44156,"run_day_11652_liz21_del_07_29.json","07",11652
145.441472,-14.693536,3124,3.55,2021-11-26 07:22:00,0.0590246033473624,6563.23643943414,"moving",29,-14.69295,145.44156,"run_day_11652_liz21_del_07_29.json","07",11652
145.44163,-14.694071,3124,3.55,2021-11-26 07:34:00,0.0618690426324951,6879.52365708937,"moving",29,-14.69295,145.44156,"run_day_11652_liz21_del_07_29.json","07",11652
145.441812,-14.694606,3124,3.55,2021-11-26 07:46:00,0.0626272935717009,6963.83731465253,"moving",29,-14.69295,145.44156,"run_day_11652_liz21_del_07_29.json","07",11652
145.441697,-14.693375,3125,3.55,2021-11-26 07:27:00,0.051531770506986,5730.07144138855,"moving",29,-14.69295,145.44156,"run_day_11652_liz21_del_07_29.json","07",11652
145.441799,-14.693841,3125,3.55,2021-11-26 07:39:00,0.0529655208464678,5889.49720521384,"moving",29,-14.69295,145.44156,"run_day_11652_liz21_del_07_29.json","07",11652
145.441928,-14.694284,3125,3.55,2021-11-26 07:51:00,0.0511761625732009,5690.52964327708,"moving",29,-14.69295,145.44156,"run_day_11652_liz21_del_07_29.json","07",11652
145.441506,-14.693469,3126,3.55,2021-11-26 07:38:00,0.0570608697597931,6344.87922721492,"moving",29,-14.69295,145.44156,"run_day_11652_liz21_del_07_29.json","07",11652
145.441644,-14.693996,3126,3.55,2021-11-26 07:50:00,0.0604503444168326,6721.77161306801,"moving",29,-14.69295,145.44156,"run_day_11652_liz21_del_07_29.json","07",11652
145.441814,-14.69452,3126,3.55,2021-11-26 08:02:00,0.0610678306673465,6790.43295139793,"moving",29,-14.69295,145.44156,"run_day_11652_liz21_del_07_29.json","07",11652
145.441529,-14.693296,3127,3.55,2021-11-26 08:02:00,0.0546076913911686,6072.09823846969,"moving",29,-14.69295,145.44156,"run_day_11652_liz21_del_07_29.json","07",11652
145.441636,-14.693795,3127,3.55,2021-11-26 08:14:00,0.0566672514747382,6301.11087088227,"moving",29,-14.69295,145.44156,"run_day_11652_liz21_del_07_29.json","07",11652
145.441773,-14.694292,3127,3.55,2021-11-26 08:26:00,0.057194671487173,6359.75730047584,"moving",29,-14.69295,145.44156,"run_day_11652_liz21_del_07_29.json","07",11652
145.441592,-14.69359,3128,3.55,2021-11-26 07:46:00,0.0566078168162217,6294.50203838839,"moving",29,-14.69295,145.44156,"run_day_11652_liz21_del_07_29.json","07",11652
145.441728,-14.69411,3128,3.55,2021-11-26 07:58:00,0.0596429892566518,6631.9978152556,"moving",29,-14.69295,145.44156,"run_day_11652_liz21_del_07_29.json","07",11652
145.44189,-14.694601,3128,3.55,2021-11-26 08:10:00,0.0573097763705571,6372.55637954016,"moving",29,-14.69295,145.44156,"run_day_11652_liz21_del_07_29.json","07",11652
145.441704,-14.693363,3129,3.55,2021-11-26 07:46:00,0.0513036792403902,5704.70884973116,"moving",29,-14.69295,145.44156,"run_day_11652_liz21_del_07_29.json","07",11652
145.441796,-14.693822,3129,3.55,2021-11-26 07:58:00,0.0519888834082776,5780.90007691594,"moving",29,-14.69295,145.44156,"run_day_11652_liz21_del_07_29.json","07",11652
145.441913,-14.694249,3129,3.55,2021-11-26 08:10:00,0.0491196238139897,5461.85296680491,"moving",29,-14.69295,145.44156,"run_day_11652_liz21_del_07_29.json","07",11652
145.442049,-14.694667,3129,3.55,2021-11-26 08:22:00,0.0487269647043633,5418.19126591368,"moving",29,-14.69295,145.44156,"run_day_11652_liz21_del_07_29.json","07",11652
145.441667,-14.693538,3130,3.55,2021-11-26 07:36:00,0.054098296925227,6015.45615819617,"moving",29,-14.69295,145.44156,"run_day_11652_liz21_del_07_29.json","07",11652
145.441792,-14.694033,3130,3.55,2021-11-26 07:48:00,0.0566597553612153,6300.27734108897,"moving",29,-14.69295,145.44156,"run_day_11652_liz21_del_07_29.json","07",11652
145.441937,-14.6945,3130,3.55,2021-11-26 08:00:00,0.0542194908870129,6028.93231188673,"moving",29,-14.69295,145.44156,"run_day_11652_liz21_del_07_29.json","07",11652
145.441725,-14.693266,3131,3.55,2021-11-26 07:55:00,0.0494206842547901,5495.32936043528,"moving",29,-14.69295,145.44156,"run_day_11652_liz21_del_07_29.json","07",11652
145.4418,-14.693694,3131,3.55,2021-11-26 08:07:00,0.0482702674815624,5367.40885172555,"moving",29,-14.69295,145.44156,"run_day_11652_liz21_del_07_29.json","07",11652
145.441898,-14.694093,3131,3.55,2021-11-26 08:19:00,0.0456017255485484,5070.68052723614,"moving",29,-14.69295,145.44156,"run_day_11652_liz21_del_07_29.json","07",11652
145.442016,-14.694488,3131,3.55,2021-11-26 08:31:00,0.045718977161034,5083.71831168543,"moving",29,-14.69295,145.44156,"run_day_11652_liz21_del_07_29.json","07",11652
145.441649,-14.693301,3132,3.55,2021-11-26 07:34:00,0.0515493352132851,5732.02454761701,"moving",29,-14.69295,145.44156,"run_day_11652_liz21_del_07_29.json","07",11652
145.441749,-14.693788,3132,3.55,2021-11-26 07:46:00,0.0552097784434015,6139.04726407637,"moving",29,-14.69295,145.44156,"run_day_11652_liz21_del_07_29.json","07",11652
145.441879,-14.69425,3132,3.55,2021-11-26 07:58:00,0.0532409649001451,5920.12518655716,"moving",29,-14.69295,145.44156,"run_day_11652_liz21_del_07_29.json","07",11652
145.441617,-14.693527,3133,3.55,2021-11-26 07:33:00,0.0552121206551019,6139.30770613458,"moving",29,-14.69295,145.44156,"run_day_11652_liz21_del_07_29.json","07",11652
145.44175,-14.694039,3133,3.55,2021-11-26 07:45:00,0.0587015376678071,6527.31317489461,"moving",29,-14.69295,145.44156,"run_day_11652_liz21_del_07_29.json","07",11652
145.441904,-14.694527,3133,3.55,2021-11-26 07:57:00,0.0567349178945318,6308.63503346752,"moving",29,-14.69295,145.44156,"run_day_11652_liz21_del_07_29.json","07",11652
145.441598,-14.693435,3134,3.55,2021-11-26 07:31:00,0.0543435611369214,6042.72829422407,"moving",29,-14.69295,145.44156,"run_day_11652_liz21_del_07_29.json","07",11652
145.441725,-14.693946,3134,3.55,2021-11-26 07:43:00,0.0584394958325483,6498.17545224521,"moving",29,-14.69295,145.44156,"run_day_11652_liz21_del_07_29.json","07",11652
145.441876,-14.694439,3134,3.55,2021-11-26 07:55:00,0.0571744057957685,6357.50385840671,"moving",29,-14.69295,145.44156,"run_day_11652_liz21_del_07_29.json","07",11652
145.441475,-14.693371,3135,3.55,2021-11-26 08:05:00,0.0567172271029401,6306.6679071942,"moving",29,-14.69295,145.44156,"run_day_11652_liz21_del_07_29.json","07",11652
145.441595,-14.693881,3135,3.55,2021-11-26 08:17:00,0.0581596797419877,6467.06132258135,"moving",29,-14.69295,145.44156,"run_day_11652_liz21_del_07_29.json","07",11652
145.441746,-14.694389,3135,3.55,2021-11-26 08:29:00,0.0587755302587778,6535.54077561984,"moving",29,-14.69295,145.44156,"run_day_11652_liz21_del_07_29.json","07",11652
145.441539,-14.693468,3136,3.55,2021-11-26 07:54:00,0.0564617703599996,6278.26241340208,"moving",29,-14.69295,145.44156,"run_day_11652_liz21_del_07_29.json","07",11652
145.441663,-14.693984,3136,3.55,2021-11-26 08:06:00,0.0589063158484567,6550.08346967035,"moving",29,-14.69295,145.44156,"run_day_11652_liz21_del_07_29.json","07",11652
145.44182,-14.694485,3136,3.55,2021-11-26 08:18:00,0.0582117911263859,6472.85584414685,"moving",29,-14.69295,145.44156,"run_day_11652_liz21_del_07_29.json","07",11652
145.441604,-14.693311,3137,3.55,2021-11-26 08:00:00,0.0529213865987758,5884.58970077921,"moving",29,-14.69295,145.44156,"run_day_11652_liz21_del_07_29.json","07",11652
145.441701,-14.693801,3137,3.55,2021-11-26 08:12:00,0.0554754202314228,6168.58528320913,"moving",29,-14.69295,145.44156,"run_day_11652_liz21_del_07_29.json","07",11652
145.441828,-14.694272,3137,3.55,2021-11-26 08:24:00,0.0541248918534252,6018.41337928629,"moving",29,-14.69295,145.44156,"run_day_11652_liz21_del_07_29.json","07",11652
145.441525,-14.693423,3138,3.55,2021-11-26 07:26:00,0.0562536027434607,6255.11523055126,"moving",29,-14.69295,145.44156,"run_day_11652_liz21_del_07_29.json","07",11652
145.441662,-14.693942,3138,3.55,2021-11-26 07:38:00,0.0595617180688504,6622.96087148971,"moving",29,-14.69295,145.44156,"run_day_11652_liz21_del_07_29.json","07",11652
145.441827,-14.694463,3138,3.55,2021-11-26 07:50:00,0.0605899359599723,6737.29348446763,"moving",29,-14.69295,145.44156,"run_day_11652_liz21_del_07_29.json","07",11652
145.441606,-14.693554,3139,3.55,2021-11-26 07:33:00,0.0556927837369961,6192.75500226656,"moving",29,-14.69295,145.44156,"run_day_11652_liz21_del_07_29.json","07",11652
145.441745,-14.69407,3139,3.55,2021-11-26 07:45:00,0.0592924344799999,6593.0179025809,"moving",29,-14.69295,145.44156,"run_day_11652_liz21_del_07_29.json","07",11652
145.441903,-14.694563,3139,3.55,2021-11-26 07:57:00,0.0573928179971033,6381.79018711241,"moving",29,-14.69295,145.44156,"run_day_11652_liz21_del_07_29.json","07",11652
145.4416,-14.69335,3140,3.55,2021-11-26 07:59:00,0.0535095668324396,5949.99235871524,"moving",29,-14.69295,145.44156,"run_day_11652_liz21_del_07_29.json","07",11652
145.441702,-14.693845,3140,3.55,2021-11-26 08:11:00,0.0561242141429833,6240.72787461253,"moving",29,-14.69295,145.44156,"run_day_11652_liz21_del_07_29.json","07",11652
145.441834,-14.694319,3140,3.55,2021-11-26 08:23:00,0.0545851464346138,6069.59135367938,"moving",29,-14.69295,145.44156,"run_day_11652_liz21_del_07_29.json","07",11652
145.441751,-14.693636,3141,3.55,2021-11-26 07:20:00,0.0536673673689371,5967.53897779555,"moving",29,-14.69295,145.44156,"run_day_11652_liz21_del_07_29.json","07",11652
145.441878,-14.694087,3141,3.55,2021-11-26 07:32:00,0.0519760166720607,5779.46936112615,"moving",29,-14.69295,145.44156,"run_day_11652_liz21_del_07_29.json","07",11652
145.442012,-14.694539,3141,3.55,2021-11-26 07:44:00,0.0522858163879358,5813.91751780739,"moving",29,-14.69295,145.44156,"run_day_11652_liz21_del_07_29.json","07",11652
145.441538,-14.693422,3142,3.55,2021-11-26 07:35:00,0.055693905348541,6192.87971978002,"moving",29,-14.69295,145.44156,"run_day_11652_liz21_del_07_29.json","07",11652
145.441668,-14.693941,3142,3.55,2021-11-26 07:47:00,0.0593799306616883,6602.74703408541,"moving",29,-14.69295,145.44156,"run_day_11652_liz21_del_07_29.json","07",11652
145.441829,-14.694456,3142,3.55,2021-11-26 07:59:00,0.0598264000240355,6652.39216208065,"moving",29,-14.69295,145.44156,"run_day_11652_liz21_del_07_29.json","07",11652
145.441537,-14.693428,3143,3.55,2021-11-26 07:20:00,0.0564437507350172,6276.258722524,"moving",29,-14.69295,145.44156,"run_day_11652_liz21_del_07_29.json","07",11652
145.441675,-14.693946,3143,3.55,2021-11-26 07:32:00,0.0594807353705422,6613.95600629186,"moving",29,-14.69295,145.44156,"run_day_11652_liz21_del_07_29.json","07",11652
145.441839,-14.694463,3143,3.55,2021-11-26 07:44:00,0.0601331655007203,6686.5029267577,"moving",29,-14.69295,145.44156,"run_day_11652_liz21_del_07_29.json","07",11652
145.441615,-14.693172,3144,3.55,2021-11-26 07:12:00,0.0521817950070965,5802.35086799549,"moving",29,-14.69295,145.44156,"run_day_11652_liz21_del_07_29.json","07",11652
145.441716,-14.693657,3144,3.55,2021-11-26 07:24:00,0.0550128065720781,6117.14499129352,"moving",29,-14.69295,145.44156,"run_day_11652_liz21_del_07_29.json","07",11652
145.441851,-14.694132,3144,3.55,2021-11-26 07:36:00,0.054777174840334,6090.9439381671,"moving",29,-14.69295,145.44156,"run_day_11652_liz21_del_07_29.json","07",11652
145.441996,-14.694596,3144,3.55,2021-11-26 07:48:00,0.05390008768324,5993.41629607316,"moving",29,-14.69295,145.44156,"run_day_11652_liz21_del_07_29.json","07",11652
145.44177,-14.693449,3145,3.55,2021-11-26 08:02:00,0.0482002350523271,5359.621600894,"moving",29,-14.69295,145.44156,"run_day_11652_liz21_del_07_29.json","07",11652
145.44185,-14.693848,3145,3.55,2021-11-26 08:14:00,0.0451934858233927,5025.28634094405,"moving",29,-14.69295,145.44156,"run_day_11652_liz21_del_07_29.json","07",11652
145.441953,-14.69423,3145,3.55,2021-11-26 08:26:00,0.0438974130114416,4881.16961969315,"moving",29,-14.69295,145.44156,"run_day_11652_liz21_del_07_29.json","07",11652
145.442074,-14.694618,3145,3.55,2021-11-26 08:38:00,0.0450638509213099,5010.87159751639,"moving",29,-14.69295,145.44156,"run_day_11652_liz21_del_07_29.json","07",11652
145.441667,-14.693514,3146,3.55,2021-11-26 07:19:00,0.0547072997655269,6083.17418434965,"moving",29,-14.69295,145.44156,"run_day_11652_liz21_del_07_29.json","07",11652
145.441797,-14.694006,3146,3.55,2021-11-26 07:31:00,0.056466515814107,6278.79008382344,"moving",29,-14.69295,145.44156,"run_day_11652_liz21_del_07_29.json","07",11652
145.441941,-14.69448,3146,3.55,2021-11-26 07:43:00,0.0549349942956633,6108.49266092553,"moving",29,-14.69295,145.44156,"run_day_11652_liz21_del_07_29.json","07",11652
145.441475,-14.693399,3147,3.55,2021-11-26 07:11:00,0.0582698028209191,6479.306450265,"moving",29,-14.69295,145.44156,"run_day_11652_liz21_del_07_29.json","07",11652
145.441622,-14.693926,3147,3.55,2021-11-26 07:23:00,0.0606952903475539,6749.00835786645,"moving",29,-14.69295,145.44156,"run_day_11652_liz21_del_07_29.json","07",11652
145.441794,-14.694457,3147,3.55,2021-11-26 07:35:00,0.0618749029360284,6880.17529311087,"moving",29,-14.69295,145.44156,"run_day_11652_liz21_del_07_29.json","07",11652
145.441631,-14.693234,3148,3.55,2021-11-26 07:13:00,0.0525081161161313,5838.6361197772,"moving",29,-14.69295,145.44156,"run_day_11652_liz21_del_07_29.json","07",11652
145.441734,-14.693721,3148,3.55,2021-11-26 07:25:00,0.0552735481216009,6146.1381287659,"moving",29,-14.69295,145.44156,"run_day_11652_liz21_del_07_29.json","07",11652
145.441871,-14.694192,3148,3.55,2021-11-26 07:37:00,0.0544063013094768,6049.70468310904,"moving",29,-14.69295,145.44156,"run_day_11652_liz21_del_07_29.json","07",11652
145.442019,-14.694653,3148,3.55,2021-11-26 07:49:00,0.0536756673679328,5968.46189557502,"moving",29,-14.69295,145.44156,"run_day_11652_liz21_del_07_29.json","07",11652
145.441627,-14.693479,3149,3.55,2021-11-26 08:02:00,0.0542953708224408,6037.36977574042,"moving",29,-14.69295,145.44156,"run_day_11652_liz21_del_07_29.json","07",11652
145.441736,-14.693974,3149,3.55,2021-11-26 08:14:00,0.0562762328913791,6257.63158818901,"moving",29,-14.69295,145.44156,"run_day_11652_liz21_del_07_29.json","07",11652
145.441875,-14.694436,3149,3.55,2021-11-26 08:26:00,0.053503345245468,5949.30054980831,"moving",29,-14.69295,145.44156,"run_day_11652_liz21_del_07_29.json","07",11652
145.441582,-14.69366,3150,3.55,2021-11-26 07:32:00,0.0576324216808927,6408.43290115514,"moving",29,-14.69295,145.44156,"run_day_11652_liz21_del_07_29.json","07",11652
145.441735,-14.694187,3150,3.55,2021-11-26 07:44:00,0.0608665875116204,6768.05573345924,"moving",29,-14.69295,145.44156,"run_day_11652_liz21_del_07_29.json","07",11652
145.441908,-14.694692,3150,3.55,2021-11-26 07:56:00,0.059156140392466,6577.86269151547,"moving",29,-14.69295,145.44156,"run_day_11652_liz21_del_07_29.json","07",11652
145.441732,-14.693462,3151,3.55,2021-11-26 08:05:00,0.0510476225183257,5676.23664130435,"moving",29,-14.69295,145.44156,"run_day_11652_liz21_del_07_29.json","07",11652
145.44182,-14.693892,3151,3.55,2021-11-26 08:17:00,0.0487416665936484,5419.82604141428,"moving",29,-14.69295,145.44156,"run_day_11652_liz21_del_07_29.json","07",11652
145.441932,-14.694298,3151,3.55,2021-11-26 08:29:00,0.0467247495603165,5195.55509984478,"moving",29,-14.69295,145.44156,"run_day_11652_liz21_del_07_29.json","07",11652
145.441747,-14.693185,3152,3.55,2021-11-26 07:18:00,0.0480156764113264,5339.09961634631,"moving",29,-14.69295,145.44156,"run_day_11652_liz21_del_07_29.json","07",11652
145.441821,-14.693583,3152,3.55,2021-11-26 07:30:00,0.0449656244160341,4999.94930846769,"moving",29,-14.69295,145.44156,"run_day_11652_liz21_del_07_29.json","07",11652
145.441923,-14.693974,3152,3.55,2021-11-26 07:42:00,0.0448400499043905,4985.98605985706,"moving",29,-14.69295,145.44156,"run_day_11652_liz21_del_07_29.json","07",11652
145.442036,-14.694374,3152,3.55,2021-11-26 07:54:00,0.046108689792613,5127.05237916632,"moving",29,-14.69295,145.44156,"run_day_11652_liz21_del_07_29.json","07",11652
145.441645,-14.693572,3153,3.55,2021-11-26 07:42:00,0.0551863168165274,6136.43845019714,"moving",29,-14.69295,145.44156,"run_day_11652_liz21_del_07_29.json","07",11652
145.441773,-14.694077,3153,3.55,2021-11-26 07:54:00,0.0578165343261658,6428.90529324062,"moving",29,-14.69295,145.44156,"run_day_11652_liz21_del_07_29.json","07",11652
145.441924,-14.694551,3153,3.55,2021-11-26 08:06:00,0.0551519980197819,6132.6223741105,"moving",29,-14.69295,145.44156,"run_day_11652_liz21_del_07_29.json","07",11652
145.441493,-14.693468,3154,3.55,2021-11-26 07:12:00,0.0586466009943967,6521.20449552465,"moving",29,-14.69295,145.44156,"run_day_11652_liz21_del_07_29.json","07",11652
145.441646,-14.693998,3154,3.55,2021-11-26 07:24:00,0.0611878188857553,6803.7750325421,"moving",29,-14.69295,145.44156,"run_day_11652_liz21_del_07_29.json","07",11652
145.44182,-14.694526,3154,3.55,2021-11-26 07:36:00,0.0616216483430848,6852.01466722611,"moving",29,-14.69295,145.44156,"run_day_11652_liz21_del_07_29.json","07",11652
145.441745,-14.693211,3155,3.55,2021-11-26 07:46:00,0.0476126140734946,5294.28112925792,"moving",29,-14.69295,145.44156,"run_day_11652_liz21_del_07_29.json","07",11652
145.441815,-14.693617,3155,3.55,2021-11-26 07:58:00,0.0457686679599362,5089.24367642427,"moving",29,-14.69295,145.44156,"run_day_11652_liz21_del_07_29.json","07",11652
145.441907,-14.694002,3155,3.55,2021-11-26 08:10:00,0.0439388023416092,4885.771903225,"moving",29,-14.69295,145.44156,"run_day_11652_liz21_del_07_29.json","07",11652
145.442016,-14.694385,3155,3.55,2021-11-26 08:22:00,0.0441719010740817,4911.69129968322,"moving",29,-14.69295,145.44156,"run_day_11652_liz21_del_07_29.json","07",11652
145.441495,-14.693404,3156,3.55,2021-11-26 07:14:00,0.0576237588488791,6407.46963818486,"moving",29,-14.69295,145.44156,"run_day_11652_liz21_del_07_29.json","07",11652
145.441638,-14.693927,3156,3.55,2021-11-26 07:26:00,0.0601545371440596,6688.87934507109,"moving",29,-14.69295,145.44156,"run_day_11652_liz21_del_07_29.json","07",11652
145.441808,-14.694454,3156,3.55,2021-11-26 07:38:00,0.0613861940815414,6825.83334788565,"moving",29,-14.69295,145.44156,"run_day_11652_liz21_del_07_29.json","07",11652
145.441537,-14.693532,3157,3.55,2021-11-26 07:50:00,0.0571843160382272,6358.60582708993,"moving",29,-14.69295,145.44156,"run_day_11652_liz21_del_07_29.json","07",11652
145.441671,-14.694056,3157,3.55,2021-11-26 08:02:00,0.0600222666583644,6674.17153811697,"moving",29,-14.69295,145.44156,"run_day_11652_liz21_del_07_29.json","07",11652
145.441836,-14.694561,3157,3.55,2021-11-26 08:14:00,0.0588911495300026,6548.39705200238,"moving",29,-14.69295,145.44156,"run_day_11652_liz21_del_07_29.json","07",11652
145.441662,-14.693179,3158,3.55,2021-11-26 07:18:00,0.0507006904796487,5637.65955871302,"moving",29,-14.69295,145.44156,"run_day_11652_liz21_del_07_29.json","07",11652
145.441753,-14.693646,3158,3.55,2021-11-26 07:30:00,0.0528424250388165,5875.80957591179,"moving",29,-14.69295,145.44156,"run_day_11652_liz21_del_07_29.json","07",11652
145.441877,-14.694096,3158,3.55,2021-11-26 07:42:00,0.0517846961298365,5758.19548746793,"moving",29,-14.69295,145.44156,"run_day_11652_liz21_del_07_29.json","07",11652
145.442011,-14.69454,3158,3.55,2021-11-26 07:54:00,0.0514313056365962,5718.9002574952,"moving",29,-14.69295,145.44156,"run_day_11652_liz21_del_07_29.json","07",11652
145.441729,-14.693351,3159,3.55,2021-11-26 07:56:00,0.0503156109372717,5594.84066724608,"moving",29,-14.69295,145.44156,"run_day_11652_liz21_del_07_29.json","07",11652
145.44181,-14.693782,3159,3.55,2021-11-26 08:08:00,0.0487104702811715,5416.35716973682,"moving",29,-14.69295,145.44156,"run_day_11652_liz21_del_07_29.json","07",11652
145.441915,-14.694185,3159,3.55,2021-11-26 08:20:00,0.0462127819909854,5138.62690352861,"moving",29,-14.69295,145.44156,"run_day_11652_liz21_del_07_29.json","07",11652
145.44204,-14.694586,3159,3.55,2021-11-26 08:32:00,0.0465720419912138,5178.57479290033,"moving",29,-14.69295,145.44156,"run_day_11652_liz21_del_07_29.json","07",11652
145.441726,-14.693546,3160,3.55,2021-11-26 07:43:00,0.0528362177348354,5875.11935520095,"moving",29,-14.69295,145.44156,"run_day_11652_liz21_del_07_29.json","07",11652
145.441836,-14.694002,3160,3.55,2021-11-26 07:55:00,0.0520669562941929,5789.58138573823,"moving",29,-14.69295,145.44156,"run_day_11652_liz21_del_07_29.json","07",11652
145.441965,-14.694437,3160,3.55,2021-11-26 08:07:00,0.0503204969539905,5595.38396751671,"moving",29,-14.69295,145.44156,"run_day_11652_liz21_del_07_29.json","07",11652
145.441765,-14.693312,3161,3.55,2021-11-26 07:39:00,0.0472838851979809,5257.72814605923,"moving",29,-14.69295,145.44156,"run_day_11652_liz21_del_07_29.json","07",11652
145.441841,-14.693712,3161,3.55,2021-11-26 07:51:00,0.045222907836043,5028.55791948244,"moving",29,-14.69295,145.44156,"run_day_11652_liz21_del_07_29.json","07",11652
145.441942,-14.694098,3161,3.55,2021-11-26 08:03:00,0.0442746668257193,4923.11832989814,"moving",29,-14.69295,145.44156,"run_day_11652_liz21_del_07_29.json","07",11652
145.442056,-14.69449,3161,3.55,2021-11-26 08:15:00,0.0452802046931393,5034.92903930423,"moving",29,-14.69295,145.44156,"run_day_11652_liz21_del_07_29.json","07",11652
145.441601,-14.693265,3162,3.55,2021-11-26 07:55:00,0.0526169099571994,5850.73344295414,"moving",29,-14.69295,145.44156,"run_day_11652_liz21_del_07_29.json","07",11652
145.441698,-14.693756,3162,3.55,2021-11-26 08:07:00,0.0555846353323533,6180.72944834557,"moving",29,-14.69295,145.44156,"run_day_11652_liz21_del_07_29.json","07",11652
145.441822,-14.69423,3162,3.55,2021-11-26 08:19:00,0.0543676883001561,6045.41111237009,"moving",29,-14.69295,145.44156,"run_day_11652_liz21_del_07_29.json","07",11652
145.441971,-14.694674,3162,3.55,2021-11-26 08:31:00,0.0519065330570594,5771.74313565308,"moving",29,-14.69295,145.44156,"run_day_11652_liz21_del_07_29.json","07",11652
145.441586,-14.693235,3163,3.55,2021-11-26 07:26:00,0.0524521470593202,5832.41264461072,"moving",29,-14.69295,145.44156,"run_day_11652_liz21_del_07_29.json","07",11652
145.441693,-14.693729,3163,3.55,2021-11-26 07:38:00,0.0561229779951297,6240.59042124263,"moving",29,-14.69295,145.44156,"run_day_11652_liz21_del_07_29.json","07",11652
145.441833,-14.694222,3163,3.55,2021-11-26 07:50:00,0.0568496399114547,6321.39153972379,"moving",29,-14.69295,145.44156,"run_day_11652_liz21_del_07_29.json","07",11652
145.441989,-14.69469,3163,3.55,2021-11-26 08:02:00,0.0546773942519815,6079.8488429647,"moving",29,-14.69295,145.44156,"run_day_11652_liz21_del_07_29.json","07",11652
145.441771,-14.693249,3164,3.55,2021-11-26 07:19:00,0.0467548433515689,5198.90137675554,"moving",29,-14.69295,145.44156,"run_day_11652_liz21_del_07_29.json","07",11652
145.441845,-14.693632,3164,3.55,2021-11-26 07:31:00,0.0433250439659272,4817.52508566355,"moving",29,-14.69295,145.44156,"run_day_11652_liz21_del_07_29.json","07",11652
145.441948,-14.694014,3164,3.55,2021-11-26 07:43:00,0.0438974157746801,4881.16992695125,"moving",29,-14.69295,145.44156,"run_day_11652_liz21_del_07_29.json","07",11652
145.442059,-14.694411,3164,3.55,2021-11-26 07:55:00,0.0457303548398061,5084.98345184188,"moving",29,-14.69295,145.44156,"run_day_11652_liz21_del_07_29.json","07",11652
145.441611,-14.693464,3165,3.55,2021-11-26 08:02:00,0.0544678922736288,6056.55328584988,"moving",29,-14.69295,145.44156,"run_day_11652_liz21_del_07_29.json","07",11652
145.441721,-14.693962,3165,3.55,2021-11-26 08:14:00,0.0566249172852789,6296.4035237908,"moving",29,-14.69295,145.44156,"run_day_11652_liz21_del_07_29.json","07",11652
145.441861,-14.69443,3165,3.55,2021-11-26 08:26:00,0.0541740575499489,6023.88035530467,"moving",29,-14.69295,145.44156,"run_day_11652_liz21_del_07_29.json","07",11652
145.441643,-14.693297,3166,3.55,2021-11-26 07:50:00,0.0519211904111071,5773.37295906122,"moving",29,-14.69295,145.44156,"run_day_11652_liz21_del_07_29.json","07",11652
145.441737,-14.693784,3166,3.55,2021-11-26 08:02:00,0.0550876894966198,6125.47159259487,"moving",29,-14.69295,145.44156,"run_day_11652_liz21_del_07_29.json","07",11652
145.44186,-14.694239,3166,3.55,2021-11-26 08:14:00,0.0522947946630695,5814.91585645227,"moving",29,-14.69295,145.44156,"run_day_11652_liz21_del_07_29.json","07",11652
145.442003,-14.694672,3166,3.55,2021-11-26 08:26:00,0.0505444482472608,5620.28621514386,"moving",29,-14.69295,145.44156,"run_day_11652_liz21_del_07_29.json","07",11652
145.441714,-14.693322,3167,3.55,2021-11-26 07:44:00,0.0505186171615207,5617.41392945984,"moving",29,-14.69295,145.44156,"run_day_11652_liz21_del_07_29.json","07",11652
145.441799,-14.69377,3167,3.55,2021-11-26 07:56:00,0.0506473250528112,5631.72559399046,"moving",29,-14.69295,145.44156,"run_day_11652_liz21_del_07_29.json","07",11652
145.441911,-14.694189,3167,3.55,2021-11-26 08:08:00,0.0481228596199141,5351.01784536275,"moving",29,-14.69295,145.44156,"run_day_11652_liz21_del_07_29.json","07",11652
145.442041,-14.694602,3167,3.55,2021-11-26 08:20:00,0.0480049977081848,5337.91219873382,"moving",29,-14.69295,145.44156,"run_day_11652_liz21_del_07_29.json","07",11652
145.441555,-14.69342,3168,3.55,2021-11-26 08:09:00,0.0548632477547949,6100.51480957667,"moving",29,-14.69295,145.44156,"run_day_11652_liz21_del_07_29.json","07",11652
145.441666,-14.693919,3168,3.55,2021-11-26 08:21:00,0.0567561911880155,6311.00051577594,"moving",29,-14.69295,145.44156,"run_day_11652_liz21_del_07_29.json","07",11652
145.44181,-14.694407,3168,3.55,2021-11-26 08:33:00,0.0564302784333835,6274.7606709321,"moving",29,-14.69295,145.44156,"run_day_11652_liz21_del_07_29.json","07",11652
145.44159,-14.693458,3169,3.55,2021-11-26 07:44:00,0.0551035147417122,6127.23127956205,"moving",29,-14.69295,145.44156,"run_day_11652_liz21_del_07_29.json","07",11652
145.441712,-14.693972,3169,3.55,2021-11-26 07:56:00,0.0586412118948235,6520.60525499292,"moving",29,-14.69295,145.44156,"run_day_11652_liz21_del_07_29.json","07",11652
145.441864,-14.694462,3169,3.55,2021-11-26 08:08:00,0.056885460306895,6325.37458596714,"moving",29,-14.69295,145.44156,"run_day_11652_liz21_del_07_29.json","07",11652
145.441555,-14.693537,3170,3.55,2021-11-26 07:57:00,0.0568249479352882,6318.64591724525,"moving",29,-14.69295,145.44156,"run_day_11652_liz21_del_07_29.json","07",11652
145.441683,-14.694053,3170,3.55,2021-11-26 08:09:00,0.0590052139858079,6561.08044079841,"moving",29,-14.69295,145.44156,"run_day_11652_liz21_del_07_29.json","07",11652
145.441842,-14.694547,3170,3.55,2021-11-26 08:21:00,0.0575309174898137,6397.14615007399,"moving",29,-14.69295,145.44156,"run_day_11652_liz21_del_07_29.json","07",11652
145.441691,-14.693576,3171,3.55,2021-11-26 07:27:00,0.0542073206209382,6027.5790400433,"moving",29,-14.69295,145.44156,"run_day_11652_liz21_del_07_29.json","07",11652
145.441821,-14.694061,3171,3.55,2021-11-26 07:39:00,0.0557127254376917,6194.97241821257,"moving",29,-14.69295,145.44156,"run_day_11652_liz21_del_07_29.json","07",11652
145.441964,-14.694526,3171,3.55,2021-11-26 07:51:00,0.0539448093959753,5998.38912364018,"moving",29,-14.69295,145.44156,"run_day_11652_liz21_del_07_29.json","07",11652
145.441721,-14.693198,3172,3.55,2021-11-26 07:19:00,0.0494249962403088,5495.80883134872,"moving",29,-14.69295,145.44156,"run_day_11652_liz21_del_07_29.json","07",11652
145.441801,-14.693622,3172,3.55,2021-11-26 07:31:00,0.0479254320372693,5329.06489979294,"moving",29,-14.69295,145.44156,"run_day_11652_liz21_del_07_29.json","07",11652
145.441912,-14.694035,3172,3.55,2021-11-26 07:43:00,0.0474500509437883,5276.20493397512,"moving",29,-14.69295,145.44156,"run_day_11652_liz21_del_07_29.json","07",11652
145.442032,-14.694453,3172,3.55,2021-11-26 07:55:00,0.048238282811858,5363.85231872403,"moving",29,-14.69295,145.44156,"run_day_11652_liz21_del_07_29.json","07",11652
145.441715,-14.693577,3173,3.55,2021-11-26 07:25:00,0.0539060764622301,5994.08221791365,"moving",29,-14.69295,145.44156,"run_day_11652_liz21_del_07_29.json","07",11652
145.441841,-14.694046,3173,3.55,2021-11-26 07:37:00,0.0538825806030348,5991.46959757397,"moving",29,-14.69295,145.44156,"run_day_11652_liz21_del_07_29.json","07",11652
145.441978,-14.694503,3173,3.55,2021-11-26 07:49:00,0.0529094306562368,5883.26026062562,"moving",29,-14.69295,145.44156,"run_day_11652_liz21_del_07_29.json","07",11652
145.441679,-14.693447,3174,3.55,2021-11-26 07:35:00,0.0526848715913994,5858.29043188365,"moving",29,-14.69295,145.44156,"run_day_11652_liz21_del_07_29.json","07",11652
145.441791,-14.69393,3174,3.55,2021-11-26 07:47:00,0.0550415932820697,6120.34592739937,"moving",29,-14.69295,145.44156,"run_day_11652_liz21_del_07_29.json","07",11652
145.441925,-14.694386,3174,3.55,2021-11-26 07:59:00,0.0527135093710251,5861.47480768839,"moving",29,-14.69295,145.44156,"run_day_11652_liz21_del_07_29.json","07",11652
145.441732,-14.693582,3175,3.55,2021-11-26 07:32:00,0.053041247840441,5897.91766275369,"moving",29,-14.69295,145.44156,"run_day_11652_liz21_del_07_29.json","07",11652
145.441851,-14.694039,3175,3.55,2021-11-26 07:44:00,0.0524032421307505,5826.97466466585,"moving",29,-14.69295,145.44156,"run_day_11652_liz21_del_07_29.json","07",11652
145.441985,-14.694484,3175,3.55,2021-11-26 07:56:00,0.0515380556476055,5730.77031713868,"moving",29,-14.69295,145.44156,"run_day_11652_liz21_del_07_29.json","07",11652
145.441585,-14.693492,3176,3.55,2021-11-26 07:45:00,0.0555610156122749,6178.10305530409,"moving",29,-14.69295,145.44156,"run_day_11652_liz21_del_07_29.json","07",11652
145.441712,-14.694009,3176,3.55,2021-11-26 07:57:00,0.0590883884133398,6570.32901516651,"moving",29,-14.69295,145.44156,"run_day_11652_liz21_del_07_29.json","07",11652
145.441867,-14.694501,3176,3.55,2021-11-26 08:09:00,0.0571917286213537,6359.43006872694,"moving",29,-14.69295,145.44156,"run_day_11652_liz21_del_07_29.json","07",11652
145.441472,-14.693488,3177,3.55,2021-11-26 08:06:00,0.058007137273713,6450.09937401136,"moving",29,-14.69295,145.44156,"run_day_11652_liz21_del_07_29.json","07",11652
145.441601,-14.694006,3177,3.55,2021-11-26 08:18:00,0.0592465858789339,6587.9197707486,"moving",29,-14.69295,145.44156,"run_day_11652_liz21_del_07_29.json","07",11652
145.441765,-14.694516,3177,3.55,2021-11-26 08:30:00,0.0593894805114882,6603.80892893339,"moving",29,-14.69295,145.44156,"run_day_11652_liz21_del_07_29.json","07",11652
145.441667,-14.693144,3178,3.55,2021-11-26 07:15:00,0.0503314304467737,5596.59971644471,"moving",29,-14.69295,145.44156,"run_day_11652_liz21_del_07_29.json","07",11652
145.441756,-14.693606,3178,3.55,2021-11-26 07:27:00,0.0522563384446634,5810.63972006758,"moving",29,-14.69295,145.44156,"run_day_11652_liz21_del_07_29.json","07",11652
145.441876,-14.69405,3178,3.55,2021-11-26 07:39:00,0.0510298100827352,5674.2559888355,"moving",29,-14.69295,145.44156,"run_day_11652_liz21_del_07_29.json","07",11652
145.442006,-14.694491,3178,3.55,2021-11-26 07:51:00,0.0509915233181325,5669.99869485405,"moving",29,-14.69295,145.44156,"run_day_11652_liz21_del_07_29.json","07",11652
145.441621,-14.693315,3179,3.55,2021-11-26 07:54:00,0.0526601772001474,5855.54454085986,"moving",29,-14.69295,145.44156,"run_day_11652_liz21_del_07_29.json","07",11652
145.441719,-14.693808,3179,3.55,2021-11-26 08:06:00,0.0558232972785255,6207.26744594304,"moving",29,-14.69295,145.44156,"run_day_11652_liz21_del_07_29.json","07",11652
145.441846,-14.694273,3179,3.55,2021-11-26 08:18:00,0.05347958429861,5946.65845306544,"moving",29,-14.69295,145.44156,"run_day_11652_liz21_del_07_29.json","07",11652
145.441593,-14.693292,3180,3.55,2021-11-26 07:53:00,0.0530743149436873,5901.59455687352,"moving",29,-14.69295,145.44156,"run_day_11652_liz21_del_07_29.json","07",11652
145.441694,-14.693788,3180,3.55,2021-11-26 08:05:00,0.0562123833248167,6250.5318403188,"moving",29,-14.69295,145.44156,"run_day_11652_liz21_del_07_29.json","07",11652
145.441824,-14.694267,3180,3.55,2021-11-26 08:17:00,0.0550671610185813,6123.18892998525,"moving",29,-14.69295,145.44156,"run_day_11652_liz21_del_07_29.json","07",11652
145.441762,-14.693596,3181,3.55,2021-11-26 08:08:00,0.0505740280790811,5623.57534237328,"moving",29,-14.69295,145.44156,"run_day_11652_liz21_del_07_29.json","07",11652
145.441857,-14.694012,3181,3.55,2021-11-26 08:20:00,0.0473722141384713,5267.54987611765,"moving",29,-14.69295,145.44156,"run_day_11652_liz21_del_07_29.json","07",11652
145.441974,-14.694414,3181,3.55,2021-11-26 08:32:00,0.0464379890403146,5163.6687848586,"moving",29,-14.69295,145.44156,"run_day_11652_liz21_del_07_29.json","07",11652
145.441657,-14.693623,3182,3.55,2021-11-26 07:38:00,0.0555347909485682,6175.18700574694,"moving",29,-14.69295,145.44156,"run_day_11652_liz21_del_07_29.json","07",11652
145.441792,-14.694126,3182,3.55,2021-11-26 07:50:00,0.0577851471746775,6425.41520123329,"moving",29,-14.69295,145.44156,"run_day_11652_liz21_del_07_29.json","07",11652
145.441946,-14.694601,3182,3.55,2021-11-26 08:02:00,0.0553539690365381,6155.08052650302,"moving",29,-14.69295,145.44156,"run_day_11652_liz21_del_07_29.json","07",11652
145.441495,-14.69329,3183,3.55,2021-11-26 07:49:00,0.0554776988897098,6168.8386584502,"moving",29,-14.69295,145.44156,"run_day_11652_liz21_del_07_29.json","07",11652
145.441613,-14.693802,3183,3.55,2021-11-26 08:01:00,0.0583293610880418,6485.92902740879,"moving",29,-14.69295,145.44156,"run_day_11652_liz21_del_07_29.json","07",11652
145.44176,-14.694316,3183,3.55,2021-11-26 08:13:00,0.0593008527146271,6593.95396756274,"moving",29,-14.69295,145.44156,"run_day_11652_liz21_del_07_29.json","07",11652
145.441688,-14.693215,3184,3.55,2021-11-26 07:57:00,0.0498429704402653,5542.28544185221,"moving",29,-14.69295,145.44156,"run_day_11652_liz21_del_07_29.json","07",11652
145.441766,-14.693669,3184,3.55,2021-11-26 08:09:00,0.0511748691692124,5690.38582331546,"moving",29,-14.69295,145.44156,"run_day_11652_liz21_del_07_29.json","07",11652
145.441868,-14.694088,3184,3.55,2021-11-26 08:21:00,0.0478649407695767,5322.33857771923,"moving",29,-14.69295,145.44156,"run_day_11652_liz21_del_07_29.json","07",11652
145.441991,-14.694496,3184,3.55,2021-11-26 08:33:00,0.0472571291142916,5254.7530052961,"moving",29,-14.69295,145.44156,"run_day_11652_liz21_del_07_29.json","07",11652
145.44161,-14.693309,3185,3.55,2021-11-26 07:53:00,0.0529213866187849,5884.58970300412,"moving",29,-14.69295,145.44156,"run_day_11652_liz21_del_07_29.json","07",11652
145.44171,-14.693804,3185,3.55,2021-11-26 08:05:00,0.0560825610680098,6236.09626399634,"moving",29,-14.69295,145.44156,"run_day_11652_liz21_del_07_29.json","07",11652
145.441839,-14.694274,3185,3.55,2021-11-26 08:17:00,0.0540721028363335,6012.54350840314,"moving",29,-14.69295,145.44156,"run_day_11652_liz21_del_07_29.json","07",11652
145.441516,-14.693424,3186,3.55,2021-11-26 08:00:00,0.0564858412138757,6280.9389702331,"moving",29,-14.69295,145.44156,"run_day_11652_liz21_del_07_29.json","07",11652
145.441636,-14.693935,3186,3.55,2021-11-26 08:12:00,0.0582681064416978,6479.11782150192,"moving",29,-14.69295,145.44156,"run_day_11652_liz21_del_07_29.json","07",11652
145.441789,-14.694438,3186,3.55,2021-11-26 08:24:00,0.0583017584464057,6482.85975369687,"moving",29,-14.69295,145.44156,"run_day_11652_liz21_del_07_29.json","07",11652
145.441727,-14.693667,3187,3.55,2021-11-26 07:49:00,0.0544823627366849,6058.16232792792,"moving",29,-14.69295,145.44156,"run_day_11652_liz21_del_07_29.json","07",11652
145.441847,-14.69413,3187,3.55,2021-11-26 08:01:00,0.0530765069809469,5901.8383002958,"moving",29,-14.69295,145.44156,"run_day_11652_liz21_del_07_29.json","07",11652
145.441985,-14.694569,3187,3.55,2021-11-26 08:13:00,0.0510213434343039,5673.31454048426,"moving",29,-14.69295,145.44156,"run_day_11652_liz21_del_07_29.json","07",11652
145.441496,-14.693299,3188,3.55,2021-11-26 07:24:00,0.0554170752630316,6162.09761872879,"moving",29,-14.69295,145.44156,"run_day_11652_liz21_del_07_29.json","07",11652
145.441625,-14.693812,3188,3.55,2021-11-26 07:36:00,0.0587062198484849,6527.83380963162,"moving",29,-14.69295,145.44156,"run_day_11652_liz21_del_07_29.json","07",11652
145.441784,-14.694337,3188,3.55,2021-11-26 07:48:00,0.0608307760406627,6764.07367957307,"moving",29,-14.69295,145.44156,"run_day_11652_liz21_del_07_29.json","07",11652
145.441578,-14.693213,3189,3.55,2021-11-26 08:01:00,0.0523993322523052,5826.53990601894,"moving",29,-14.69295,145.44156,"run_day_11652_liz21_del_07_29.json","07",11652
145.441673,-14.693698,3189,3.55,2021-11-26 08:13:00,0.0548890143860703,6103.37992825121,"moving",29,-14.69295,145.44156,"run_day_11652_liz21_del_07_29.json","07",11652
145.441793,-14.694178,3189,3.55,2021-11-26 08:25:00,0.0549120006378414,6105.93588283073,"moving",29,-14.69295,145.44156,"run_day_11652_liz21_del_07_29.json","07",11652
145.44194,-14.694625,3189,3.55,2021-11-26 08:37:00,0.0521583110418397,5799.73957020144,"moving",29,-14.69295,145.44156,"run_day_11652_liz21_del_07_29.json","07",11652
145.441656,-14.693301,3190,3.55,2021-11-26 07:57:00,0.0516409462044712,5742.21122506178,"moving",29,-14.69295,145.44156,"run_day_11652_liz21_del_07_29.json","07",11652
145.441746,-14.693779,3190,3.55,2021-11-26 08:09:00,0.0540255017198227,6007.36170067116,"moving",29,-14.69295,145.44156,"run_day_11652_liz21_del_07_29.json","07",11652
145.441863,-14.694223,3190,3.55,2021-11-26 08:21:00,0.0509491497205236,5665.28696577627,"moving",29,-14.69295,145.44156,"run_day_11652_liz21_del_07_29.json","07",11652
145.442003,-14.694649,3190,3.55,2021-11-26 08:33:00,0.0497048572792258,5526.92795904177,"moving",29,-14.69295,145.44156,"run_day_11652_liz21_del_07_29.json","07",11652
145.441767,-14.693487,3191,3.55,2021-11-26 08:01:00,0.0491126927769394,5461.08227064853,"moving",29,-14.69295,145.44156,"run_day_11652_liz21_del_07_29.json","07",11652
145.441852,-14.693893,3191,3.55,2021-11-26 08:13:00,0.0460615706675246,5121.81297150856,"moving",29,-14.69295,145.44156,"run_day_11652_liz21_del_07_29.json","07",11652
145.441959,-14.694283,3191,3.55,2021-11-26 08:25:00,0.0448671657544606,4989.0012048165,"moving",29,-14.69295,145.44156,"run_day_11652_liz21_del_07_29.json","07",11652
145.442086,-14.694676,3191,3.55,2021-11-26 08:37:00,0.0457847951466929,5091.03693777267,"moving",29,-14.69295,145.44156,"run_day_11652_liz21_del_07_29.json","07",11652
145.441587,-14.693385,3192,3.55,2021-11-26 08:09:00,0.0537272512383773,5974.19776026514,"moving",29,-14.69295,145.44156,"run_day_11652_liz21_del_07_29.json","07",11652
145.44169,-14.693877,3192,3.55,2021-11-26 08:21:00,0.0558183505251808,6206.71739206775,"moving",29,-14.69295,145.44156,"run_day_11652_liz21_del_07_29.json","07",11652
145.441825,-14.694352,3192,3.55,2021-11-26 08:33:00,0.0547771709646984,6090.94350721609,"moving",29,-14.69295,145.44156,"run_day_11652_liz21_del_07_29.json","07",11652
145.44177,-14.693307,3193,3.55,2021-11-26 07:35:00,0.0467361577644023,5196.82363426124,"moving",29,-14.69295,145.44156,"run_day_11652_liz21_del_07_29.json","07",11652
145.441845,-14.6937,3193,3.55,2021-11-26 07:47:00,0.0444379366272956,4941.27310350768,"moving",29,-14.69295,145.44156,"run_day_11652_liz21_del_07_29.json","07",11652
145.441946,-14.694084,3193,3.55,2021-11-26 07:59:00,0.0440591091209668,4899.14940673051,"moving",29,-14.69295,145.44156,"run_day_11652_liz21_del_07_29.json","07",11652
145.44206,-14.694476,3193,3.55,2021-11-26 08:11:00,0.0452802049058989,5034.92906296202,"moving",29,-14.69295,145.44156,"run_day_11652_liz21_del_07_29.json","07",11652
145.441534,-14.693472,3194,3.55,2021-11-26 07:45:00,0.0565345643018393,6286.35673042511,"moving",29,-14.69295,145.44156,"run_day_11652_liz21_del_07_29.json","07",11652
145.441665,-14.693994,3194,3.55,2021-11-26 07:57:00,0.0597294673955627,6641.61374556816,"moving",29,-14.69295,145.44156,"run_day_11652_liz21_del_07_29.json","07",11652
145.441828,-14.694504,3194,3.55,2021-11-26 08:09:00,0.0593576233523361,6600.26657445835,"moving",29,-14.69295,145.44156,"run_day_11652_liz21_del_07_29.json","07",11652
145.441579,-14.693532,3195,3.55,2021-11-26 07:44:00,0.0561503000803812,6243.62849850795,"moving",29,-14.69295,145.44156,"run_day_11652_liz21_del_07_29.json","07",11652
145.441712,-14.694052,3195,3.55,2021-11-26 07:56:00,0.0595646729629903,6623.28944072683,"moving",29,-14.69295,145.44156,"run_day_11652_liz21_del_07_29.json","07",11652
145.441872,-14.694549,3195,3.55,2021-11-26 08:08:00,0.0578813959090262,6436.11757218883,"moving",29,-14.69295,145.44156,"run_day_11652_liz21_del_07_29.json","07",11652
145.441661,-14.69319,3196,3.55,2021-11-26 08:04:00,0.0500110470835404,5560.97471187185,"moving",29,-14.69295,145.44156,"run_day_11652_liz21_del_07_29.json","07",11652
145.44174,-14.693652,3196,3.55,2021-11-26 08:16:00,0.0520700415873218,5789.92445468137,"moving",29,-14.69295,145.44156,"run_day_11652_liz21_del_07_29.json","07",11652
145.441842,-14.694085,3196,3.55,2021-11-26 08:28:00,0.0493815155292978,5490.97399687741,"moving",29,-14.69295,145.44156,"run_day_11652_liz21_del_07_29.json","07",11652
145.441969,-14.6945,3196,3.55,2021-11-26 08:40:00,0.0481252095166938,5351.27914196279,"moving",29,-14.69295,145.44156,"run_day_11652_liz21_del_07_29.json","07",11652
145.441492,-14.693573,3197,3.55,2021-11-26 07:41:00,0.058620061299616,6518.25341611033,"moving",29,-14.69295,145.44156,"run_day_11652_liz21_del_07_29.json","07",11652
145.441642,-14.694109,3197,3.55,2021-11-26 07:53:00,0.061745566819841,6865.79377315892,"moving",29,-14.69295,145.44156,"run_day_11652_liz21_del_07_29.json","07",11652
145.441822,-14.694635,3197,3.55,2021-11-26 08:05:00,0.0616095382912822,6850.66809090426,"moving",29,-14.69295,145.44156,"run_day_11652_liz21_del_07_29.json","07",11652
145.441549,-14.693538,3198,3.55,2021-11-26 07:56:00,0.05698024503229,6335.91416655447,"moving",29,-14.69295,145.44156,"run_day_11652_liz21_del_07_29.json","07",11652
145.441679,-14.694057,3198,3.55,2021-11-26 08:08:00,0.0593799289136529,6602.74683971275,"moving",29,-14.69295,145.44156,"run_day_11652_liz21_del_07_29.json","07",11652
145.44184,-14.694554,3198,3.55,2021-11-26 08:20:00,0.0579134659986482,6439.68360345183,"moving",29,-14.69295,145.44156,"run_day_11652_liz21_del_07_29.json","07",11652
145.441631,-14.693547,3199,3.55,2021-11-26 08:00:00,0.0551007206415788,6126.92058980268,"moving",29,-14.69295,145.44156,"run_day_11652_liz21_del_07_29.json","07",11652
145.441748,-14.694046,3199,3.55,2021-11-26 08:12:00,0.0568954407709866,6326.48436293969,"moving",29,-14.69295,145.44156,"run_day_11652_liz21_del_07_29.json","07",11652
145.441893,-14.694509,3199,3.55,2021-11-26 08:24:00,0.0537936606672391,5981.58215183593,"moving",29,-14.69295,145.44156,"run_day_11652_liz21_del_07_29.json","07",11652
145.441685,-14.69325,3200,3.55,2021-11-26 07:15:00,0.0513340724496141,5708.08842040131,"moving",29,-14.69295,145.44156,"run_day_11652_liz21_del_07_29.json","07",11652
145.441779,-14.693712,3200,3.55,2021-11-26 07:27:00,0.052357523760802,5821.89101387312,"moving",29,-14.69295,145.44156,"run_day_11652_liz21_del_07_29.json","07",11652
145.441905,-14.694154,3200,3.55,2021-11-26 07:39:00,0.050982421606998,5668.98663075211,"moving",29,-14.69295,145.44156,"run_day_11652_liz21_del_07_29.json","07",11652
145.442041,-14.694598,3200,3.55,2021-11-26 07:51:00,0.0514920013591921,5725.64931391689,"moving",29,-14.69295,145.44156,"run_day_11652_liz21_del_07_29.json","07",11652
145.441691,-14.69336,3201,3.55,2021-11-26 07:50:00,0.0515611311239675,5733.33619304004,"moving",29,-14.69295,145.44156,"run_day_11652_liz21_del_07_29.json","07",11652
145.441783,-14.693829,3201,3.55,2021-11-26 08:02:00,0.0530809269780048,5902.32978154442,"moving",29,-14.69295,145.44156,"run_day_11652_liz21_del_07_29.json","07",11652
145.441902,-14.69426,3201,3.55,2021-11-26 08:14:00,0.0496047599138686,5515.79763984357,"moving",29,-14.69295,145.44156,"run_day_11652_liz21_del_07_29.json","07",11652
145.44204,-14.69468,3201,3.55,2021-11-26 08:26:00,0.0490038703714322,5448.98177125087,"moving",29,-14.69295,145.44156,"run_day_11652_liz21_del_07_29.json","07",11652
145.441734,-14.693411,3202,3.55,2021-11-26 07:33:00,0.0506280226037072,5629.57925957829,"moving",29,-14.69295,145.44156,"run_day_11652_liz21_del_07_29.json","07",11652
145.44183,-14.693849,3202,3.55,2021-11-26 07:45:00,0.0497859133680415,5535.94098489173,"moving",29,-14.69295,145.44156,"run_day_11652_liz21_del_07_29.json","07",11652
145.44195,-14.694271,3202,3.55,2021-11-26 07:57:00,0.0486669939127195,5411.52281813604,"moving",29,-14.69295,145.44156,"run_day_11652_liz21_del_07_29.json","07",11652
145.441622,-14.693561,3203,3.55,2021-11-26 07:39:00,0.0554925727983497,6170.49256163033,"moving",29,-14.69295,145.44156,"run_day_11652_liz21_del_07_29.json","07",11652
145.441755,-14.694073,3203,3.55,2021-11-26 07:51:00,0.0587015371251407,6527.31311455287,"moving",29,-14.69295,145.44156,"run_day_11652_liz21_del_07_29.json","07",11652
145.44191,-14.694558,3203,3.55,2021-11-26 08:03:00,0.0564476229878428,6276.68929739288,"moving",29,-14.69295,145.44156,"run_day_11652_liz21_del_07_29.json","07",11652
145.441729,-14.693622,3204,3.55,2021-11-26 07:16:00,0.0550386423644393,6120.01780032993,"moving",29,-14.69295,145.44156,"run_day_11652_liz21_del_07_29.json","07",11652
145.441861,-14.694085,3204,3.55,2021-11-26 07:28:00,0.0534050528695363,5938.37093627687,"moving",29,-14.69295,145.44156,"run_day_11652_liz21_del_07_29.json","07",11652
145.441999,-14.694545,3204,3.55,2021-11-26 07:40:00,0.0532597727775247,5922.21652710272,"moving",29,-14.69295,145.44156,"run_day_11652_liz21_del_07_29.json","07",11652
145.441644,-14.693392,3205,3.55,2021-11-26 08:06:00,0.052664336787466,5856.00706586662,"moving",29,-14.69295,145.44156,"run_day_11652_liz21_del_07_29.json","07",11652
145.441741,-14.693874,3205,3.55,2021-11-26 08:18:00,0.0546019897560085,6071.46424556631,"moving",29,-14.69295,145.44156,"run_day_11652_liz21_del_07_29.json","07",11652
145.441866,-14.694324,3205,3.55,2021-11-26 08:30:00,0.0518124985245427,5761.28697270783,"moving",29,-14.69295,145.44156,"run_day_11652_liz21_del_07_29.json","07",11652
145.441574,-14.693217,3206,3.55,2021-11-26 07:33:00,0.0522114888414631,5805.65267172968,"moving",29,-14.69295,145.44156,"run_day_11652_liz21_del_07_29.json","07",11652
145.441679,-14.693712,3206,3.55,2021-11-26 07:45:00,0.0561881820459782,6247.84078089366,"moving",29,-14.69295,145.44156,"run_day_11652_liz21_del_07_29.json","07",11652
145.441816,-14.69421,3206,3.55,2021-11-26 07:57:00,0.0573021212570195,6371.70516975189,"moving",29,-14.69295,145.44156,"run_day_11652_liz21_del_07_29.json","07",11652
145.441972,-14.694675,3206,3.55,2021-11-26 08:09:00,0.0543600015498844,6044.55638473749,"moving",29,-14.69295,145.44156,"run_day_11652_liz21_del_07_29.json","07",11652
145.441536,-14.693463,3207,3.55,2021-11-26 07:56:00,0.0564378948620465,6275.60757915858,"moving",29,-14.69295,145.44156,"run_day_11652_liz21_del_07_29.json","07",11652
145.441659,-14.693978,3207,3.55,2021-11-26 08:08:00,0.0587737097400255,6535.33834317073,"moving",29,-14.69295,145.44156,"run_day_11652_liz21_del_07_29.json","07",11652
145.441815,-14.694478,3207,3.55,2021-11-26 08:20:00,0.0580742193177316,6457.55855697518,"moving",29,-14.69295,145.44156,"run_day_11652_liz21_del_07_29.json","07",11652
145.441739,-14.693303,3208,3.55,2021-11-26 07:13:00,0.0505186173025714,5617.41394514396,"moving",29,-14.69295,145.44156,"run_day_11652_liz21_del_07_29.json","07",11652
145.441827,-14.693726,3208,3.55,2021-11-26 07:25:00,0.0479783585619114,5334.95006081807,"moving",29,-14.69295,145.44156,"run_day_11652_liz21_del_07_29.json","07",11652
145.441946,-14.694141,3208,3.55,2021-11-26 07:37:00,0.0478880888033407,5324.91252163558,"moving",29,-14.69295,145.44156,"run_day_11652_liz21_del_07_29.json","07",11652
145.442072,-14.694571,3208,3.55,2021-11-26 07:49:00,0.0496973484605118,5526.09301649569,"moving",29,-14.69295,145.44156,"run_day_11652_liz21_del_07_29.json","07",11652
145.4415,-14.693439,3209,3.55,2021-11-26 08:09:00,0.0565101057724583,6283.63706604475,"moving",29,-14.69295,145.44156,"run_day_11652_liz21_del_07_29.json","07",11652
145.44162,-14.693948,3209,3.55,2021-11-26 08:21:00,0.058051261925638,6455.00581144538,"moving",29,-14.69295,145.44156,"run_day_11652_liz21_del_07_29.json","07",11652
145.441774,-14.69445,3209,3.55,2021-11-26 08:33:00,0.0582255998669538,6474.39130604135,"moving",29,-14.69295,145.44156,"run_day_11652_liz21_del_07_29.json","07",11652
145.44172,-14.693421,3210,3.55,2021-11-26 07:49:00,0.0515757998216456,5734.96727780233,"moving",29,-14.69295,145.44156,"run_day_11652_liz21_del_07_29.json","07",11652
145.441814,-14.69387,3210,3.55,2021-11-26 08:01:00,0.0509399607072352,5664.26519411772,"moving",29,-14.69295,145.44156,"run_day_11652_liz21_del_07_29.json","07",11652
145.441931,-14.69429,3210,3.55,2021-11-26 08:13:00,0.0483676480209336,5378.23707365755,"moving",29,-14.69295,145.44156,"run_day_11652_liz21_del_07_29.json","07",11652
145.441551,-14.693492,3211,3.55,2021-11-26 07:45:00,0.056485840326384,6280.93887154852,"moving",29,-14.69295,145.44156,"run_day_11652_liz21_del_07_29.json","07",11652
145.441682,-14.694013,3211,3.55,2021-11-26 07:57:00,0.0596214161414041,6629.59899428815,"moving",29,-14.69295,145.44156,"run_day_11652_liz21_del_07_29.json","07",11652
145.441843,-14.694518,3211,3.55,2021-11-26 08:09:00,0.0587629302917192,6534.13972320703,"moving",29,-14.69295,145.44156,"run_day_11652_liz21_del_07_29.json","07",11652
145.441752,-14.693465,3212,3.55,2021-11-26 07:12:00,0.0519793380779839,5779.83868461413,"moving",29,-14.69295,145.44156,"run_day_11652_liz21_del_07_29.json","07",11652
145.44186,-14.693897,3212,3.55,2021-11-26 07:24:00,0.0494208037854986,5495.34265164365,"moving",29,-14.69295,145.44156,"run_day_11652_liz21_del_07_29.json","07",11652
145.441984,-14.694328,3212,3.55,2021-11-26 07:36:00,0.0497462375089262,5531.52923064784,"moving",29,-14.69295,145.44156,"run_day_11652_liz21_del_07_29.json","07",11652
145.441662,-14.693666,3213,3.55,2021-11-26 07:21:00,0.0565616098401708,6289.36405707595,"moving",29,-14.69295,145.44156,"run_day_11652_liz21_del_07_29.json","07",11652
145.441809,-14.694169,3213,3.55,2021-11-26 07:33:00,0.0581229034146987,6462.97198156619,"moving",29,-14.69295,145.44156,"run_day_11652_liz21_del_07_29.json","07",11652
145.441967,-14.694653,3213,3.55,2021-11-26 07:45:00,0.0564377171308234,6275.58781634827,"moving",29,-14.69295,145.44156,"run_day_11652_liz21_del_07_29.json","07",11652
145.441544,-14.693278,3214,3.55,2021-11-26 07:40:00,0.0538729408102444,5990.39770152178,"moving",29,-14.69295,145.44156,"run_day_11652_liz21_del_07_29.json","07",11652
145.441657,-14.693784,3214,3.55,2021-11-26 07:52:00,0.0575624112020669,6400.64809109776,"moving",29,-14.69295,145.44156,"run_day_11652_liz21_del_07_29.json","07",11652
145.441801,-14.694292,3214,3.55,2021-11-26 08:04:00,0.0585719530819876,6512.90402638014,"moving",29,-14.69295,145.44156,"run_day_11652_liz21_del_07_29.json","07",11652
145.441641,-14.693328,3215,3.55,2021-11-26 07:41:00,0.0522028717834075,5804.69449859131,"moving",29,-14.69295,145.44156,"run_day_11652_liz21_del_07_29.json","07",11652
145.441743,-14.69382,3215,3.55,2021-11-26 07:53:00,0.0557971030798872,6204.35478394693,"moving",29,-14.69295,145.44156,"run_day_11652_liz21_del_07_29.json","07",11652
145.441874,-14.694285,3215,3.55,2021-11-26 08:05:00,0.0535910895780293,5959.05727443095,"moving",29,-14.69295,145.44156,"run_day_11652_liz21_del_07_29.json","07",11652
145.441668,-14.693661,3216,3.55,2021-11-26 08:09:00,0.0549982698158232,6115.52857774811,"moving",29,-14.69295,145.44156,"run_day_11652_liz21_del_07_29.json","07",11652
145.441786,-14.694143,3216,3.55,2021-11-26 08:21:00,0.0550782176986287,6124.41837671206,"moving",29,-14.69295,145.44156,"run_day_11652_liz21_del_07_29.json","07",11652
145.441932,-14.694592,3216,3.55,2021-11-26 08:33:00,0.0523379087914735,5819.7099287975,"moving",29,-14.69295,145.44156,"run_day_11652_liz21_del_07_29.json","07",11652
145.441681,-14.693637,3217,3.55,2021-11-26 08:01:00,0.054978388443499,6113.31787001092,"moving",29,-14.69295,145.44156,"run_day_11652_liz21_del_07_29.json","07",11652
145.441799,-14.694119,3217,3.55,2021-11-26 08:13:00,0.0550782180198799,6124.41841243355,"moving",29,-14.69295,145.44156,"run_day_11652_liz21_del_07_29.json","07",11652
145.441941,-14.694565,3217,3.55,2021-11-26 08:25:00,0.0518915349064241,5770.07541739338,"moving",29,-14.69295,145.44156,"run_day_11652_liz21_del_07_29.json","07",11652
145.441685,-14.693463,3218,3.55,2021-11-26 07:47:00,0.0530609841301342,5900.11223803837,"moving",29,-14.69295,145.44156,"run_day_11652_liz21_del_07_29.json","07",11652
145.44179,-14.693943,3218,3.55,2021-11-26 07:59:00,0.0545553248036856,6066.2753396159,"moving",29,-14.69295,145.44156,"run_day_11652_liz21_del_07_29.json","07",11652
145.441921,-14.694387,3218,3.55,2021-11-26 08:11:00,0.0513418185444385,5708.94974684708,"moving",29,-14.69295,145.44156,"run_day_11652_liz21_del_07_29.json","07",11652
145.441736,-14.693411,3219,3.55,2021-11-26 08:06:00,0.0502797293249874,5590.85081400024,"moving",29,-14.69295,145.44156,"run_day_11652_liz21_del_07_29.json","07",11652
145.441817,-14.693835,3219,3.55,2021-11-26 08:18:00,0.0479448586416108,5331.22503963765,"moving",29,-14.69295,145.44156,"run_day_11652_liz21_del_07_29.json","07",11652
145.441924,-14.694234,3219,3.55,2021-11-26 08:30:00,0.0458351568691814,5096.63690581047,"moving",29,-14.69295,145.44156,"run_day_11652_liz21_del_07_29.json","07",11652
145.442051,-14.694633,3219,3.55,2021-11-26 08:42:00,0.0464220072213198,5161.89168766783,"moving",29,-14.69295,145.44156,"run_day_11652_liz21_del_07_29.json","07",11652
145.441674,-14.69352,3220,3.55,2021-11-26 07:34:00,0.0537500818900181,5976.73641289958,"moving",29,-14.69295,145.44156,"run_day_11652_liz21_del_07_29.json","07",11652
145.441797,-14.69401,3220,3.55,2021-11-26 07:46:00,0.0560686681993901,6234.55144748929,"moving",29,-14.69295,145.44156,"run_day_11652_liz21_del_07_29.json","07",11652
145.441938,-14.694475,3220,3.55,2021-11-26 07:58:00,0.0538838707206328,5991.61305210565,"moving",29,-14.69295,145.44156,"run_day_11652_liz21_del_07_29.json","07",11652
145.441702,-14.693189,3221,3.55,2021-11-26 08:04:00,0.0488728708254882,5434.41528634915,"moving",29,-14.69295,145.44156,"run_day_11652_liz21_del_07_29.json","07",11652
145.441775,-14.693624,3221,3.55,2021-11-26 08:16:00,0.049002930512023,5448.87726365281,"moving",29,-14.69295,145.44156,"run_day_11652_liz21_del_07_29.json","07",11652
145.441868,-14.69403,3221,3.55,2021-11-26 08:28:00,0.0462400491281662,5141.65887084723,"moving",29,-14.69295,145.44156,"run_day_11652_liz21_del_07_29.json","07",11652
145.441984,-14.694425,3221,3.55,2021-11-26 08:40:00,0.0456597283397896,5077.13014335339,"moving",29,-14.69295,145.44156,"run_day_11652_liz21_del_07_29.json","07",11652
145.441678,-14.693291,3222,3.55,2021-11-26 07:33:00,0.0507677912446882,5645.12082335937,"moving",29,-14.69295,145.44156,"run_day_11652_liz21_del_07_29.json","07",11652
145.441772,-14.693763,3222,3.55,2021-11-26 07:45:00,0.0534489749454866,5943.25484829024,"moving",29,-14.69295,145.44156,"run_day_11652_liz21_del_07_29.json","07",11652
145.441896,-14.694208,3222,3.55,2021-11-26 07:57:00,0.0512476757714814,5698.481548114,"moving",29,-14.69295,145.44156,"run_day_11652_liz21_del_07_29.json","07",11652
145.442035,-14.694643,3222,3.55,2021-11-26 08:09:00,0.0506276232493059,5629.53485339493,"moving",29,-14.69295,145.44156,"run_day_11652_liz21_del_07_29.json","07",11652
145.441511,-14.69329,3223,3.55,2021-11-26 07:36:00,0.0547213600282693,6084.7376142339,"moving",29,-14.69295,145.44156,"run_day_11652_liz21_del_07_29.json","07",11652
145.441632,-14.693801,3223,3.55,2021-11-26 07:48:00,0.0582920279122208,6481.77776766196,"moving",29,-14.69295,145.44156,"run_day_11652_liz21_del_07_29.json","07",11652
145.441785,-14.694321,3223,3.55,2021-11-26 08:00:00,0.0601175772467789,6684.76959200417,"moving",29,-14.69295,145.44156,"run_day_11652_liz21_del_07_29.json","07",11652
145.441477,-14.693535,3224,3.55,2021-11-26 07:23:00,0.0587820622621885,6536.26710125993,"moving",29,-14.69295,145.44156,"run_day_11652_liz21_del_07_29.json","07",11652
145.441634,-14.694069,3224,3.55,2021-11-26 07:35:00,0.0617326236408479,6864.35455732024,"moving",29,-14.69295,145.44156,"run_day_11652_liz21_del_07_29.json","07",11652
145.441815,-14.694604,3224,3.55,2021-11-26 07:47:00,0.0625937573261985,6960.10825429395,"moving",29,-14.69295,145.44156,"run_day_11652_liz21_del_07_29.json","07",11652
145.441513,-14.693474,3225,3.55,2021-11-26 07:47:00,0.0570416615993321,6342.74337722147,"moving",29,-14.69295,145.44156,"run_day_11652_liz21_del_07_29.json","07",11652
145.441646,-14.693999,3225,3.55,2021-11-26 07:59:00,0.0601045247700987,6683.31822281719,"moving",29,-14.69295,145.44156,"run_day_11652_liz21_del_07_29.json","07",11652
145.441811,-14.694513,3225,3.55,2021-11-26 08:11:00,0.059846142291266,6654.58740203714,"moving",29,-14.69295,145.44156,"run_day_11652_liz21_del_07_29.json","07",11652
145.441534,-14.693578,3226,3.55,2021-11-26 07:23:00,0.0580020845976142,6449.5375420632,"moving",29,-14.69295,145.44156,"run_day_11652_liz21_del_07_29.json","07",11652
145.441689,-14.694108,3226,3.55,2021-11-26 07:35:00,0.0612460225688431,6810.2469868135,"moving",29,-14.69295,145.44156,"run_day_11652_liz21_del_07_29.json","07",11652
145.441864,-14.694628,3226,3.55,2021-11-26 07:47:00,0.0608079131587497,6761.53144309587,"moving",29,-14.69295,145.44156,"run_day_11652_liz21_del_07_29.json","07",11652
145.441759,-14.69339,3227,3.55,2021-11-26 08:09:00,0.0480904481557555,5347.41385498318,"moving",29,-14.69295,145.44156,"run_day_11652_liz21_del_07_29.json","07",11652
145.441834,-14.693789,3227,3.55,2021-11-26 08:21:00,0.0450941833247547,5014.24440689238,"moving",29,-14.69295,145.44156,"run_day_11652_liz21_del_07_29.json","07",11652
145.441932,-14.69417,3227,3.55,2021-11-26 08:33:00,0.0436568705830438,4854.42252201255,"moving",29,-14.69295,145.44156,"run_day_11652_liz21_del_07_29.json","07",11652
145.44205,-14.694556,3227,3.55,2021-11-26 08:45:00,0.0447584184119697,4976.90905204544,"moving",29,-14.69295,145.44156,"run_day_11652_liz21_del_07_29.json","07",11652
145.441606,-14.693165,3228,3.55,2021-11-26 08:03:00,0.0510489546735866,5676.38477021086,"moving",29,-14.69295,145.44156,"run_day_11652_liz21_del_07_29.json","07",11652
145.441693,-14.69364,3228,3.55,2021-11-26 08:15:00,0.0536401187157781,5964.50906580636,"moving",29,-14.69295,145.44156,"run_day_11652_liz21_del_07_29.json","07",11652
145.441804,-14.694106,3228,3.55,2021-11-26 08:27:00,0.0531744625379828,5912.73046127483,"moving",29,-14.69295,145.44156,"run_day_11652_liz21_del_07_29.json","07",11652
145.44194,-14.694541,3228,3.55,2021-11-26 08:39:00,0.0505332785088565,5619.04419690136,"moving",29,-14.69295,145.44156,"run_day_11652_liz21_del_07_29.json","07",11652
145.441615,-14.693627,3229,3.55,2021-11-26 07:56:00,0.0564715431274544,6279.34909556233,"moving",29,-14.69295,145.44156,"run_day_11652_liz21_del_07_29.json","07",11652
145.441745,-14.694138,3229,3.55,2021-11-26 08:08:00,0.0585157575117765,6506.65536407278,"moving",29,-14.69295,145.44156,"run_day_11652_liz21_del_07_29.json","07",11652
145.441902,-14.694612,3229,3.55,2021-11-26 08:20:00,0.0553454763605645,6154.13618402113,"moving",29,-14.69295,145.44156,"run_day_11652_liz21_del_07_29.json","07",11652
145.441754,-14.693453,3230,3.55,2021-11-26 07:35:00,0.0498957117151116,5548.15000403989,"moving",29,-14.69295,145.44156,"run_day_11652_liz21_del_07_29.json","07",11652
145.44185,-14.693878,3230,3.55,2021-11-26 07:47:00,0.0483727394518915,5378.80321494943,"moving",29,-14.69295,145.44156,"run_day_11652_liz21_del_07_29.json","07",11652
145.441968,-14.694292,3230,3.55,2021-11-26 07:59:00,0.0477522461364697,5309.80750625767,"moving",29,-14.69295,145.44156,"run_day_11652_liz21_del_07_29.json","07",11652
145.441597,-14.6933,3231,3.55,2021-11-26 08:08:00,0.052572917246677,5845.8416767347,"moving",29,-14.69295,145.44156,"run_day_11652_liz21_del_07_29.json","07",11652
145.441692,-14.693784,3231,3.55,2021-11-26 08:20:00,0.0547797663330662,6091.23209901136,"moving",29,-14.69295,145.44156,"run_day_11652_liz21_del_07_29.json","07",11652
145.441816,-14.694255,3231,3.55,2021-11-26 08:32:00,0.054044358301837,6009.45845692501,"moving",29,-14.69295,145.44156,"run_day_11652_liz21_del_07_29.json","07",11652
145.441966,-14.694697,3231,3.55,2021-11-26 08:44:00,0.0517284989608646,5751.94664738647,"moving",29,-14.69295,145.44156,"run_day_11652_liz21_del_07_29.json","07",11652
145.441686,-14.693274,3232,3.55,2021-11-26 07:37:00,0.0503992049213839,5604.13589417737,"moving",29,-14.69295,145.44156,"run_day_11652_liz21_del_07_29.json","07",11652
145.441776,-14.69374,3232,3.55,2021-11-26 07:49:00,0.05271329947288,5861.45146807955,"moving",29,-14.69295,145.44156,"run_day_11652_liz21_del_07_29.json","07",11652
145.441894,-14.694178,3232,3.55,2021-11-26 08:01:00,0.0503299378368695,5596.4337457959,"moving",29,-14.69295,145.44156,"run_day_11652_liz21_del_07_29.json","07",11652
145.442029,-14.694606,3232,3.55,2021-11-26 08:13:00,0.0497572524359136,5532.75403464621,"moving",29,-14.69295,145.44156,"run_day_11652_liz21_del_07_29.json","07",11652
145.441614,-14.693382,3233,3.55,2021-11-26 08:01:00,0.0535748022281699,5957.24620375809,"moving",29,-14.69295,145.44156,"run_day_11652_liz21_del_07_29.json","07",11652
145.441715,-14.693874,3233,3.55,2021-11-26 08:13:00,0.055776053859213,6202.01421739815,"moving",29,-14.69295,145.44156,"run_day_11652_liz21_del_07_29.json","07",11652
145.441847,-14.69434,3233,3.55,2021-11-26 08:25:00,0.0537267023098991,5974.13672220327,"moving",29,-14.69295,145.44156,"run_day_11652_liz21_del_07_29.json","07",11652
145.441693,-14.693643,3234,3.55,2021-11-26 08:04:00,0.0547011491791909,6082.4902703532,"moving",29,-14.69295,145.44156,"run_day_11652_liz21_del_07_29.json","07",11652
145.441808,-14.694115,3234,3.55,2021-11-26 08:16:00,0.0539218692669207,5995.83829767273,"moving",29,-14.69295,145.44156,"run_day_11652_liz21_del_07_29.json","07",11652
145.441947,-14.694556,3234,3.55,2021-11-26 08:28:00,0.0512654195572927,5700.45456707569,"moving",29,-14.69295,145.44156,"run_day_11652_liz21_del_07_29.json","07",11652
145.441578,-14.693536,3235,3.55,2021-11-26 07:32:00,0.0560769744243175,6235.47505756078,"moving",29,-14.69295,145.44156,"run_day_11652_liz21_del_07_29.json","07",11652
145.441718,-14.694058,3235,3.55,2021-11-26 07:44:00,0.0599652019405613,6667.82623100687,"moving",29,-14.69295,145.44156,"run_day_11652_liz21_del_07_29.json","07",11652
145.441881,-14.694561,3235,3.55,2021-11-26 07:56:00,0.0586144346169672,6517.62775754595,"moving",29,-14.69295,145.44156,"run_day_11652_liz21_del_07_29.json","07",11652
145.441688,-14.693568,3236,3.55,2021-11-26 08:06:00,0.0536589875131963,5966.60718035115,"moving",29,-14.69295,145.44156,"run_day_11652_liz21_del_07_29.json","07",11652
145.441794,-14.694037,3236,3.55,2021-11-26 08:18:00,0.0533821441434831,5935.82360216386,"moving",29,-14.69295,145.44156,"run_day_11652_liz21_del_07_29.json","07",11652
145.441927,-14.694474,3236,3.55,2021-11-26 08:30:00,0.0506541188197048,5632.48102640184,"moving",29,-14.69295,145.44156,"run_day_11652_liz21_del_07_29.json","07",11652
145.441665,-14.693592,3237,3.55,2021-11-26 07:20:00,0.0556877265822556,6192.19267231615,"moving",29,-14.69295,145.44156,"run_day_11652_liz21_del_07_29.json","07",11652
145.441805,-14.69409,3237,3.55,2021-11-26 07:32:00,0.0573859477715529,6381.02625288631,"moving",29,-14.69295,145.44156,"run_day_11652_liz21_del_07_29.json","07",11652
145.441955,-14.694569,3237,3.55,2021-11-26 07:44:00,0.0556522830081133,6188.25152668938,"moving",29,-14.69295,145.44156,"run_day_11652_liz21_del_07_29.json","07",11652
145.441533,-14.693527,3238,3.55,2021-11-26 07:50:00,0.0572926471172776,6370.65169347827,"moving",29,-14.69295,145.44156,"run_day_11652_liz21_del_07_29.json","07",11652
145.441667,-14.694051,3238,3.55,2021-11-26 08:02:00,0.0600222667375623,6674.17154692338,"moving",29,-14.69295,145.44156,"run_day_11652_liz21_del_07_29.json","07",11652
145.441833,-14.694557,3238,3.55,2021-11-26 08:14:00,0.0590296288120375,6563.79524561004,"moving",29,-14.69295,145.44156,"run_day_11652_liz21_del_07_29.json","07",11652
145.441628,-14.693243,3239,3.55,2021-11-26 08:06:00,0.0513549144919787,5710.40594977316,"moving",29,-14.69295,145.44156,"run_day_11652_liz21_del_07_29.json","07",11652
145.441715,-14.693718,3239,3.55,2021-11-26 08:18:00,0.0536401181330304,5964.50900100778,"moving",29,-14.69295,145.44156,"run_day_11652_liz21_del_07_29.json","07",11652
145.441829,-14.694173,3239,3.55,2021-11-26 08:30:00,0.0520583274219743,5788.62189892486,"moving",29,-14.69295,145.44156,"run_day_11652_liz21_del_07_29.json","07",11652
145.441967,-14.694603,3239,3.55,2021-11-26 08:42:00,0.0500647193771828,5566.94279862626,"moving",29,-14.69295,145.44156,"run_day_11652_liz21_del_07_29.json","07",11652
145.441752,-14.693183,3240,3.55,2021-11-26 07:37:00,0.0467361585548999,5196.82372216056,"moving",29,-14.69295,145.44156,"run_day_11652_liz21_del_07_29.json","07",11652
145.441821,-14.693579,3240,3.55,2021-11-26 07:49:00,0.0446542398408334,4965.32492347,"moving",29,-14.69295,145.44156,"run_day_11652_liz21_del_07_29.json","07",11652
145.441912,-14.693961,3240,3.55,2021-11-26 08:01:00,0.0435895746233593,4846.93955271196,"moving",29,-14.69295,145.44156,"run_day_11652_liz21_del_07_29.json","07",11652
145.442019,-14.69434,3240,3.55,2021-11-26 08:13:00,0.0436860707123923,4857.66942825347,"moving",29,-14.69295,145.44156,"run_day_11652_liz21_del_07_29.json","07",11652
145.441594,-14.693616,3241,3.55,2021-11-26 07:55:00,0.0568649064147969,6323.08909744304,"moving",29,-14.69295,145.44156,"run_day_11652_liz21_del_07_29.json","07",11652
145.441727,-14.694132,3241,3.55,2021-11-26 08:07:00,0.0591330060436617,6575.29026929721,"moving",29,-14.69295,145.44156,"run_day_11652_liz21_del_07_29.json","07",11652
145.441887,-14.694615,3241,3.55,2021-11-26 08:19:00,0.0563969630201382,6271.05616600016,"moving",29,-14.69295,145.44156,"run_day_11652_liz21_del_07_29.json","07",11652
145.441751,-14.693164,3242,3.55,2021-11-26 08:02:00,0.0463171611452657,5150.23333593202,"moving",29,-14.69295,145.44156,"run_day_11652_liz21_del_07_29.json","07",11652
145.441814,-14.693551,3242,3.55,2021-11-26 08:14:00,0.0435626826825975,4843.94930533162,"moving",29,-14.69295,145.44156,"run_day_11652_liz21_del_07_29.json","07",11652
145.441893,-14.693918,3242,3.55,2021-11-26 08:26:00,0.0416837816768007,4635.02504581965,"moving",29,-14.69295,145.44156,"run_day_11652_liz21_del_07_29.json","07",11652
145.441992,-14.69428,3242,3.55,2021-11-26 08:38:00,0.0416371743150091,4629.84254364414,"moving",29,-14.69295,145.44156,"run_day_11652_liz21_del_07_29.json","07",11652
145.442111,-14.694656,3242,3.55,2021-11-26 08:50:00,0.0437246108697205,4861.95489822045,"moving",29,-14.69295,145.44156,"run_day_11652_liz21_del_07_29.json","07",11652
145.441552,-14.693561,3243,3.55,2021-11-26 07:21:00,0.0576829861400696,6414.05541248414,"moving",29,-14.69295,145.44156,"run_day_11652_liz21_del_07_29.json","07",11652
145.441704,-14.694086,3243,3.55,2021-11-26 07:33:00,0.0606234173445823,6741.0164445733,"moving",29,-14.69295,145.44156,"run_day_11652_liz21_del_07_29.json","07",11652
145.441874,-14.6946,3243,3.55,2021-11-26 07:45:00,0.0600078172141308,6672.56483322536,"moving",29,-14.69295,145.44156,"run_day_11652_liz21_del_07_29.json","07",11652
145.441778,-14.693484,3244,3.55,2021-11-26 07:53:00,0.0481076449114673,5349.32604697308,"moving",29,-14.69295,145.44156,"run_day_11652_liz21_del_07_29.json","07",11652
145.441865,-14.693887,3244,3.55,2021-11-26 08:05:00,0.0457781583282456,5090.29895723226,"moving",29,-14.69295,145.44156,"run_day_11652_liz21_del_07_29.json","07",11652
145.441972,-14.694275,3244,3.55,2021-11-26 08:17:00,0.0446522530482204,4965.10400221114,"moving",29,-14.69295,145.44156,"run_day_11652_liz21_del_07_29.json","07",11652
145.442097,-14.694668,3244,3.55,2021-11-26 08:29:00,0.0457210765943238,5083.95175801609,"moving",29,-14.69295,145.44156,"run_day_11652_liz21_del_07_29.json","07",11652
145.4417,-14.69331,3245,3.55,2021-11-26 07:28:00,0.0506175637446876,5628.41628751681,"moving",29,-14.69295,145.44156,"run_day_11652_liz21_del_07_29.json","07",11652
145.441793,-14.693768,3245,3.55,2021-11-26 07:40:00,0.0519003487823022,5771.05547567511,"moving",29,-14.69295,145.44156,"run_day_11652_liz21_del_07_29.json","07",11652
145.441915,-14.694204,3245,3.55,2021-11-26 07:52:00,0.0502254497990053,5584.81520609036,"moving",29,-14.69295,145.44156,"run_day_11652_liz21_del_07_29.json","07",11652
145.442052,-14.694636,3245,3.55,2021-11-26 08:04:00,0.0502455046286918,5587.04520140622,"moving",29,-14.69295,145.44156,"run_day_11652_liz21_del_07_29.json","07",11652
145.441724,-14.693651,3246,3.55,2021-11-26 07:13:00,0.0558643172064044,6211.8286538145,"moving",29,-14.69295,145.44156,"run_day_11652_liz21_del_07_29.json","07",11652
145.441861,-14.694122,3246,3.55,2021-11-26 07:25:00,0.0544063025882827,6049.70482530577,"moving",29,-14.69295,145.44156,"run_day_11652_liz21_del_07_29.json","07",11652
145.442003,-14.694586,3246,3.55,2021-11-26 07:37:00,0.0538076090821988,5983.13314481419,"moving",29,-14.69295,145.44156,"run_day_11652_liz21_del_07_29.json","07",11652
145.441556,-14.693666,3247,3.55,2021-11-26 08:07:00,0.057739970382054,6420.39177109149,"moving",29,-14.69295,145.44156,"run_day_11652_liz21_del_07_29.json","07",11652
145.441692,-14.694179,3247,3.55,2021-11-26 08:19:00,0.0588887059416326,6548.12533737282,"moving",29,-14.69295,145.44156,"run_day_11652_liz21_del_07_29.json","07",11652
145.441859,-14.694669,3247,3.55,2021-11-26 08:31:00,0.0573699524300217,6379.24765205808,"moving",29,-14.69295,145.44156,"run_day_11652_liz21_del_07_29.json","07",11652
145.441622,-14.693324,3248,3.55,2021-11-26 07:56:00,0.0527691263872923,5867.65913773242,"moving",29,-14.69295,145.44156,"run_day_11652_liz21_del_07_29.json","07",11652
145.44172,-14.693816,3248,3.55,2021-11-26 08:08:00,0.0557141065023372,6195.12598559451,"moving",29,-14.69295,145.44156,"run_day_11652_liz21_del_07_29.json","07",11652
145.441846,-14.69428,3248,3.55,2021-11-26 08:20:00,0.053344658407395,5931.65537848933,"moving",29,-14.69295,145.44156,"run_day_11652_liz21_del_07_29.json","07",11652
145.441747,-14.693626,3249,3.55,2021-11-26 08:04:00,0.0524167324880791,5828.47472395941,"moving",29,-14.69295,145.44156,"run_day_11652_liz21_del_07_29.json","07",11652
145.44185,-14.694058,3249,3.55,2021-11-26 08:16:00,0.0492971660139403,5481.59475870472,"moving",29,-14.69295,145.44156,"run_day_11652_liz21_del_07_29.json","07",11652
145.441974,-14.694473,3249,3.55,2021-11-26 08:28:00,0.0480346184936979,5341.2058798061,"moving",29,-14.69295,145.44156,"run_day_11652_liz21_del_07_29.json","07",11652
145.441741,-14.693207,3250,3.55,2021-11-26 07:11:00,0.0493861253707295,5491.48658785724,"moving",29,-14.69295,145.44156,"run_day_11652_liz21_del_07_29.json","07",11652
145.441819,-14.693617,3250,3.55,2021-11-26 07:23:00,0.0463554266488824,5154.4882657997,"moving",29,-14.69295,145.44156,"run_day_11652_liz21_del_07_29.json","07",11652
145.441929,-14.694017,3250,3.55,2021-11-26 07:35:00,0.0460246915946292,5117.71220570323,"moving",29,-14.69295,145.44156,"run_day_11652_liz21_del_07_29.json","07",11652
145.442046,-14.694434,3250,3.55,2021-11-26 07:47:00,0.0480456280782582,5342.43008975367,"moving",29,-14.69295,145.44156,"run_day_11652_liz21_del_07_29.json","07",11652
145.441603,-14.693258,3251,3.55,2021-11-26 07:23:00,0.0525134626199209,5839.23062387388,"moving",29,-14.69295,145.44156,"run_day_11652_liz21_del_07_29.json","07",11652
145.44171,-14.693752,3251,3.55,2021-11-26 07:35:00,0.0561229777473328,6240.59039368887,"moving",29,-14.69295,145.44156,"run_day_11652_liz21_del_07_29.json","07",11652
145.44185,-14.694237,3251,3.55,2021-11-26 07:47:00,0.0559923489745695,6226.06513688379,"moving",29,-14.69295,145.44156,"run_day_11652_liz21_del_07_29.json","07",11652
145.442006,-14.694702,3251,3.55,2021-11-26 07:59:00,0.0543600009098578,6044.55631356978,"moving",29,-14.69295,145.44156,"run_day_11652_liz21_del_07_29.json","07",11652
145.441535,-14.693403,3252,3.55,2021-11-26 07:30:00,0.0555285557384958,6174.49368202033,"moving",29,-14.69295,145.44156,"run_day_11652_liz21_del_07_29.json","07",11652
145.441666,-14.69392,3252,3.55,2021-11-26 07:42:00,0.0591893301698271,6581.5532263745,"moving",29,-14.69295,145.44156,"run_day_11652_liz21_del_07_29.json","07",11652
145.441827,-14.694437,3252,3.55,2021-11-26 07:54:00,0.0600393049094149,6676.06610519268,"moving",29,-14.69295,145.44156,"run_day_11652_liz21_del_07_29.json","07",11652
145.441503,-14.693401,3253,3.55,2021-11-26 07:16:00,0.0572473510317196,6365.61499856737,"moving",29,-14.69295,145.44156,"run_day_11652_liz21_del_07_29.json","07",11652
145.441644,-14.693922,3253,3.55,2021-11-26 07:28:00,0.0598847274561917,6658.87787662062,"moving",29,-14.69295,145.44156,"run_day_11652_liz21_del_07_29.json","07",11652
145.441812,-14.694448,3253,3.55,2021-11-26 07:40:00,0.0612162130854769,6806.93232349728,"moving",29,-14.69295,145.44156,"run_day_11652_liz21_del_07_29.json","07",11652
145.441769,-14.693423,3254,3.55,2021-11-26 07:38:00,0.0481787743136424,5357.23527563022,"moving",29,-14.69295,145.44156,"run_day_11652_liz21_del_07_29.json","07",11652
145.441857,-14.693831,3254,3.55,2021-11-26 07:50:00,0.0463443810253271,5153.26004849873,"moving",29,-14.69295,145.44156,"run_day_11652_liz21_del_07_29.json","07",11652
145.441968,-14.694229,3254,3.55,2021-11-26 08:02:00,0.045837705218488,5096.92026932468,"moving",29,-14.69295,145.44156,"run_day_11652_liz21_del_07_29.json","07",11652
145.442093,-14.694633,3254,3.55,2021-11-26 08:14:00,0.0468915219706307,5214.09934577599,"moving",29,-14.69295,145.44156,"run_day_11652_liz21_del_07_29.json","07",11652
145.44155,-14.693389,3255,3.55,2021-11-26 07:36:00,0.0550535420680656,6121.67457178168,"moving",29,-14.69295,145.44156,"run_day_11652_liz21_del_07_29.json","07",11652
145.441675,-14.693904,3255,3.55,2021-11-26 07:48:00,0.0588225059324018,6540.76423220254,"moving",29,-14.69295,145.44156,"run_day_11652_liz21_del_07_29.json","07",11652
145.44183,-14.694413,3255,3.55,2021-11-26 08:00:00,0.059002521646155,6560.78106628819,"moving",29,-14.69295,145.44156,"run_day_11652_liz21_del_07_29.json","07",11652
145.441629,-14.693162,3256,3.55,2021-11-26 07:50:00,0.0504826910692116,5613.41913026091,"moving",29,-14.69295,145.44156,"run_day_11652_liz21_del_07_29.json","07",11652
145.441716,-14.693642,3256,3.55,2021-11-26 08:02:00,0.0541876547263478,6025.39229233692,"moving",29,-14.69295,145.44156,"run_day_11652_liz21_del_07_29.json","07",11652
145.441827,-14.694101,3256,3.55,2021-11-26 08:14:00,0.0524162622642503,5828.42243745526,"moving",29,-14.69295,145.44156,"run_day_11652_liz21_del_07_29.json","07",11652
145.441962,-14.694533,3256,3.55,2021-11-26 08:26:00,0.0501828411612506,5580.0773417408,"moving",29,-14.69295,145.44156,"run_day_11652_liz21_del_07_29.json","07",11652
145.44168,-14.693205,3257,3.55,2021-11-26 08:09:00,0.0493861253847949,5491.48658942125,"moving",29,-14.69295,145.44156,"run_day_11652_liz21_del_07_29.json","07",11652
145.441756,-14.693655,3257,3.55,2021-11-26 08:21:00,0.0507010324454776,5637.69758357828,"moving",29,-14.69295,145.44156,"run_day_11652_liz21_del_07_29.json","07",11652
145.441854,-14.694076,3257,3.55,2021-11-26 08:33:00,0.0479850975279869,5335.6993996565,"moving",29,-14.69295,145.44156,"run_day_11652_liz21_del_07_29.json","07",11652
145.441978,-14.694483,3257,3.55,2021-11-26 08:45:00,0.0471806828820118,5246.25257210549,"moving",29,-14.69295,145.44156,"run_day_11652_liz21_del_07_29.json","07",11652
145.441693,-14.693382,3258,3.55,2021-11-26 07:33:00,0.0516409455167666,5742.21114859252,"moving",29,-14.69295,145.44156,"run_day_11652_liz21_del_07_29.json","07",11652
145.441794,-14.693852,3258,3.55,2021-11-26 07:45:00,0.0533787401774553,5935.4450984111,"moving",29,-14.69295,145.44156,"run_day_11652_liz21_del_07_29.json","07",11652
145.441922,-14.694296,3258,3.55,2021-11-26 07:57:00,0.0512542053682661,5699.20760614949,"moving",29,-14.69295,145.44156,"run_day_11652_liz21_del_07_29.json","07",11652
145.441467,-14.693518,3259,3.55,2021-11-26 07:44:00,0.0585388738230153,6509.22578060526,"moving",29,-14.69295,145.44156,"run_day_11652_liz21_del_07_29.json","07",11652
145.441612,-14.694054,3259,3.55,2021-11-26 07:56:00,0.0616072331994091,6850.41177638252,"moving",29,-14.69295,145.44156,"run_day_11652_liz21_del_07_29.json","07",11652
145.44179,-14.694583,3259,3.55,2021-11-26 08:08:00,0.0618593988233328,6878.451314437,"moving",29,-14.69295,145.44156,"run_day_11652_liz21_del_07_29.json","07",11652
145.441781,-14.693384,3260,3.55,2021-11-26 07:26:00,0.0468643287478387,5211.07559736241,"moving",29,-14.69295,145.44156,"run_day_11652_liz21_del_07_29.json","07",11652
145.441866,-14.693777,3260,3.55,2021-11-26 07:38:00,0.0446457195081156,4964.37750569846,"moving",29,-14.69295,145.44156,"run_day_11652_liz21_del_07_29.json","07",11652
145.441976,-14.694169,3260,3.55,2021-11-26 07:50:00,0.0451656036995952,5022.1859902337,"moving",29,-14.69295,145.44156,"run_day_11652_liz21_del_07_29.json","07",11652
145.442096,-14.694577,3260,3.55,2021-11-26 08:02:00,0.0471678122993587,5244.8214286115,"moving",29,-14.69295,145.44156,"run_day_11652_liz21_del_07_29.json","07",11652
145.44166,-14.693445,3261,3.55,2021-11-26 07:22:00,0.0537053906237177,5971.76697082167,"moving",29,-14.69295,145.44156,"run_day_11652_liz21_del_07_29.json","07",11652
145.441781,-14.693936,3261,3.55,2021-11-26 07:34:00,0.0561264597718491,6240.97757714954,"moving",29,-14.69295,145.44156,"run_day_11652_liz21_del_07_29.json","07",11652
145.441922,-14.694406,3261,3.55,2021-11-26 07:46:00,0.0544175967101883,6050.96067436257,"moving",29,-14.69295,145.44156,"run_day_11652_liz21_del_07_29.json","07",11652
145.4416,-14.693615,3262,3.55,2021-11-26 07:40:00,0.056631211836701,6297.10344597444,"moving",29,-14.69295,145.44156,"run_day_11652_liz21_del_07_29.json","07",11652
145.441742,-14.694137,3262,3.55,2021-11-26 07:52:00,0.0600195807548776,6673.87287927578,"moving",29,-14.69295,145.44156,"run_day_11652_liz21_del_07_29.json","07",11652
145.441906,-14.69463,3262,3.55,2021-11-26 08:04:00,0.057587204893245,6403.40502376955,"moving",29,-14.69295,145.44156,"run_day_11652_liz21_del_07_29.json","07",11652
145.441516,-14.693441,3263,3.55,2021-11-26 07:22:00,0.0569790629212485,6335.78272180392,"moving",29,-14.69295,145.44156,"run_day_11652_liz21_del_07_29.json","07",11652
145.441658,-14.693962,3263,3.55,2021-11-26 07:34:00,0.0599120561272722,6661.91668619672,"moving",29,-14.69295,145.44156,"run_day_11652_liz21_del_07_29.json","07",11652
145.441826,-14.694485,3263,3.55,2021-11-26 07:46:00,0.0608975708916648,6771.50092813048,"moving",29,-14.69295,145.44156,"run_day_11652_liz21_del_07_29.json","07",11652
145.441721,-14.693526,3264,3.55,2021-11-26 08:07:00,0.0523070498746364,5816.27857380347,"moving",29,-14.69295,145.44156,"run_day_11652_liz21_del_07_29.json","07",11652
145.441817,-14.693969,3264,3.55,2021-11-26 08:19:00,0.0503299299445521,5596.43286821025,"moving",29,-14.69295,145.44156,"run_day_11652_liz21_del_07_29.json","07",11652
145.441938,-14.694386,3264,3.55,2021-11-26 08:31:00,0.0481601069250027,5355.15955671978,"moving",29,-14.69295,145.44156,"run_day_11652_liz21_del_07_29.json","07",11652
145.44161,-14.693307,3265,3.55,2021-11-26 07:20:00,0.0531880847400935,5914.24518103927,"moving",29,-14.69295,145.44156,"run_day_11652_liz21_del_07_29.json","07",11652
145.441723,-14.693803,3265,3.55,2021-11-26 07:32:00,0.0564760192256636,6279.84681497435,"moving",29,-14.69295,145.44156,"run_day_11652_liz21_del_07_29.json","07",11652
145.441866,-14.694288,3265,3.55,2021-11-26 07:44:00,0.0560799868074348,6235.81001928053,"moving",29,-14.69295,145.44156,"run_day_11652_liz21_del_07_29.json","07",11652
145.441706,-14.693527,3266,3.55,2021-11-26 07:41:00,0.0532404742945236,5920.07063370106,"moving",29,-14.69295,145.44156,"run_day_11652_liz21_del_07_29.json","07",11652
145.441819,-14.693997,3266,3.55,2021-11-26 07:53:00,0.0536562989287615,5966.30822340215,"moving",29,-14.69295,145.44156,"run_day_11652_liz21_del_07_29.json","07",11652
145.441952,-14.694443,3266,3.55,2021-11-26 08:05:00,0.0516149106846876,5739.31620734929,"moving",29,-14.69295,145.44156,"run_day_11652_liz21_del_07_29.json","07",11652
145.44157,-14.693458,3267,3.55,2021-11-26 07:43:00,0.0554991364100933,6171.22240195668,"moving",29,-14.69295,145.44156,"run_day_11652_liz21_del_07_29.json","07",11652
145.441696,-14.693975,3267,3.55,2021-11-26 07:55:00,0.0590636165227769,6567.57450661253,"moving",29,-14.69295,145.44156,"run_day_11652_liz21_del_07_29.json","07",11652
145.441851,-14.694474,3267,3.55,2021-11-26 08:07:00,0.0579367338621946,6442.27087183205,"moving",29,-14.69295,145.44156,"run_day_11652_liz21_del_07_29.json","07",11652
145.441618,-14.69344,3268,3.55,2021-11-26 07:35:00,0.0540341141213634,6008.31935602872,"moving",29,-14.69295,145.44156,"run_day_11652_liz21_del_07_29.json","07",11652
145.441739,-14.693947,3268,3.55,2021-11-26 07:47:00,0.0578585586697588,6433.57818704373,"moving",29,-14.69295,145.44156,"run_day_11652_liz21_del_07_29.json","07",11652
145.441886,-14.69443,3268,3.55,2021-11-26 07:59:00,0.0559861326961957,6225.37391826602,"moving",29,-14.69295,145.44156,"run_day_11652_liz21_del_07_29.json","07",11652
145.441645,-14.693398,3269,3.55,2021-11-26 07:36:00,0.0530085537226479,5894.28224272398,"moving",29,-14.69295,145.44156,"run_day_11652_liz21_del_07_29.json","07",11652
145.441756,-14.693893,3269,3.55,2021-11-26 07:48:00,0.0563214414420681,6262.65854966657,"moving",29,-14.69295,145.44156,"run_day_11652_liz21_del_07_29.json","07",11652
145.441894,-14.694362,3269,3.55,2021-11-26 08:00:00,0.0542215988751946,6029.16670947795,"moving",29,-14.69295,145.44156,"run_day_11652_liz21_del_07_29.json","07",11652
145.441694,-14.693502,3270,3.55,2021-11-26 07:14:00,0.0544928511209412,6059.32858304592,"moving",29,-14.69295,145.44156,"run_day_11652_liz21_del_07_29.json","07",11652
145.44182,-14.693979,3270,3.55,2021-11-26 07:26:00,0.0547440017056589,6087.25525389033,"moving",29,-14.69295,145.44156,"run_day_11652_liz21_del_07_29.json","07",11652
145.441957,-14.694442,3270,3.55,2021-11-26 07:38:00,0.0535505273571664,5954.54696125756,"moving",29,-14.69295,145.44156,"run_day_11652_liz21_del_07_29.json","07",11652
145.441627,-14.693497,3271,3.55,2021-11-26 07:16:00,0.0557553076261637,6199.70734153607,"moving",29,-14.69295,145.44156,"run_day_11652_liz21_del_07_29.json","07",11652
145.441763,-14.694003,3271,3.55,2021-11-26 07:28:00,0.0581350616229754,6464.32391264365,"moving",29,-14.69295,145.44156,"run_day_11652_liz21_del_07_29.json","07",11652
145.441914,-14.694491,3271,3.55,2021-11-26 07:40:00,0.0566415536286109,6298.25340076722,"moving",29,-14.69295,145.44156,"run_day_11652_liz21_del_07_29.json","07",11652
145.441614,-14.693445,3272,3.55,2021-11-26 07:51:00,0.0544023347533945,6049.26362219643,"moving",29,-14.69295,145.44156,"run_day_11652_liz21_del_07_29.json","07",11652
145.441727,-14.69395,3272,3.55,2021-11-26 08:03:00,0.0574537260679019,6388.56285557693,"moving",29,-14.69295,145.44156,"run_day_11652_liz21_del_07_29.json","07",11652
145.441869,-14.694424,3272,3.55,2021-11-26 08:15:00,0.0548747336723711,6101.79198533901,"moving",29,-14.69295,145.44156,"run_day_11652_liz21_del_07_29.json","07",11652
145.441649,-14.69322,3273,3.55,2021-11-26 07:55:00,0.0507471646828508,5642.82725432894,"moving",29,-14.69295,145.44156,"run_day_11652_liz21_del_07_29.json","07",11652
145.441735,-14.693697,3273,3.55,2021-11-26 08:07:00,0.0538405287230456,5986.79364186331,"moving",29,-14.69295,145.44156,"run_day_11652_liz21_del_07_29.json","07",11652
145.441846,-14.694142,3273,3.55,2021-11-26 08:19:00,0.0509016871839986,5660.009372509,"moving",29,-14.69295,145.44156,"run_day_11652_liz21_del_07_29.json","07",11652
145.44198,-14.694567,3273,3.55,2021-11-26 08:31:00,0.0494068009429002,5493.7856065881,"moving",29,-14.69295,145.44156,"run_day_11652_liz21_del_07_29.json","07",11652
145.44155,-14.69356,3274,3.55,2021-11-26 07:35:00,0.0570667024171044,6345.52778911678,"moving",29,-14.69295,145.44156,"run_day_11652_liz21_del_07_29.json","07",11652
145.441695,-14.694087,3274,3.55,2021-11-26 07:47:00,0.0606396052827348,6742.81646116869,"moving",29,-14.69295,145.44156,"run_day_11652_liz21_del_07_29.json","07",11652
145.441865,-14.6946,3274,3.55,2021-11-26 07:59:00,0.0599019196440676,6660.78956069035,"moving",29,-14.69295,145.44156,"run_day_11652_liz21_del_07_29.json","07",11652
145.441499,-14.693471,3275,3.55,2021-11-26 07:30:00,0.0571395821929336,6353.63165044398,"moving",29,-14.69295,145.44156,"run_day_11652_liz21_del_07_29.json","07",11652
145.441643,-14.693999,3275,3.55,2021-11-26 07:42:00,0.0607195429152371,6751.70512035093,"moving",29,-14.69295,145.44156,"run_day_11652_liz21_del_07_29.json","07",11652
145.441815,-14.694526,3275,3.55,2021-11-26 07:54:00,0.0614506112560112,6832.99621087546,"moving",29,-14.69295,145.44156,"run_day_11652_liz21_del_07_29.json","07",11652
145.441657,-14.693525,3276,3.55,2021-11-26 07:44:00,0.0542953703908498,6037.36972774969,"moving",29,-14.69295,145.44156,"run_day_11652_liz21_del_07_29.json","07",11652
145.441777,-14.694023,3276,3.55,2021-11-26 07:56:00,0.0568593827575475,6322.47489478038,"moving",29,-14.69295,145.44156,"run_day_11652_liz21_del_07_29.json","07",11652
145.44192,-14.694488,3276,3.55,2021-11-26 08:08:00,0.0539448101586961,5998.38920845086,"moving",29,-14.69295,145.44156,"run_day_11652_liz21_del_07_29.json","07",11652
145.441628,-14.693424,3277,3.55,2021-11-26 07:45:00,0.0538142918605495,5983.87623586267,"moving",29,-14.69295,145.44156,"run_day_11652_liz21_del_07_29.json","07",11652
145.44174,-14.693926,3277,3.55,2021-11-26 07:57:00,0.0571049481449838,6349.78052002281,"moving",29,-14.69295,145.44156,"run_day_11652_liz21_del_07_29.json","07",11652
145.44188,-14.694398,3277,3.55,2021-11-26 08:09:00,0.0546014504755794,6071.40428031855,"moving",29,-14.69295,145.44156,"run_day_11652_liz21_del_07_29.json","07",11652
145.441536,-14.693539,3278,3.55,2021-11-26 08:00:00,0.0572208174161813,6362.66459513397,"moving",29,-14.69295,145.44156,"run_day_11652_liz21_del_07_29.json","07",11652
145.441665,-14.694055,3278,3.55,2021-11-26 08:12:00,0.0590304027904232,6563.88130807986,"moving",29,-14.69295,145.44156,"run_day_11652_liz21_del_07_29.json","07",11652
145.441827,-14.694553,3278,3.55,2021-11-26 08:24:00,0.0580517763789552,6455.06301604425,"moving",29,-14.69295,145.44156,"run_day_11652_liz21_del_07_29.json","07",11652
145.441609,-14.693255,3279,3.55,2021-11-26 08:06:00,0.0519635085920601,5778.07852608802,"moving",29,-14.69295,145.44156,"run_day_11652_liz21_del_07_29.json","07",11652
145.4417,-14.693734,3279,3.55,2021-11-26 08:18:00,0.0541542378639412,6021.67650677292,"moving",29,-14.69295,145.44156,"run_day_11652_liz21_del_07_29.json","07",11652
145.441818,-14.6942,3279,3.55,2021-11-26 08:30:00,0.0533485528293931,5932.08841845773,"moving",29,-14.69295,145.44156,"run_day_11652_liz21_del_07_29.json","07",11652
145.441962,-14.694637,3279,3.55,2021-11-26 08:42:00,0.0510008760505051,5671.03867124415,"moving",29,-14.69295,145.44156,"run_day_11652_liz21_del_07_29.json","07",11652
145.441626,-14.693279,3280,3.55,2021-11-26 07:41:00,0.0520285882145251,5785.31504993407,"moving",29,-14.69295,145.44156,"run_day_11652_liz21_del_07_29.json","07",11652
145.441725,-14.693772,3280,3.55,2021-11-26 07:53:00,0.055843707016421,6209.53690525116,"moving",29,-14.69295,145.44156,"run_day_11652_liz21_del_07_29.json","07",11652
145.441855,-14.694242,3280,3.55,2021-11-26 08:05:00,0.0540998028932419,6015.62361419912,"moving",29,-14.69295,145.44156,"run_day_11652_liz21_del_07_29.json","07",11652
145.442003,-14.694686,3280,3.55,2021-11-26 08:17:00,0.0518734251370586,5768.06170291724,"moving",29,-14.69295,145.44156,"run_day_11652_liz21_del_07_29.json","07",11652
145.441625,-14.693615,3281,3.55,2021-11-26 07:51:00,0.0561229792264426,6240.59055815838,"moving",29,-14.69295,145.44156,"run_day_11652_liz21_del_07_29.json","07",11652
145.441755,-14.694127,3281,3.55,2021-11-26 08:03:00,0.0586237374168074,6518.66218169177,"moving",29,-14.69295,145.44156,"run_day_11652_liz21_del_07_29.json","07",11652
145.441911,-14.694601,3281,3.55,2021-11-26 08:15:00,0.0553127541267743,6150.49763763518,"moving",29,-14.69295,145.44156,"run_day_11652_liz21_del_07_29.json","07",11652
145.441511,-14.693532,3282,3.55,2021-11-26 07:47:00,0.0577656958113302,6423.25230831275,"moving",29,-14.69295,145.44156,"run_day_11652_liz21_del_07_29.json","07",11652
145.44165,-14.694061,3282,3.55,2021-11-26 07:59:00,0.0606923553092312,6748.68199649546,"moving",29,-14.69295,145.44156,"run_day_11652_liz21_del_07_29.json","07",11652
145.441821,-14.694577,3282,3.55,2021-11-26 08:11:00,0.0602524158988618,6699.76296603139,"moving",29,-14.69295,145.44156,"run_day_11652_liz21_del_07_29.json","07",11652
145.441743,-14.693199,3283,3.55,2021-11-26 07:32:00,0.0474494429842578,5276.13733195972,"moving",29,-14.69295,145.44156,"run_day_11652_liz21_del_07_29.json","07",11652
145.441816,-14.693606,3283,3.55,2021-11-26 07:44:00,0.0459324089078716,5107.45083911866,"moving",29,-14.69295,145.44156,"run_day_11652_liz21_del_07_29.json","07",11652
145.441914,-14.693998,3283,3.55,2021-11-26 07:56:00,0.0448448020635088,4986.51447584162,"moving",29,-14.69295,145.44156,"run_day_11652_liz21_del_07_29.json","07",11652
145.442026,-14.694392,3283,3.55,2021-11-26 08:08:00,0.0454368209298043,5052.34397025154,"moving",29,-14.69295,145.44156,"run_day_11652_liz21_del_07_29.json","07",11652
145.441705,-14.693414,3284,3.55,2021-11-26 07:41:00,0.0518892111755885,5769.81703031358,"moving",29,-14.69295,145.44156,"run_day_11652_liz21_del_07_29.json","07",11652
145.441804,-14.693877,3284,3.55,2021-11-26 07:53:00,0.0525729115507258,5845.84104337383,"moving",29,-14.69295,145.44156,"run_day_11652_liz21_del_07_29.json","07",11652
145.441928,-14.694312,3284,3.55,2021-11-26 08:05:00,0.0501748756984912,5579.19162269358,"moving",29,-14.69295,145.44156,"run_day_11652_liz21_del_07_29.json","07",11652
145.441525,-14.693392,3285,3.55,2021-11-26 07:31:00,0.0556365551375196,6186.50266727244,"moving",29,-14.69295,145.44156,"run_day_11652_liz21_del_07_29.json","07",11652
145.441656,-14.693909,3285,3.55,2021-11-26 07:43:00,0.0591893303379625,6581.5532450703,"moving",29,-14.69295,145.44156,"run_day_11652_liz21_del_07_29.json","07",11652
145.441817,-14.694428,3285,3.55,2021-11-26 07:55:00,0.0602522780924111,6699.7476426532,"moving",29,-14.69295,145.44156,"run_day_11652_liz21_del_07_29.json","07",11652
145.441621,-14.693414,3286,3.55,2021-11-26 07:30:00,0.0537080860613473,5972.06668981116,"moving",29,-14.69295,145.44156,"run_day_11652_liz21_del_07_29.json","07",11652
145.441741,-14.693917,3286,3.55,2021-11-26 07:42:00,0.0574009839038757,6382.69819451695,"moving",29,-14.69295,145.44156,"run_day_11652_liz21_del_07_29.json","07",11652
145.441887,-14.6944,3286,3.55,2021-11-26 07:54:00,0.0559558529374075,6222.00696270875,"moving",29,-14.69295,145.44156,"run_day_11652_liz21_del_07_29.json","07",11652
145.441681,-14.693465,3287,3.55,2021-11-26 07:14:00,0.0544253961527385,6051.82793280481,"moving",29,-14.69295,145.44156,"run_day_11652_liz21_del_07_29.json","07",11652
145.441804,-14.693948,3287,3.55,2021-11-26 07:26:00,0.0553125873586389,6150.4790938646,"moving",29,-14.69295,145.44156,"run_day_11652_liz21_del_07_29.json","07",11652
145.441942,-14.694414,3287,3.55,2021-11-26 07:38:00,0.0539008328545411,5993.49915534132,"moving",29,-14.69295,145.44156,"run_day_11652_liz21_del_07_29.json","07",11652
145.441624,-14.693481,3288,3.55,2021-11-26 07:20:00,0.0550805204128298,6124.67442684873,"moving",29,-14.69295,145.44156,"run_day_11652_liz21_del_07_29.json","07",11652
145.441757,-14.693987,3288,3.55,2021-11-26 07:32:00,0.058054710406705,6455.38926504466,"moving",29,-14.69295,145.44156,"run_day_11652_liz21_del_07_29.json","07",11652
145.441907,-14.694475,3288,3.55,2021-11-26 07:44:00,0.0566108067725904,6294.83450636748,"moving",29,-14.69295,145.44156,"run_day_11652_liz21_del_07_29.json","07",11652
145.441728,-14.693268,3289,3.55,2021-11-26 07:24:00,0.0495343211739727,5507.96520932791,"moving",29,-14.69295,145.44156,"run_day_11652_liz21_del_07_29.json","07",11652
145.441812,-14.693695,3289,3.55,2021-11-26 07:36:00,0.0483322069125362,5374.2962022091,"moving",29,-14.69295,145.44156,"run_day_11652_liz21_del_07_29.json","07",11652
145.441926,-14.694109,3289,3.55,2021-11-26 07:48:00,0.0476397045729938,5297.29345536249,"moving",29,-14.69295,145.44156,"run_day_11652_liz21_del_07_29.json","07",11652
145.44205,-14.69453,3289,3.55,2021-11-26 08:00:00,0.0486759064986023,5412.51385246948,"moving",29,-14.69295,145.44156,"run_day_11652_liz21_del_07_29.json","07",11652
145.441619,-14.693325,3290,3.55,2021-11-26 07:26:00,0.0528160355618822,5872.8751999599,"moving",29,-14.69295,145.44156,"run_day_11652_liz21_del_07_29.json","07",11652
145.44173,-14.693822,3290,3.55,2021-11-26 07:38:00,0.0565387977809311,6286.82747182218,"moving",29,-14.69295,145.44156,"run_day_11652_liz21_del_07_29.json","07",11652
145.441871,-14.694302,3290,3.55,2021-11-26 07:50:00,0.0554863588853811,6169.80160603361,"moving",29,-14.69295,145.44156,"run_day_11652_liz21_del_07_29.json","07",11652
145.441729,-14.693288,3291,3.55,2021-11-26 07:11:00,0.051104223937695,5682.5304319791,"moving",29,-14.69295,145.44156,"run_day_11652_liz21_del_07_29.json","07",11652
145.441818,-14.693719,3291,3.55,2021-11-26 07:23:00,0.0488717050933654,5434.28566285127,"moving",29,-14.69295,145.44156,"run_day_11652_liz21_del_07_29.json","07",11652
145.441939,-14.694138,3291,3.55,2021-11-26 07:35:00,0.0483742639653739,5378.97273311427,"moving",29,-14.69295,145.44156,"run_day_11652_liz21_del_07_29.json","07",11652
145.442066,-14.694573,3291,3.55,2021-11-26 07:47:00,0.050261605451774,5588.83553124776,"moving",29,-14.69295,145.44156,"run_day_11652_liz21_del_07_29.json","07",11652
145.44161,-14.69359,3292,3.55,2021-11-26 07:30:00,0.0560887926790372,6236.78918752741,"moving",29,-14.69295,145.44156,"run_day_11652_liz21_del_07_29.json","07",11652
145.441753,-14.694107,3292,3.55,2021-11-26 07:42:00,0.0595097860662307,6617.18629626791,"moving",29,-14.69295,145.44156,"run_day_11652_liz21_del_07_29.json","07",11652
145.441915,-14.694601,3292,3.55,2021-11-26 07:54:00,0.0576276584021405,6407.9032487237,"moving",29,-14.69295,145.44156,"run_day_11652_liz21_del_07_29.json","07",11652
145.441697,-14.693515,3293,3.55,2021-11-26 07:16:00,0.0542745919455039,6035.05927004367,"moving",29,-14.69295,145.44156,"run_day_11652_liz21_del_07_29.json","07",11652
145.441823,-14.693991,3293,3.55,2021-11-26 07:28:00,0.0546362746962317,6075.27655697944,"moving",29,-14.69295,145.44156,"run_day_11652_liz21_del_07_29.json","07",11652
145.44196,-14.694454,3293,3.55,2021-11-26 07:40:00,0.0535505271344683,5954.54693649465,"moving",29,-14.69295,145.44156,"run_day_11652_liz21_del_07_29.json","07",11652
145.441569,-14.693297,3294,3.55,2021-11-26 07:15:00,0.054571473424001,6068.07098426727,"moving",29,-14.69295,145.44156,"run_day_11652_liz21_del_07_29.json","07",11652
145.441689,-14.693799,3294,3.55,2021-11-26 07:27:00,0.0572926434984894,6370.65129108738,"moving",29,-14.69295,145.44156,"run_day_11652_liz21_del_07_29.json","07",11652
145.44184,-14.694302,3294,3.55,2021-11-26 07:39:00,0.0582414076549599,6476.14905186911,"moving",29,-14.69295,145.44156,"run_day_11652_liz21_del_07_29.json","07",11652
145.44174,-14.693524,3295,3.55,2021-11-26 07:28:00,0.0518892103258502,5769.816935827,"moving",29,-14.69295,145.44156,"run_day_11652_liz21_del_07_29.json","07",11652
145.441853,-14.69397,3295,3.55,2021-11-26 07:40:00,0.0510605660598485,5677.6758974545,"moving",29,-14.69295,145.44156,"run_day_11652_liz21_del_07_29.json","07",11652
145.44198,-14.694407,3295,3.55,2021-11-26 07:52:00,0.0504756637140719,5612.63772402165,"moving",29,-14.69295,145.44156,"run_day_11652_liz21_del_07_29.json","07",11652
145.441721,-14.693299,3296,3.55,2021-11-26 07:41:00,0.0499332601111203,5552.3251951797,"moving",29,-14.69295,145.44156,"run_day_11652_liz21_del_07_29.json","07",11652
145.441805,-14.693737,3296,3.55,2021-11-26 07:53:00,0.0495343176364214,5507.96481597015,"moving",29,-14.69295,145.44156,"run_day_11652_liz21_del_07_29.json","07",11652
145.441914,-14.694152,3296,3.55,2021-11-26 08:05:00,0.0476118915990294,5294.20079376276,"moving",29,-14.69295,145.44156,"run_day_11652_liz21_del_07_29.json","07",11652
145.44204,-14.694562,3296,3.55,2021-11-26 08:17:00,0.0475616022181883,5288.60886974913,"moving",29,-14.69295,145.44156,"run_day_11652_liz21_del_07_29.json","07",11652
145.441576,-14.6936,3297,3.55,2021-11-26 07:21:00,0.0576074256232263,6405.65346635653,"moving",29,-14.69295,145.44156,"run_day_11652_liz21_del_07_29.json","07",11652
145.441729,-14.694123,3297,3.55,2021-11-26 07:33:00,0.0604384936932402,6720.45387272747,"moving",29,-14.69295,145.44156,"run_day_11652_liz21_del_07_29.json","07",11652
145.441898,-14.694631,3297,3.55,2021-11-26 07:45:00,0.0593396854005515,6598.27196522552,"moving",29,-14.69295,145.44156,"run_day_11652_liz21_del_07_29.json","07",11652
145.44148,-14.693445,3298,3.55,2021-11-26 07:24:00,0.0575699314609482,6401.48430573241,"moving",29,-14.69295,145.44156,"run_day_11652_liz21_del_07_29.json","07",11652
145.441627,-14.693973,3298,3.55,2021-11-26 07:36:00,0.0608026521856972,6760.94644958322,"moving",29,-14.69295,145.44156,"run_day_11652_liz21_del_07_29.json","07",11652
145.4418,-14.694505,3298,3.55,2021-11-26 07:48:00,0.0620132078278068,6895.55409540675,"moving",29,-14.69295,145.44156,"run_day_11652_liz21_del_07_29.json","07",11652
145.441751,-14.693633,3299,3.55,2021-11-26 07:16:00,0.0539950155646828,6003.97179488671,"moving",29,-14.69295,145.44156,"run_day_11652_liz21_del_07_29.json","07",11652
145.441879,-14.694084,3299,3.55,2021-11-26 07:28:00,0.0520043878400242,5782.62409106667,"moving",29,-14.69295,145.44156,"run_day_11652_liz21_del_07_29.json","07",11652
145.442013,-14.694537,3299,3.55,2021-11-26 07:40:00,0.0523927123004456,5825.80380095752,"moving",29,-14.69295,145.44156,"run_day_11652_liz21_del_07_29.json","07",11652
145.441701,-14.693238,3300,3.55,2021-11-26 08:01:00,0.0496766700446359,5523.79368155924,"moving",29,-14.69295,145.44156,"run_day_11652_liz21_del_07_29.json","07",11652
145.441777,-14.69368,3300,3.55,2021-11-26 08:13:00,0.0498233172817058,5540.10011032785,"moving",29,-14.69295,145.44156,"run_day_11652_liz21_del_07_29.json","07",11652
145.441876,-14.694091,3300,3.55,2021-11-26 08:25:00,0.046925233523444,5217.84789941814,"moving",29,-14.69295,145.44156,"run_day_11652_liz21_del_07_29.json","07",11652
145.441998,-14.694492,3300,3.55,2021-11-26 08:37:00,0.0464799183994114,5168.33111686763,"moving",29,-14.69295,145.44156,"run_day_11652_liz21_del_07_29.json","07",11652
145.441552,-14.693469,3301,3.55,2021-11-26 07:53:00,0.0561736807945141,6246.22831530085,"moving",29,-14.69295,145.44156,"run_day_11652_liz21_del_07_29.json","07",11652
145.441676,-14.693985,3301,3.55,2021-11-26 08:05:00,0.0589063158344437,6550.08346811218,"moving",29,-14.69295,145.44156,"run_day_11652_liz21_del_07_29.json","07",11652
145.441831,-14.694482,3301,3.55,2021-11-26 08:17:00,0.0577237853818518,6418.59208118126,"moving",29,-14.69295,145.44156,"run_day_11652_liz21_del_07_29.json","07",11652
145.441571,-14.693485,3302,3.55,2021-11-26 08:00:00,0.0557325826192707,6197.18043606162,"moving",29,-14.69295,145.44156,"run_day_11652_liz21_del_07_29.json","07",11652
145.44169,-14.693993,3302,3.55,2021-11-26 08:12:00,0.0579189907873637,6440.29793192778,"moving",29,-14.69295,145.44156,"run_day_11652_liz21_del_07_29.json","07",11652
145.441841,-14.694479,3302,3.55,2021-11-26 08:24:00,0.0564285383906518,6274.5671870082,"moving",29,-14.69295,145.44156,"run_day_11652_liz21_del_07_29.json","07",11652
145.441693,-14.69325,3303,3.55,2021-11-26 08:04:00,0.0499332604606646,5552.32523404725,"moving",29,-14.69295,145.44156,"run_day_11652_liz21_del_07_29.json","07",11652
145.44177,-14.693698,3303,3.55,2021-11-26 08:16:00,0.0504990929696435,5615.24293837626,"moving",29,-14.69295,145.44156,"run_day_11652_liz21_del_07_29.json","07",11652
145.441872,-14.694114,3303,3.55,2021-11-26 08:28:00,0.0475402978928897,5286.23993686034,"moving",29,-14.69295,145.44156,"run_day_11652_liz21_del_07_29.json","07",11652
145.441996,-14.694519,3303,3.55,2021-11-26 08:40:00,0.0469674050245888,5222.53715639443,"moving",29,-14.69295,145.44156,"run_day_11652_liz21_del_07_29.json","07",11652
145.441618,-14.693569,3304,3.55,2021-11-26 07:33:00,0.0555610147082102,6178.10295477668,"moving",29,-14.69295,145.44156,"run_day_11652_liz21_del_07_29.json","07",11652
145.441756,-14.694084,3304,3.55,2021-11-26 07:45:00,0.0591577602424888,6578.04281061993,"moving",29,-14.69295,145.44156,"run_day_11652_liz21_del_07_29.json","07",11652
145.441914,-14.694573,3304,3.55,2021-11-26 07:57:00,0.0569681359139935,6334.56769403376,"moving",29,-14.69295,145.44156,"run_day_11652_liz21_del_07_29.json","07",11652
145.441574,-14.693457,3305,3.55,2021-11-26 07:22:00,0.055835932052799,6208.67236874155,"moving",29,-14.69295,145.44156,"run_day_11652_liz21_del_07_29.json","07",11652
145.44171,-14.693972,3305,3.55,2021-11-26 07:34:00,0.0591041548434628,6572.08216220749,"moving",29,-14.69295,145.44156,"run_day_11652_liz21_del_07_29.json","07",11652
145.441869,-14.694477,3305,3.55,2021-11-26 07:46:00,0.0586998985581144,6527.13091421257,"moving",29,-14.69295,145.44156,"run_day_11652_liz21_del_07_29.json","07",11652
145.441667,-14.693572,3306,3.55,2021-11-26 07:21:00,0.0552082190596669,6138.87386851639,"moving",29,-14.69295,145.44156,"run_day_11652_liz21_del_07_29.json","07",11652
145.441803,-14.694068,3306,3.55,2021-11-26 07:33:00,0.057059572811739,6344.73501317117,"moving",29,-14.69295,145.44156,"run_day_11652_liz21_del_07_29.json","07",11652
145.441951,-14.694545,3306,3.55,2021-11-26 07:45:00,0.0553772618194412,6157.67056578929,"moving",29,-14.69295,145.44156,"run_day_11652_liz21_del_07_29.json","07",11652
145.441623,-14.693261,3307,3.55,2021-11-26 07:28:00,0.0517695295469151,5756.50904039254,"moving",29,-14.69295,145.44156,"run_day_11652_liz21_del_07_29.json","07",11652
145.441726,-14.693751,3307,3.55,2021-11-26 07:40:00,0.0556004036637827,6182.48280680217,"moving",29,-14.69295,145.44156,"run_day_11652_liz21_del_07_29.json","07",11652
145.44186,-14.694227,3307,3.55,2021-11-26 07:52:00,0.0548560403406386,6099.71338168827,"moving",29,-14.69295,145.44156,"run_day_11652_liz21_del_07_29.json","07",11652
145.442011,-14.694683,3307,3.55,2021-11-26 08:04:00,0.0532425015110577,5920.29604989487,"moving",29,-14.69295,145.44156,"run_day_11652_liz21_del_07_29.json","07",11652
145.441615,-14.693332,3308,3.55,2021-11-26 07:47:00,0.0529213863886808,5884.58967741771,"moving",29,-14.69295,145.44156,"run_day_11652_liz21_del_07_29.json","07",11652
145.441719,-14.693831,3308,3.55,2021-11-26 07:59:00,0.0566025996402212,6293.92191488572,"moving",29,-14.69295,145.44156,"run_day_11652_liz21_del_07_29.json","07",11652
145.441852,-14.694304,3308,3.55,2021-11-26 08:11:00,0.0545059167178415,6060.78141113481,"moving",29,-14.69295,145.44156,"run_day_11652_liz21_del_07_29.json","07",11652
145.441471,-14.693468,3309,3.55,2021-11-26 07:52:00,0.0580839702103679,6458.6428067666,"moving",29,-14.69295,145.44156,"run_day_11652_liz21_del_07_29.json","07",11652
145.441606,-14.693997,3309,3.55,2021-11-26 08:04:00,0.0605878099942115,6737.05708786081,"moving",29,-14.69295,145.44156,"run_day_11652_liz21_del_07_29.json","07",11652
145.441774,-14.694516,3309,3.55,2021-11-26 08:16:00,0.0604729657836857,6724.28699429584,"moving",29,-14.69295,145.44156,"run_day_11652_liz21_del_07_29.json","07",11652
145.441673,-14.693153,3310,3.55,2021-11-26 07:56:00,0.049296087460514,5481.4748290356,"moving",29,-14.69295,145.44156,"run_day_11652_liz21_del_07_29.json","07",11652
145.441751,-14.693611,3310,3.55,2021-11-26 08:08:00,0.0516136830915106,5739.17970521603,"moving",29,-14.69295,145.44156,"run_day_11652_liz21_del_07_29.json","07",11652
145.44185,-14.694037,3310,3.55,2021-11-26 08:20:00,0.0485511229378488,5398.63855358505,"moving",29,-14.69295,145.44156,"run_day_11652_liz21_del_07_29.json","07",11652
145.441972,-14.694447,3310,3.55,2021-11-26 08:32:00,0.0474408052590101,5275.17686073443,"moving",29,-14.69295,145.44156,"run_day_11652_liz21_del_07_29.json","07",11652
145.441582,-14.693628,3311,3.55,2021-11-26 07:49:00,0.0573292940020438,6374.7266411416,"moving",29,-14.69295,145.44156,"run_day_11652_liz21_del_07_29.json","07",11652
145.441722,-14.694151,3311,3.55,2021-11-26 08:01:00,0.0600728387661204,6679.79489992917,"moving",29,-14.69295,145.44156,"run_day_11652_liz21_del_07_29.json","07",11652
145.441888,-14.694644,3311,3.55,2021-11-26 08:13:00,0.0576534603354667,6410.7722928072,"moving",29,-14.69295,145.44156,"run_day_11652_liz21_del_07_29.json","07",11652
145.441605,-14.693642,3312,3.55,2021-11-26 07:32:00,0.0568593878664346,6322.47546286271,"moving",29,-14.69295,145.44156,"run_day_11652_liz21_del_07_29.json","07",11652
145.441753,-14.694164,3312,3.55,2021-11-26 07:44:00,0.060187039265594,6692.49341609091,"moving",29,-14.69295,145.44156,"run_day_11652_liz21_del_07_29.json","07",11652
145.441921,-14.694661,3312,3.55,2021-11-26 07:56:00,0.0581430307863023,6465.2100431752,"moving",29,-14.69295,145.44156,"run_day_11652_liz21_del_07_29.json","07",11652
145.441606,-14.693442,3313,3.55,2021-11-26 07:41:00,0.0544915761244231,6059.18680990162,"moving",29,-14.69295,145.44156,"run_day_11652_liz21_del_07_29.json","07",11652
145.441726,-14.693951,3313,3.55,2021-11-26 07:53:00,0.0580512618855565,6455.00580698852,"moving",29,-14.69295,145.44156,"run_day_11652_liz21_del_07_29.json","07",11652
145.441873,-14.694437,3313,3.55,2021-11-26 08:05:00,0.0563062172040516,6260.9656916371,"moving",29,-14.69295,145.44156,"run_day_11652_liz21_del_07_29.json","07",11652
145.441589,-14.693334,3314,3.55,2021-11-26 07:46:00,0.0535994314990959,5959.98485373201,"moving",29,-14.69295,145.44156,"run_day_11652_liz21_del_07_29.json","07",11652
145.441697,-14.693838,3314,3.55,2021-11-26 07:58:00,0.0572334837229747,6364.07302418872,"moving",29,-14.69295,145.44156,"run_day_11652_liz21_del_07_29.json","07",11652
145.441836,-14.694325,3314,3.55,2021-11-26 08:10:00,0.0561778559613605,6246.69257267206,"moving",29,-14.69295,145.44156,"run_day_11652_liz21_del_07_29.json","07",11652
145.44165,-14.693443,3315,3.55,2021-11-26 08:08:00,0.05308093023759,5902.33014399375,"moving",29,-14.69295,145.44156,"run_day_11652_liz21_del_07_29.json","07",11652
145.441749,-14.693924,3315,3.55,2021-11-26 08:20:00,0.0545344420902206,6063.95328782402,"moving",29,-14.69295,145.44156,"run_day_11652_liz21_del_07_29.json","07",11652
145.441878,-14.694372,3315,3.55,2021-11-26 08:32:00,0.0517115313426766,5750.05993432672,"moving",29,-14.69295,145.44156,"run_day_11652_liz21_del_07_29.json","07",11652
145.441746,-14.69316,3316,3.55,2021-11-26 07:20:00,0.0475400344382871,5286.21064204513,"moving",29,-14.69295,145.44156,"run_day_11652_liz21_del_07_29.json","07",11652
145.441819,-14.693555,3316,3.55,2021-11-26 07:32:00,0.0446182930824733,4961.32782631105,"moving",29,-14.69295,145.44156,"run_day_11652_liz21_del_07_29.json","07",11652
145.441917,-14.693942,3316,3.55,2021-11-26 07:44:00,0.0443045971920169,4926.44643478304,"moving",29,-14.69295,145.44156,"run_day_11652_liz21_del_07_29.json","07",11652
145.442028,-14.694336,3316,3.55,2021-11-26 07:56:00,0.0454084236455169,5049.1863363083,"moving",29,-14.69295,145.44156,"run_day_11652_liz21_del_07_29.json","07",11652
145.441778,-14.693267,3317,3.55,2021-11-26 07:15:00,0.0467548432345644,5198.90136374524,"moving",29,-14.69295,145.44156,"run_day_11652_liz21_del_07_29.json","07",11652
145.441853,-14.693647,3317,3.55,2021-11-26 07:27:00,0.0430172206332394,4783.29669276585,"moving",29,-14.69295,145.44156,"run_day_11652_liz21_del_07_29.json","07",11652
145.441958,-14.694028,3317,3.55,2021-11-26 07:39:00,0.0438447458814338,4875.31330203535,"moving",29,-14.69295,145.44156,"run_day_11652_liz21_del_07_29.json","07",11652
145.442069,-14.694429,3317,3.55,2021-11-26 07:51:00,0.0461598550243538,5132.74169335649,"moving",29,-14.69295,145.44156,"run_day_11652_liz21_del_07_29.json","07",11652
145.441619,-14.693488,3318,3.55,2021-11-26 07:35:00,0.0545776971220291,6068.76302791297,"moving",29,-14.69295,145.44156,"run_day_11652_liz21_del_07_29.json","07",11652
145.441747,-14.693997,3318,3.55,2021-11-26 07:47:00,0.0582486174253089,6476.95074175418,"moving",29,-14.69295,145.44156,"run_day_11652_liz21_del_07_29.json","07",11652
145.441897,-14.694482,3318,3.55,2021-11-26 07:59:00,0.0562911360465299,6259.28874343276,"moving",29,-14.69295,145.44156,"run_day_11652_liz21_del_07_29.json","07",11652
145.44176,-14.693457,3319,3.55,2021-11-26 08:08:00,0.0488760188881696,5434.76533494809,"moving",29,-14.69295,145.44156,"run_day_11652_liz21_del_07_29.json","07",11652
145.441841,-14.693862,3319,3.55,2021-11-26 08:20:00,0.0458689347061002,5100.39282990887,"moving",29,-14.69295,145.44156,"run_day_11652_liz21_del_07_29.json","07",11652
145.441946,-14.694249,3319,3.55,2021-11-26 08:32:00,0.0444897317958366,4947.03246347414,"moving",29,-14.69295,145.44156,"run_day_11652_liz21_del_07_29.json","07",11652
145.44207,-14.69464,3319,3.55,2021-11-26 08:44:00,0.0454769066298902,5056.80129673209,"moving",29,-14.69295,145.44156,"run_day_11652_liz21_del_07_29.json","07",11652
145.441595,-14.693662,3320,3.55,2021-11-26 07:38:00,0.0574009872909373,6382.69857114102,"moving",29,-14.69295,145.44156,"run_day_11652_liz21_del_07_29.json","07",11652
145.441743,-14.694187,3320,3.55,2021-11-26 07:50:00,0.0605088088526585,6728.27256172099,"moving",29,-14.69295,145.44156,"run_day_11652_liz21_del_07_29.json","07",11652
145.441914,-14.694685,3320,3.55,2021-11-26 08:02:00,0.0583496344631238,6488.18332386387,"moving",29,-14.69295,145.44156,"run_day_11652_liz21_del_07_29.json","07",11652
145.441593,-14.693577,3321,3.55,2021-11-26 07:18:00,0.0573169733022139,6373.35664182781,"moving",29,-14.69295,145.44156,"run_day_11652_liz21_del_07_29.json","07",11652
145.441742,-14.694096,3321,3.55,2021-11-26 07:30:00,0.0598940901461465,6659.91896024335,"moving",29,-14.69295,145.44156,"run_day_11652_liz21_del_07_29.json","07",11652
145.441906,-14.694598,3321,3.55,2021-11-26 07:42:00,0.0585406583729381,6509.42421350302,"moving",29,-14.69295,145.44156,"run_day_11652_liz21_del_07_29.json","07",11652
145.441596,-14.693511,3322,3.55,2021-11-26 07:29:00,0.0555227899085058,6173.85255097755,"moving",29,-14.69295,145.44156,"run_day_11652_liz21_del_07_29.json","07",11652
145.441733,-14.694026,3322,3.55,2021-11-26 07:41:00,0.0591308658410839,6575.05228962857,"moving",29,-14.69295,145.44156,"run_day_11652_liz21_del_07_29.json","07",11652
145.441891,-14.694523,3322,3.55,2021-11-26 07:53:00,0.0578178029941159,6429.04636268027,"moving",29,-14.69295,145.44156,"run_day_11652_liz21_del_07_29.json","07",11652
145.441687,-14.693199,3323,3.55,2021-11-26 07:22:00,0.0499625939801483,5555.58697259446,"moving",29,-14.69295,145.44156,"run_day_11652_liz21_del_07_29.json","07",11652
145.441774,-14.693654,3323,3.55,2021-11-26 07:34:00,0.0514517844086957,5721.17739305657,"moving",29,-14.69295,145.44156,"run_day_11652_liz21_del_07_29.json","07",11652
145.441892,-14.694089,3323,3.55,2021-11-26 07:46:00,0.0500072058737053,5560.547588826,"moving",29,-14.69295,145.44156,"run_day_11652_liz21_del_07_29.json","07",11652
145.442021,-14.694522,3323,3.55,2021-11-26 07:58:00,0.0501067641839846,5571.61796783437,"moving",29,-14.69295,145.44156,"run_day_11652_liz21_del_07_29.json","07",11652
145.441519,-14.693603,3324,3.55,2021-11-26 08:07:00,0.0579669140273157,6445.62675307881,"moving",29,-14.69295,145.44156,"run_day_11652_liz21_del_07_29.json","07",11652
145.441652,-14.69412,3324,3.55,2021-11-26 08:19:00,0.0592409044602896,6587.28802581922,"moving",29,-14.69295,145.44156,"run_day_11652_liz21_del_07_29.json","07",11652
145.441821,-14.69462,3324,3.55,2021-11-26 08:31:00,0.0584935250688082,6504.18322920779,"moving",29,-14.69295,145.44156,"run_day_11652_liz21_del_07_29.json","07",11652
145.441628,-14.693331,3325,3.55,2021-11-26 07:35:00,0.0525304733761653,5841.12213366664,"moving",29,-14.69295,145.44156,"run_day_11652_liz21_del_07_29.json","07",11652
145.441734,-14.693827,3325,3.55,2021-11-26 07:47:00,0.0563187865719661,6262.36334158033,"moving",29,-14.69295,145.44156,"run_day_11652_liz21_del_07_29.json","07",11652
145.441871,-14.694301,3325,3.55,2021-11-26 07:59:00,0.0547274906441883,6085.4193076213,"moving",29,-14.69295,145.44156,"run_day_11652_liz21_del_07_29.json","07",11652
145.441636,-14.693516,3326,3.55,2021-11-26 07:27:00,0.054708968720513,6083.3597636769,"moving",29,-14.69295,145.44156,"run_day_11652_liz21_del_07_29.json","07",11652
145.441769,-14.694022,3326,3.55,2021-11-26 07:39:00,0.0580547098420549,6455.38920225844,"moving",29,-14.69295,145.44156,"run_day_11652_liz21_del_07_29.json","07",11652
145.441919,-14.694504,3326,3.55,2021-11-26 07:51:00,0.0559716273939264,6223.76100224422,"moving",29,-14.69295,145.44156,"run_day_11652_liz21_del_07_29.json","07",11652
145.441741,-14.69314,3327,3.55,2021-11-26 07:37:00,0.0468272868431672,5206.95672548969,"moving",29,-14.69295,145.44156,"run_day_11652_liz21_del_07_29.json","07",11652
145.44181,-14.693541,3327,3.55,2021-11-26 07:49:00,0.0452025766782088,5026.29719787847,"moving",29,-14.69295,145.44156,"run_day_11652_liz21_del_07_29.json","07",11652
145.441899,-14.693926,3327,3.55,2021-11-26 08:01:00,0.0438672607010858,4877.81683575497,"moving",29,-14.69295,145.44156,"run_day_11652_liz21_del_07_29.json","07",11652
145.442005,-14.694305,3327,3.55,2021-11-26 08:13:00,0.0436578592137675,4854.53245273335,"moving",29,-14.69295,145.44156,"run_day_11652_liz21_del_07_29.json","07",11652
145.441573,-14.693573,3328,3.55,2021-11-26 07:42:00,0.0567870112504704,6314.42755035979,"moving",29,-14.69295,145.44156,"run_day_11652_liz21_del_07_29.json","07",11652
145.441713,-14.694096,3328,3.55,2021-11-26 07:54:00,0.0600728397162637,6679.79500558028,"moving",29,-14.69295,145.44156,"run_day_11652_liz21_del_07_29.json","07",11652
145.441878,-14.694597,3328,3.55,2021-11-26 08:06:00,0.0584671992931257,6501.25593651191,"moving",29,-14.69295,145.44156,"run_day_11652_liz21_del_07_29.json","07",11652
145.441487,-14.693583,3329,3.55,2021-11-26 07:51:00,0.0588653939036462,6545.53315701899,"moving",29,-14.69295,145.44156,"run_day_11652_liz21_del_07_29.json","07",11652
145.441632,-14.694117,3329,3.55,2021-11-26 08:03:00,0.0613921119764354,6826.49138777427,"moving",29,-14.69295,145.44156,"run_day_11652_liz21_del_07_29.json","07",11652
145.441809,-14.694636,3329,3.55,2021-11-26 08:15:00,0.0607692368054007,6757.23082882235,"moving",29,-14.69295,145.44156,"run_day_11652_liz21_del_07_29.json","07",11652
145.441555,-14.693244,3330,3.55,2021-11-26 08:08:00,0.0530333039512982,5897.03434258319,"moving",29,-14.69295,145.44156,"run_day_11652_liz21_del_07_29.json","07",11652
145.441653,-14.69373,3330,3.55,2021-11-26 08:20:00,0.055059131546486,6122.29609342462,"moving",29,-14.69295,145.44156,"run_day_11652_liz21_del_07_29.json","07",11652
145.441778,-14.694217,3330,3.55,2021-11-26 08:32:00,0.0557959992627285,6204.23204507895,"moving",29,-14.69295,145.44156,"run_day_11652_liz21_del_07_29.json","07",11652
145.441931,-14.69467,3330,3.55,2021-11-26 08:44:00,0.0529913228843816,5892.36626092694,"moving",29,-14.69295,145.44156,"run_day_11652_liz21_del_07_29.json","07",11652
145.441647,-14.693212,3331,3.55,2021-11-26 07:14:00,0.0517671430337319,5756.2436722342,"moving",29,-14.69295,145.44156,"run_day_11652_liz21_del_07_29.json","07",11652
145.441745,-14.693691,3331,3.55,2021-11-26 07:26:00,0.0542953688367932,6037.36955494648,"moving",29,-14.69295,145.44156,"run_day_11652_liz21_del_07_29.json","07",11652
145.441877,-14.694151,3331,3.55,2021-11-26 07:38:00,0.0530835451756448,5902.62091183895,"moving",29,-14.69295,145.44156,"run_day_11652_liz21_del_07_29.json","07",11652
145.442018,-14.694606,3331,3.55,2021-11-26 07:50:00,0.0528177959571005,5873.07094697706,"moving",29,-14.69295,145.44156,"run_day_11652_liz21_del_07_29.json","07",11652
145.441635,-14.693177,3332,3.55,2021-11-26 07:22:00,0.0508095296072603,5649.76191752384,"moving",29,-14.69295,145.44156,"run_day_11652_liz21_del_07_29.json","07",11652
145.44173,-14.693655,3332,3.55,2021-11-26 07:34:00,0.0541244502307012,6018.36427307989,"moving",29,-14.69295,145.44156,"run_day_11652_liz21_del_07_29.json","07",11652
145.441857,-14.69412,3332,3.55,2021-11-26 07:46:00,0.0534795867418272,5946.65872473879,"moving",29,-14.69295,145.44156,"run_day_11652_liz21_del_07_29.json","07",11652
145.441997,-14.694572,3332,3.55,2021-11-26 07:58:00,0.0524673758797372,5834.10601217987,"moving",29,-14.69295,145.44156,"run_day_11652_liz21_del_07_29.json","07",11652
145.441759,-14.693342,3333,3.55,2021-11-26 07:54:00,0.0482702696526523,5367.40909313974,"moving",29,-14.69295,145.44156,"run_day_11652_liz21_del_07_29.json","07",11652
145.441834,-14.693748,3333,3.55,2021-11-26 08:06:00,0.045860203801643,5099.42199762821,"moving",29,-14.69295,145.44156,"run_day_11652_liz21_del_07_29.json","07",11652
145.441932,-14.694131,3333,3.55,2021-11-26 08:18:00,0.0438727142777873,4878.42324581624,"moving",29,-14.69295,145.44156,"run_day_11652_liz21_del_07_29.json","07",11652
145.442048,-14.694519,3333,3.55,2021-11-26 08:30:00,0.0449114891828373,4993.92974518349,"moving",29,-14.69295,145.44156,"run_day_11652_liz21_del_07_29.json","07",11652
145.441705,-14.693528,3334,3.55,2021-11-26 07:34:00,0.0531901792424287,5914.47807907278,"moving",29,-14.69295,145.44156,"run_day_11652_liz21_del_07_29.json","07",11652
145.441823,-14.693999,3334,3.55,2021-11-26 07:46:00,0.0538887297059203,5992.15334661826,"moving",29,-14.69295,145.44156,"run_day_11652_liz21_del_07_29.json","07",11652
145.441958,-14.69445,3334,3.55,2021-11-26 07:58:00,0.0522087519782232,5805.34834642249,"moving",29,-14.69295,145.44156,"run_day_11652_liz21_del_07_29.json","07",11652
145.441588,-14.693526,3335,3.55,2021-11-26 07:20:00,0.0564858398819499,6280.9388221297,"moving",29,-14.69295,145.44156,"run_day_11652_liz21_del_07_29.json","07",11652
145.441732,-14.694043,3335,3.55,2021-11-26 07:32:00,0.0595376773147255,6620.28766159832,"moving",29,-14.69295,145.44156,"run_day_11652_liz21_del_07_29.json","07",11652
145.441892,-14.694545,3335,3.55,2021-11-26 07:44:00,0.0584124622574116,6495.16945584094,"moving",29,-14.69295,145.44156,"run_day_11652_liz21_del_07_29.json","07",11652
145.441778,-14.693562,3336,3.55,2021-11-26 07:38:00,0.0493295183069758,5485.19216955559,"moving",29,-14.69295,145.44156,"run_day_11652_liz21_del_07_29.json","07",11652
145.441882,-14.693981,3336,3.55,2021-11-26 07:50:00,0.047914705637581,5327.87217856644,"moving",29,-14.69295,145.44156,"run_day_11652_liz21_del_07_29.json","07",11652
145.442001,-14.694395,3336,3.55,2021-11-26 08:02:00,0.0477809444566246,5312.99861386211,"moving",29,-14.69295,145.44156,"run_day_11652_liz21_del_07_29.json","07",11652
145.441679,-14.693388,3337,3.55,2021-11-26 07:24:00,0.0522904819657278,5814.43630638772,"moving",29,-14.69295,145.44156,"run_day_11652_liz21_del_07_29.json","07",11652
145.441787,-14.693867,3337,3.55,2021-11-26 07:36:00,0.0545143893618021,6061.7235261585,"moving",29,-14.69295,145.44156,"run_day_11652_liz21_del_07_29.json","07",11652
145.441921,-14.694323,3337,3.55,2021-11-26 07:48:00,0.052713510507491,5861.47493405764,"moving",29,-14.69295,145.44156,"run_day_11652_liz21_del_07_29.json","07",11652
145.441685,-14.6932,3338,3.55,2021-11-26 07:53:00,0.049624192929879,5517.95849263333,"moving",29,-14.69295,145.44156,"run_day_11652_liz21_del_07_29.json","07",11652
145.441764,-14.693658,3338,3.55,2021-11-26 08:05:00,0.0516312750037585,5741.13583660796,"moving",29,-14.69295,145.44156,"run_day_11652_liz21_del_07_29.json","07",11652
145.441866,-14.69408,3338,3.55,2021-11-26 08:17:00,0.0481897055789394,5358.45077687305,"moving",29,-14.69295,145.44156,"run_day_11652_liz21_del_07_29.json","07",11652
145.44199,-14.694489,3338,3.55,2021-11-26 08:29:00,0.0473940437798398,5269.9772214883,"moving",29,-14.69295,145.44156,"run_day_11652_liz21_del_07_29.json","07",11652
145.44167,-14.693621,3339,3.55,2021-11-26 07:19:00,0.0560363499320117,6230.95782011887,"moving",29,-14.69295,145.44156,"run_day_11652_liz21_del_07_29.json","07",11652
145.441812,-14.694118,3339,3.55,2021-11-26 07:31:00,0.0573355844743065,6375.42610974341,"moving",29,-14.69295,145.44156,"run_day_11652_liz21_del_07_29.json","07",11652
145.441964,-14.694598,3339,3.55,2021-11-26 07:43:00,0.0558213348617606,6207.04923515482,"moving",29,-14.69295,145.44156,"run_day_11652_liz21_del_07_29.json","07",11652
145.441675,-14.693149,3340,3.55,2021-11-26 07:31:00,0.0489391682718707,5441.78722603638,"moving",29,-14.69295,145.44156,"run_day_11652_liz21_del_07_29.json","07",11652
145.441759,-14.693609,3340,3.55,2021-11-26 07:43:00,0.0519414869803629,5775.62983459076,"moving",29,-14.69295,145.44156,"run_day_11652_liz21_del_07_29.json","07",11652
145.44187,-14.694046,3340,3.55,2021-11-26 07:55:00,0.0500373789759714,5563.90268471913,"moving",29,-14.69295,145.44156,"run_day_11652_liz21_del_07_29.json","07",11652
145.441996,-14.694472,3340,3.55,2021-11-26 08:07:00,0.0492695768581437,5478.52698454974,"moving",29,-14.69295,145.44156,"run_day_11652_liz21_del_07_29.json","07",11652
145.441595,-14.693281,3341,3.55,2021-11-26 07:57:00,0.0529433521278761,5887.03215617622,"moving",29,-14.69295,145.44156,"run_day_11652_liz21_del_07_29.json","07",11652
145.441694,-14.693772,3341,3.55,2021-11-26 08:09:00,0.0556254136785658,6185.26379356135,"moving",29,-14.69295,145.44156,"run_day_11652_liz21_del_07_29.json","07",11652
145.44182,-14.694248,3341,3.55,2021-11-26 08:21:00,0.0546362707421816,6075.27611730913,"moving",29,-14.69295,145.44156,"run_day_11652_liz21_del_07_29.json","07",11652
145.44197,-14.694692,3341,3.55,2021-11-26 08:33:00,0.0519398419259992,5775.44691289146,"moving",29,-14.69295,145.44156,"run_day_11652_liz21_del_07_29.json","07",11652
145.441643,-14.693141,3342,3.55,2021-11-26 07:54:00,0.0498329227937978,5541.1681945403,"moving",29,-14.69295,145.44156,"run_day_11652_liz21_del_07_29.json","07",11652
145.441726,-14.693613,3342,3.55,2021-11-26 08:06:00,0.0532378487321714,5919.77868448791,"moving",29,-14.69295,145.44156,"run_day_11652_liz21_del_07_29.json","07",11652
145.44183,-14.694059,3342,3.55,2021-11-26 08:18:00,0.050838837934628,5653.02085483557,"moving",29,-14.69295,145.44156,"run_day_11652_liz21_del_07_29.json","07",11652
145.441959,-14.694482,3342,3.55,2021-11-26 08:30:00,0.0490392635584596,5452.9173140861,"moving",29,-14.69295,145.44156,"run_day_11652_liz21_del_07_29.json","07",11652
145.4416,-14.693391,3343,3.55,2021-11-26 07:43:00,0.0540341146599985,6008.31941592221,"moving",29,-14.69295,145.44156,"run_day_11652_liz21_del_07_29.json","07",11652
145.441713,-14.693898,3343,3.55,2021-11-26 07:55:00,0.0576711026223715,6412.73402560541,"moving",29,-14.69295,145.44156,"run_day_11652_liz21_del_07_29.json","07",11652
145.441857,-14.694383,3343,3.55,2021-11-26 08:07:00,0.0561095798199848,6239.10061214022,"moving",29,-14.69295,145.44156,"run_day_11652_liz21_del_07_29.json","07",11652
145.441635,-14.693667,3344,3.55,2021-11-26 07:45:00,0.0565161848028865,6284.31302338729,"moving",29,-14.69295,145.44156,"run_day_11652_liz21_del_07_29.json","07",11652
145.441774,-14.69418,3344,3.55,2021-11-26 07:57:00,0.0589696865200992,6557.12996685506,"moving",29,-14.69295,145.44156,"run_day_11652_liz21_del_07_29.json","07",11652
145.441935,-14.694659,3344,3.55,2021-11-26 08:09:00,0.0560067228357904,6227.66343732784,"moving",29,-14.69295,145.44156,"run_day_11652_liz21_del_07_29.json","07",11652
145.441496,-14.693379,3345,3.55,2021-11-26 07:15:00,0.0572739194670192,6368.56927378156,"moving",29,-14.69295,145.44156,"run_day_11652_liz21_del_07_29.json","07",11652
145.441636,-14.693899,3345,3.55,2021-11-26 07:27:00,0.0597499669121657,6643.89318781308,"moving",29,-14.69295,145.44156,"run_day_11652_liz21_del_07_29.json","07",11652
145.441804,-14.694426,3345,3.55,2021-11-26 07:39:00,0.0613224627034939,6818.74674197869,"moving",29,-14.69295,145.44156,"run_day_11652_liz21_del_07_29.json","07",11652
145.441621,-14.693182,3346,3.55,2021-11-26 07:52:00,0.0509187279867705,5661.90422332318,"moving",29,-14.69295,145.44156,"run_day_11652_liz21_del_07_29.json","07",11652
145.441711,-14.693664,3346,3.55,2021-11-26 08:04:00,0.0544631425223728,6056.02513760739,"moving",29,-14.69295,145.44156,"run_day_11652_liz21_del_07_29.json","07",11652
145.441824,-14.694126,3346,3.55,2021-11-26 08:16:00,0.0527902446175369,5870.00737779533,"moving",29,-14.69295,145.44156,"run_day_11652_liz21_del_07_29.json","07",11652
145.441961,-14.694561,3346,3.55,2021-11-26 08:28:00,0.050564517818342,5622.51784962802,"moving",29,-14.69295,145.44156,"run_day_11652_liz21_del_07_29.json","07",11652
145.441524,-14.693607,3347,3.55,2021-11-26 07:50:00,0.0584144531407114,6495.39083196342,"moving",29,-14.69295,145.44156,"run_day_11652_liz21_del_07_29.json","07",11652
145.441668,-14.694137,3347,3.55,2021-11-26 08:02:00,0.0609345999789079,6775.6183747702,"moving",29,-14.69295,145.44156,"run_day_11652_liz21_del_07_29.json","07",11652
145.441842,-14.694648,3347,3.55,2021-11-26 08:14:00,0.0598233757688193,6652.05588024374,"moving",29,-14.69295,145.44156,"run_day_11652_liz21_del_07_29.json","07",11652
145.441555,-14.693415,3348,3.55,2021-11-26 08:04:00,0.0552121219546741,6139.30785064042,"moving",29,-14.69295,145.44156,"run_day_11652_liz21_del_07_29.json","07",11652
145.441667,-14.693917,3348,3.55,2021-11-26 08:16:00,0.0571049482498532,6349.78053168374,"moving",29,-14.69295,145.44156,"run_day_11652_liz21_del_07_29.json","07",11652
145.441812,-14.694407,3348,3.55,2021-11-26 08:28:00,0.0566736648698813,6301.82400788476,"moving",29,-14.69295,145.44156,"run_day_11652_liz21_del_07_29.json","07",11652
145.441584,-14.693281,3349,3.55,2021-11-26 08:07:00,0.0528345281021885,5874.93147662273,"moving",29,-14.69295,145.44156,"run_day_11652_liz21_del_07_29.json","07",11652
145.441681,-14.693766,3349,3.55,2021-11-26 08:19:00,0.0549294662510185,6107.87797040677,"moving",29,-14.69295,145.44156,"run_day_11652_liz21_del_07_29.json","07",11652
145.441805,-14.694243,3349,3.55,2021-11-26 08:31:00,0.0546911409069701,6081.37740125776,"moving",29,-14.69295,145.44156,"run_day_11652_liz21_del_07_29.json","07",11652
145.441956,-14.694688,3349,3.55,2021-11-26 08:43:00,0.0520789904704567,5790.91952508511,"moving",29,-14.69295,145.44156,"run_day_11652_liz21_del_07_29.json","07",11652
145.441492,-14.693394,3350,3.55,2021-11-26 07:23:00,0.0568163594914639,6317.6909258642,"moving",29,-14.69295,145.44156,"run_day_11652_liz21_del_07_29.json","07",11652
145.441632,-14.693915,3350,3.55,2021-11-26 07:35:00,0.0598575789882877,6655.85910472353,"moving",29,-14.69295,145.44156,"run_day_11652_liz21_del_07_29.json","07",11652
145.4418,-14.694444,3350,3.55,2021-11-26 07:47:00,0.0615350128589334,6842.38124092108,"moving",29,-14.69295,145.44156,"run_day_11652_liz21_del_07_29.json","07",11652
145.441667,-14.693187,3351,3.55,2021-11-26 07:59:00,0.0498819493055803,5546.6196939216,"moving",29,-14.69295,145.44156,"run_day_11652_liz21_del_07_29.json","07",11652
145.441746,-14.693649,3351,3.55,2021-11-26 08:11:00,0.0520700416063599,5789.92445679831,"moving",29,-14.69295,145.44156,"run_day_11652_liz21_del_07_29.json","07",11652
145.441849,-14.694079,3351,3.55,2021-11-26 08:23:00,0.0490804897988659,5457.5014628639,"moving",29,-14.69295,145.44156,"run_day_11652_liz21_del_07_29.json","07",11652
145.441974,-14.694493,3351,3.55,2021-11-26 08:35:00,0.0479578475585125,5332.66934129972,"moving",29,-14.69295,145.44156,"run_day_11652_liz21_del_07_29.json","07",11652
145.441664,-14.693169,3352,3.55,2021-11-26 07:56:00,0.0496832564332834,5524.52605456175,"moving",29,-14.69295,145.44156,"run_day_11652_liz21_del_07_29.json","07",11652
145.441744,-14.693634,3352,3.55,2021-11-26 08:08:00,0.0524167324363618,5828.47471820871,"moving",29,-14.69295,145.44156,"run_day_11652_liz21_del_07_29.json","07",11652
145.441846,-14.694068,3352,3.55,2021-11-26 08:20:00,0.0494899379017148,5503.03001462495,"moving",29,-14.69295,145.44156,"run_day_11652_liz21_del_07_29.json","07",11652
145.441972,-14.694483,3352,3.55,2021-11-26 08:32:00,0.0480947910735548,5347.89676540931,"moving",29,-14.69295,145.44156,"run_day_11652_liz21_del_07_29.json","07",11652
145.441711,-14.693487,3353,3.55,2021-11-26 08:09:00,0.0519959528403535,5781.68616189704,"moving",29,-14.69295,145.44156,"run_day_11652_liz21_del_07_29.json","07",11652
145.441804,-14.693935,3353,3.55,2021-11-26 08:21:00,0.0508096977169869,5649.78061047256,"moving",29,-14.69295,145.44156,"run_day_11652_liz21_del_07_29.json","07",11652
145.441923,-14.694353,3353,3.55,2021-11-26 08:33:00,0.048209616764,5360.66479963527,"moving",29,-14.69295,145.44156,"run_day_11652_liz21_del_07_29.json","07",11652
145.441618,-14.693194,3354,3.55,2021-11-26 07:30:00,0.0509632771476967,5666.85786400445,"moving",29,-14.69295,145.44156,"run_day_11652_liz21_del_07_29.json","07",11652
145.441715,-14.693679,3354,3.55,2021-11-26 07:42:00,0.0549294670400522,6107.87805814331,"moving",29,-14.69295,145.44156,"run_day_11652_liz21_del_07_29.json","07",11652
145.441843,-14.694154,3354,3.55,2021-11-26 07:54:00,0.0545824213235688,6069.28833515663,"moving",29,-14.69295,145.44156,"run_day_11652_liz21_del_07_29.json","07",11652
145.441988,-14.694607,3354,3.55,2021-11-26 08:06:00,0.0527304523342761,5863.35877924423,"moving",29,-14.69295,145.44156,"run_day_11652_liz21_del_07_29.json","07",11652
145.441742,-14.693586,3355,3.55,2021-11-26 07:57:00,0.0525441493366543,5842.64283109001,"moving",29,-14.69295,145.44156,"run_day_11652_liz21_del_07_29.json","07",11652
145.441845,-14.694024,3355,3.55,2021-11-26 08:09:00,0.0499474956901394,5553.90811934447,"moving",29,-14.69295,145.44156,"run_day_11652_liz21_del_07_29.json","07",11652
145.441969,-14.694442,3355,3.55,2021-11-26 08:21:00,0.048355175955804,5376.85024329035,"moving",29,-14.69295,145.44156,"run_day_11652_liz21_del_07_29.json","07",11652
145.441535,-14.693312,3356,3.55,2021-11-26 08:04:00,0.0546076911965747,6072.09821683184,"moving",29,-14.69295,145.44156,"run_day_11652_liz21_del_07_29.json","07",11652
145.441642,-14.693809,3356,3.55,2021-11-26 08:16:00,0.0564495142818185,6276.89959968778,"moving",29,-14.69295,145.44156,"run_day_11652_liz21_del_07_29.json","07",11652
145.441779,-14.694304,3356,3.55,2021-11-26 08:28:00,0.0569798177090621,6335.86665037949,"moving",29,-14.69295,145.44156,"run_day_11652_liz21_del_07_29.json","07",11652
145.441706,-14.693142,3357,3.55,2021-11-26 07:44:00,0.0483440325615283,5375.6111543813,"moving",29,-14.69295,145.44156,"run_day_11652_liz21_del_07_29.json","07",11652
145.44178,-14.693578,3357,3.55,2021-11-26 07:56:00,0.049130002643525,5463.00703999374,"moving",29,-14.69295,145.44156,"run_day_11652_liz21_del_07_29.json","07",11652
145.441875,-14.693988,3357,3.55,2021-11-26 08:08:00,0.0467209713474006,5195.13498173674,"moving",29,-14.69295,145.44156,"run_day_11652_liz21_del_07_29.json","07",11652
145.441989,-14.694386,3357,3.55,2021-11-26 08:20:00,0.0459228039413138,5106.38281556684,"moving",29,-14.69295,145.44156,"run_day_11652_liz21_del_07_29.json","07",11652
145.441631,-14.693337,3358,3.55,2021-11-26 08:05:00,0.0523575271115445,5821.89138645869,"moving",29,-14.69295,145.44156,"run_day_11652_liz21_del_07_29.json","07",11652
145.441725,-14.693819,3358,3.55,2021-11-26 08:17:00,0.0545412541909962,6064.71075887005,"moving",29,-14.69295,145.44156,"run_day_11652_liz21_del_07_29.json","07",11652
145.441848,-14.694274,3358,3.55,2021-11-26 08:29:00,0.0522947941271273,5814.91579685822,"moving",29,-14.69295,145.44156,"run_day_11652_liz21_del_07_29.json","07",11652
145.44157,-14.693378,3359,3.55,2021-11-26 07:44:00,0.054475566513151,6057.40662235061,"moving",29,-14.69295,145.44156,"run_day_11652_liz21_del_07_29.json","07",11652
145.441687,-14.693889,3359,3.55,2021-11-26 07:56:00,0.0581974816875512,6471.2647071453,"moving",29,-14.69295,145.44156,"run_day_11652_liz21_del_07_29.json","07",11652
145.441835,-14.694386,3359,3.55,2021-11-26 08:08:00,0.0575108538517763,6394.9151753142,"moving",29,-14.69295,145.44156,"run_day_11652_liz21_del_07_29.json","07",11652
145.441749,-14.693254,3360,3.55,2021-11-26 07:56:00,0.0477959937969236,5314.67202415271,"moving",29,-14.69295,145.44156,"run_day_11652_liz21_del_07_29.json","07",11652
145.441819,-14.693656,3360,3.55,2021-11-26 08:08:00,0.0453300065095916,5040.46674863141,"moving",29,-14.69295,145.44156,"run_day_11652_liz21_del_07_29.json","07",11652
145.441909,-14.694036,3360,3.55,2021-11-26 08:20:00,0.0433487460910467,4820.16064172754,"moving",29,-14.69295,145.44156,"run_day_11652_liz21_del_07_29.json","07",11652
145.442018,-14.694415,3360,3.55,2021-11-26 08:32:00,0.0437432324142443,4864.02551949778,"moving",29,-14.69295,145.44156,"run_day_11652_liz21_del_07_29.json","07",11652
145.441606,-14.693634,3361,3.55,2021-11-26 07:24:00,0.0570759946775084,6346.56104133077,"moving",29,-14.69295,145.44156,"run_day_11652_liz21_del_07_29.json","07",11652
145.441757,-14.694154,3361,3.55,2021-11-26 07:36:00,0.0600590516773198,6678.26184560134,"moving",29,-14.69295,145.44156,"run_day_11652_liz21_del_07_29.json","07",11652
145.441924,-14.694653,3361,3.55,2021-11-26 07:48:00,0.0583212331911662,6485.02524651193,"moving",29,-14.69295,145.44156,"run_day_11652_liz21_del_07_29.json","07",11652
145.441584,-14.693445,3362,3.55,2021-11-26 07:50:00,0.0550577272752339,6122.13994558576,"moving",29,-14.69295,145.44156,"run_day_11652_liz21_del_07_29.json","07",11652
145.441702,-14.693956,3362,3.55,2021-11-26 08:02:00,0.0582208334382086,6473.86130334668,"moving",29,-14.69295,145.44156,"run_day_11652_liz21_del_07_29.json","07",11652
145.44185,-14.694444,3362,3.55,2021-11-26 08:14:00,0.056549876591211,6288.05937931856,"moving",29,-14.69295,145.44156,"run_day_11652_liz21_del_07_29.json","07",11652
145.441613,-14.693543,3363,3.55,2021-11-26 07:25:00,0.0557397101984352,6197.97298670397,"moving",29,-14.69295,145.44156,"run_day_11652_liz21_del_07_29.json","07",11652
145.441753,-14.694056,3363,3.55,2021-11-26 07:37:00,0.0589970497142548,6560.17261522195,"moving",29,-14.69295,145.44156,"run_day_11652_liz21_del_07_29.json","07",11652
145.44191,-14.694549,3363,3.55,2021-11-26 07:49:00,0.0573610620710655,6378.25908924611,"moving",29,-14.69295,145.44156,"run_day_11652_liz21_del_07_29.json","07",11652
145.441522,-14.693277,3364,3.55,2021-11-26 07:31:00,0.0542637619699468,6033.85503170604,"moving",29,-14.69295,145.44156,"run_day_11652_liz21_del_07_29.json","07",11652
145.441642,-14.693785,3364,3.55,2021-11-26 07:43:00,0.0579428576610414,6442.9518071956,"moving",29,-14.69295,145.44156,"run_day_11652_liz21_del_07_29.json","07",11652
145.441794,-14.694302,3364,3.55,2021-11-26 07:55:00,0.0597672928101923,6645.81973977319,"moving",29,-14.69295,145.44156,"run_day_11652_liz21_del_07_29.json","07",11652
145.441624,-14.693183,3365,3.55,2021-11-26 07:55:00,0.0509187279777773,5661.90422232319,"moving",29,-14.69295,145.44156,"run_day_11652_liz21_del_07_29.json","07",11652
145.441712,-14.693663,3365,3.55,2021-11-26 08:07:00,0.0542063322270442,6027.46913565676,"moving",29,-14.69295,145.44156,"run_day_11652_liz21_del_07_29.json","07",11652
145.441824,-14.694122,3365,3.55,2021-11-26 08:19:00,0.0524408653711478,5831.15817812196,"moving",29,-14.69295,145.44156,"run_day_11652_liz21_del_07_29.json","07",11652
145.44196,-14.694554,3365,3.55,2021-11-26 08:31:00,0.0502140680855069,5583.54961729282,"moving",29,-14.69295,145.44156,"run_day_11652_liz21_del_07_29.json","07",11652
145.441474,-14.69356,3366,3.55,2021-11-26 07:54:00,0.058999153596752,6560.40655628189,"moving",29,-14.69295,145.44156,"run_day_11652_liz21_del_07_29.json","07",11652
145.441616,-14.694093,3366,3.55,2021-11-26 08:06:00,0.0612032516873735,6805.49108178596,"moving",29,-14.69295,145.44156,"run_day_11652_liz21_del_07_29.json","07",11652
145.441792,-14.694611,3366,3.55,2021-11-26 08:18:00,0.0606299816005123,6741.74635652991,"moving",29,-14.69295,145.44156,"run_day_11652_liz21_del_07_29.json","07",11652
145.44155,-14.693225,3367,3.55,2021-11-26 07:36:00,0.052957785023155,5888.63702090803,"moving",29,-14.69295,145.44156,"run_day_11652_liz21_del_07_29.json","07",11652
145.441659,-14.693725,3367,3.55,2021-11-26 07:48:00,0.0568201298452059,6318.11017007197,"moving",29,-14.69295,145.44156,"run_day_11652_liz21_del_07_29.json","07",11652
145.441798,-14.694231,3367,3.55,2021-11-26 08:00:00,0.0582170866784953,6473.44468267521,"moving",29,-14.69295,145.44156,"run_day_11652_liz21_del_07_29.json","07",11652
145.441958,-14.694701,3367,3.55,2021-11-26 08:12:00,0.0550221385372764,6118.1826584792,"moving",29,-14.69295,145.44156,"run_day_11652_liz21_del_07_29.json","07",11652
145.441707,-14.693406,3368,3.55,2021-11-26 07:17:00,0.0526440131224437,5853.74717742532,"moving",29,-14.69295,145.44156,"run_day_11652_liz21_del_07_29.json","07",11652
145.441814,-14.693866,3368,3.55,2021-11-26 07:29:00,0.0524284241387123,5829.77477619392,"moving",29,-14.69295,145.44156,"run_day_11652_liz21_del_07_29.json","07",11652
145.441945,-14.694312,3368,3.55,2021-11-26 07:41:00,0.0515557071953714,5732.73307969767,"moving",29,-14.69295,145.44156,"run_day_11652_liz21_del_07_29.json","07",11652
145.441495,-14.693451,3369,3.55,2021-11-26 08:04:00,0.0571250275582851,6352.0132489119,"moving",29,-14.69295,145.44156,"run_day_11652_liz21_del_07_29.json","07",11652
145.441618,-14.693964,3369,3.55,2021-11-26 08:16:00,0.0585570487015045,6511.24673488564,"moving",29,-14.69295,145.44156,"run_day_11652_liz21_del_07_29.json","07",11652
145.441777,-14.69447,3369,3.55,2021-11-26 08:28:00,0.0588062788313234,6538.95986088847,"moving",29,-14.69295,145.44156,"run_day_11652_liz21_del_07_29.json","07",11652
145.441638,-14.693234,3370,3.55,2021-11-26 07:24:00,0.0513757228002805,5712.71972808837,"moving",29,-14.69295,145.44156,"run_day_11652_liz21_del_07_29.json","07",11652
145.441737,-14.693717,3370,3.55,2021-11-26 07:36:00,0.0547525705600171,6088.20806702212,"moving",29,-14.69295,145.44156,"run_day_11652_liz21_del_07_29.json","07",11652
145.441868,-14.694183,3370,3.55,2021-11-26 07:48:00,0.0536983821231895,5970.98766111954,"moving",29,-14.69295,145.44156,"run_day_11652_liz21_del_07_29.json","07",11652
145.442013,-14.694637,3370,3.55,2021-11-26 08:00:00,0.0528366820344408,5875.17098296152,"moving",29,-14.69295,145.44156,"run_day_11652_liz21_del_07_29.json","07",11652
145.441541,-14.693634,3371,3.55,2021-11-26 07:52:00,0.0583404351142593,6487.1604029417,"moving",29,-14.69295,145.44156,"run_day_11652_liz21_del_07_29.json","07",11652
145.441684,-14.694162,3371,3.55,2021-11-26 08:04:00,0.0606921930201089,6748.66395076841,"moving",29,-14.69295,145.44156,"run_day_11652_liz21_del_07_29.json","07",11652
145.441857,-14.694666,3371,3.55,2021-11-26 08:16:00,0.0590506006431012,6566.12720682677,"moving",29,-14.69295,145.44156,"run_day_11652_liz21_del_07_29.json","07",11652
145.441584,-14.693391,3372,3.55,2021-11-26 07:28:00,0.0543305181534947,6041.27798063871,"moving",29,-14.69295,145.44156,"run_day_11652_liz21_del_07_29.json","07",11652
145.441707,-14.6939,3372,3.55,2021-11-26 07:40:00,0.0581238569408092,6463.07800883211,"moving",29,-14.69295,145.44156,"run_day_11652_liz21_del_07_29.json","07",11652
145.441859,-14.694399,3372,3.55,2021-11-26 07:52:00,0.0578447101984907,6432.03830729693,"moving",29,-14.69295,145.44156,"run_day_11652_liz21_del_07_29.json","07",11652
145.441574,-14.693332,3373,3.55,2021-11-26 08:05:00,0.0537940689130547,5981.62754669945,"moving",29,-14.69295,145.44156,"run_day_11652_liz21_del_07_29.json","07",11652
145.441676,-14.693824,3373,3.55,2021-11-26 08:17:00,0.0557971030402033,6204.35477953429,"moving",29,-14.69295,145.44156,"run_day_11652_liz21_del_07_29.json","07",11652
145.441809,-14.694306,3373,3.55,2021-11-26 08:29:00,0.0554722112510311,6168.22846086986,"moving",29,-14.69295,145.44156,"run_day_11652_liz21_del_07_29.json","07",11652
145.441531,-14.69326,3374,3.55,2021-11-26 07:41:00,0.0540301162113798,6007.87480872136,"moving",29,-14.69295,145.44156,"run_day_11652_liz21_del_07_29.json","07",11652
145.441644,-14.693766,3374,3.55,2021-11-26 07:53:00,0.0575624114132859,6400.64811458424,"moving",29,-14.69295,145.44156,"run_day_11652_liz21_del_07_29.json","07",11652
145.441787,-14.694277,3374,3.55,2021-11-26 08:05:00,0.0588655348092147,6545.54882500335,"moving",29,-14.69295,145.44156,"run_day_11652_liz21_del_07_29.json","07",11652
145.441755,-14.693348,3375,3.55,2021-11-26 07:38:00,0.0485442704784997,5397.8765948704,"moving",29,-14.69295,145.44156,"run_day_11652_liz21_del_07_29.json","07",11652
145.441837,-14.693761,3375,3.55,2021-11-26 07:50:00,0.0467627738395162,5199.7832067811,"moving",29,-14.69295,145.44156,"run_day_11652_liz21_del_07_29.json","07",11652
145.441945,-14.69416,3375,3.55,2021-11-26 08:02:00,0.0458622827776976,5099.6531692181,"moving",29,-14.69295,145.44156,"run_day_11652_liz21_del_07_29.json","07",11652
145.442066,-14.694563,3375,3.55,2021-11-26 08:14:00,0.0466631901534118,5188.71000610972,"moving",29,-14.69295,145.44156,"run_day_11652_liz21_del_07_29.json","07",11652
145.441729,-14.693251,3376,3.55,2021-11-26 07:22:00,0.0494249958397066,5495.8087868038,"moving",29,-14.69295,145.44156,"run_day_11652_liz21_del_07_29.json","07",11652
145.441811,-14.693675,3376,3.55,2021-11-26 07:34:00,0.0479645212657305,5333.41142368428,"moving",29,-14.69295,145.44156,"run_day_11652_liz21_del_07_29.json","07",11652
145.441924,-14.694087,3376,3.55,2021-11-26 07:46:00,0.0473971467907133,5270.32226055475,"moving",29,-14.69295,145.44156,"run_day_11652_liz21_del_07_29.json","07",11652
145.442047,-14.694507,3376,3.55,2021-11-26 07:58:00,0.0485395513503821,5397.35185176553,"moving",29,-14.69295,145.44156,"run_day_11652_liz21_del_07_29.json","07",11652
145.44151,-14.693512,3377,3.55,2021-11-26 07:45:00,0.0575495368540626,6399.21652891582,"moving",29,-14.69295,145.44156,"run_day_11652_liz21_del_07_29.json","07",11652
145.441649,-14.694041,3377,3.55,2021-11-26 07:57:00,0.0606923556463415,6748.68203398042,"moving",29,-14.69295,145.44156,"run_day_11652_liz21_del_07_29.json","07",11652
145.441819,-14.694558,3377,3.55,2021-11-26 08:09:00,0.0603256253673645,6707.90348751122,"moving",29,-14.69295,145.44156,"run_day_11652_liz21_del_07_29.json","07",11652
145.44165,-14.693252,3378,3.55,2021-11-26 07:21:00,0.0515493356868104,5732.02460027061,"moving",29,-14.69295,145.44156,"run_day_11652_liz21_del_07_29.json","07",11652
145.44175,-14.693732,3378,3.55,2021-11-26 07:33:00,0.0544465395179009,6054.17896774306,"moving",29,-14.69295,145.44156,"run_day_11652_liz21_del_07_29.json","07",11652
145.441881,-14.694193,3378,3.55,2021-11-26 07:45:00,0.0531620883247158,5911.35451153832,"moving",29,-14.69295,145.44156,"run_day_11652_liz21_del_07_29.json","07",11652
145.442025,-14.694644,3378,3.55,2021-11-26 07:57:00,0.0524862122963047,5836.20052613834,"moving",29,-14.69295,145.44156,"run_day_11652_liz21_del_07_29.json","07",11652
145.441754,-14.693386,3379,3.55,2021-11-26 07:27:00,0.0492575830014258,5477.19332853181,"moving",29,-14.69295,145.44156,"run_day_11652_liz21_del_07_29.json","07",11652
145.441845,-14.693804,3379,3.55,2021-11-26 07:39:00,0.0474988773192902,5281.63417921736,"moving",29,-14.69295,145.44156,"run_day_11652_liz21_del_07_29.json","07",11652
145.441961,-14.694214,3379,3.55,2021-11-26 07:51:00,0.0472663745947053,5255.78105581249,"moving",29,-14.69295,145.44156,"run_day_11652_liz21_del_07_29.json","07",11652
145.44209,-14.694632,3379,3.55,2021-11-26 08:03:00,0.0485062590902687,5393.64992134439,"moving",29,-14.69295,145.44156,"run_day_11652_liz21_del_07_29.json","07",11652
145.441692,-14.693332,3380,3.55,2021-11-26 07:56:00,0.0512135858170495,5694.69091813163,"moving",29,-14.69295,145.44156,"run_day_11652_liz21_del_07_29.json","07",11652
145.441778,-14.693794,3380,3.55,2021-11-26 08:08:00,0.0521981907822551,5804.17399501154,"moving",29,-14.69295,145.44156,"run_day_11652_liz21_del_07_29.json","07",11652
145.441891,-14.694219,3380,3.55,2021-11-26 08:20:00,0.048795752171093,5425.84008323076,"moving",29,-14.69295,145.44156,"run_day_11652_liz21_del_07_29.json","07",11652
145.442024,-14.694634,3380,3.55,2021-11-26 08:32:00,0.04831234598279,5372.08776758287,"moving",29,-14.69295,145.44156,"run_day_11652_liz21_del_07_29.json","07",11652
145.441584,-14.693503,3381,3.55,2021-11-26 07:37:00,0.0556312449511044,6185.91220148353,"moving",29,-14.69295,145.44156,"run_day_11652_liz21_del_07_29.json","07",11652
145.441717,-14.694021,3381,3.55,2021-11-26 07:49:00,0.0593488164184153,6599.28728808708,"moving",29,-14.69295,145.44156,"run_day_11652_liz21_del_07_29.json","07",11652
145.441875,-14.694519,3381,3.55,2021-11-26 08:01:00,0.057924095548455,6440.86555546287,"moving",29,-14.69295,145.44156,"run_day_11652_liz21_del_07_29.json","07",11652
145.441525,-14.69348,3382,3.55,2021-11-26 07:13:00,0.0579760513080615,6446.64277234108,"moving",29,-14.69295,145.44156,"run_day_11652_liz21_del_07_29.json","07",11652
145.441674,-14.694005,3382,3.55,2021-11-26 07:25:00,0.0605371976886824,6731.42925626018,"moving",29,-14.69295,145.44156,"run_day_11652_liz21_del_07_29.json","07",11652
145.441843,-14.694526,3382,3.55,2021-11-26 07:37:00,0.0607173451200724,6751.46073667881,"moving",29,-14.69295,145.44156,"run_day_11652_liz21_del_07_29.json","07",11652
145.441612,-14.693615,3383,3.55,2021-11-26 07:33:00,0.0563057284233159,6260.91134169905,"moving",29,-14.69295,145.44156,"run_day_11652_liz21_del_07_29.json","07",11652
145.441756,-14.694133,3383,3.55,2021-11-26 07:45:00,0.0596450491335065,6632.22686311136,"moving",29,-14.69295,145.44156,"run_day_11652_liz21_del_07_29.json","07",11652
145.44192,-14.694626,3383,3.55,2021-11-26 07:57:00,0.0575872049929134,6403.40503485217,"moving",29,-14.69295,145.44156,"run_day_11652_liz21_del_07_29.json","07",11652
145.441486,-14.69344,3384,3.55,2021-11-26 07:23:00,0.0575699315447536,6401.48431505115,"moving",29,-14.69295,145.44156,"run_day_11652_liz21_del_07_29.json","07",11652
145.441632,-14.693965,3384,3.55,2021-11-26 07:35:00,0.0604525765199242,6722.01981160754,"moving",29,-14.69295,145.44156,"run_day_11652_liz21_del_07_29.json","07",11652
145.441804,-14.694496,3384,3.55,2021-11-26 07:47:00,0.0618749019485042,6880.17518330319,"moving",29,-14.69295,145.44156,"run_day_11652_liz21_del_07_29.json","07",11652
145.441616,-14.693409,3385,3.55,2021-11-26 07:33:00,0.0537080861173787,5972.06669604157,"moving",29,-14.69295,145.44156,"run_day_11652_liz21_del_07_29.json","07",11652
145.441735,-14.693914,3385,3.55,2021-11-26 07:45:00,0.0575937016238427,6404.12742725179,"moving",29,-14.69295,145.44156,"run_day_11652_liz21_del_07_29.json","07",11652
145.441881,-14.694398,3385,3.55,2021-11-26 07:57:00,0.0560625879979987,6233.87535994158,"moving",29,-14.69295,145.44156,"run_day_11652_liz21_del_07_29.json","07",11652
145.44176,-14.693336,3386,3.55,2021-11-26 08:01:00,0.0479056810587185,5326.86869118183,"moving",29,-14.69295,145.44156,"run_day_11652_liz21_del_07_29.json","07",11652
145.441832,-14.693734,3386,3.55,2021-11-26 08:13:00,0.0449280446499437,4995.77062913395,"moving",29,-14.69295,145.44156,"run_day_11652_liz21_del_07_29.json","07",11652
145.441926,-14.694112,3386,3.55,2021-11-26 08:25:00,0.0432305915579814,4807.02245709062,"moving",29,-14.69295,145.44156,"run_day_11652_liz21_del_07_29.json","07",11652
145.44204,-14.694494,3386,3.55,2021-11-26 08:37:00,0.0442108261857096,4916.01957461531,"moving",29,-14.69295,145.44156,"run_day_11652_liz21_del_07_29.json","07",11652
145.441473,-14.693548,3387,3.55,2021-11-26 07:31:00,0.0586745843922088,6524.31610739163,"moving",29,-14.69295,145.44156,"run_day_11652_liz21_del_07_29.json","07",11652
145.441628,-14.694085,3387,3.55,2021-11-26 07:43:00,0.0619953578269947,6893.56926587584,"moving",29,-14.69295,145.44156,"run_day_11652_liz21_del_07_29.json","07",11652
145.441811,-14.69462,3387,3.55,2021-11-26 07:55:00,0.06266099615196,6967.58487059217,"moving",29,-14.69295,145.44156,"run_day_11652_liz21_del_07_29.json","07",11652
145.441681,-14.693597,3388,3.55,2021-11-26 07:53:00,0.0547598070450545,6089.01272744503,"moving",29,-14.69295,145.44156,"run_day_11652_liz21_del_07_29.json","07",11652
145.441799,-14.694083,3388,3.55,2021-11-26 08:05:00,0.0555111229503452,6172.55524442071,"moving",29,-14.69295,145.44156,"run_day_11652_liz21_del_07_29.json","07",11652
145.44194,-14.694533,3388,3.55,2021-11-26 08:17:00,0.0522854779810082,5813.8798886739,"moving",29,-14.69295,145.44156,"run_day_11652_liz21_del_07_29.json","07",11652
145.441705,-14.693141,3389,3.55,2021-11-26 08:02:00,0.0483066868354888,5371.45849911385,"moving",29,-14.69295,145.44156,"run_day_11652_liz21_del_07_29.json","07",11652
145.441775,-14.69357,3389,3.55,2021-11-26 08:14:00,0.0482931424074584,5369.95242743256,"moving",29,-14.69295,145.44156,"run_day_11652_liz21_del_07_29.json","07",11652
145.441863,-14.69397,3389,3.55,2021-11-26 08:26:00,0.0454739334614592,5056.4706954865,"moving",29,-14.69295,145.44156,"run_day_11652_liz21_del_07_29.json","07",11652
145.441974,-14.694359,3389,3.55,2021-11-26 08:38:00,0.0448722478184189,4989.56630454555,"moving",29,-14.69295,145.44156,"run_day_11652_liz21_del_07_29.json","07",11652
145.441686,-14.693427,3390,3.55,2021-11-26 07:57:00,0.0524554675544761,5832.781866826,"moving",29,-14.69295,145.44156,"run_day_11652_liz21_del_07_29.json","07",11652
145.441782,-14.693899,3390,3.55,2021-11-26 08:09:00,0.0534900826506083,5947.82581654577,"moving",29,-14.69295,145.44156,"run_day_11652_liz21_del_07_29.json","07",11652
145.441905,-14.694333,3390,3.55,2021-11-26 08:21:00,0.0500391451376473,5564.09907293711,"moving",29,-14.69295,145.44156,"run_day_11652_liz21_del_07_29.json","07",11652
145.441671,-14.693549,3391,3.55,2021-11-26 07:21:00,0.0548378681530679,6097.69272662437,"moving",29,-14.69295,145.44156,"run_day_11652_liz21_del_07_29.json","07",11652
145.441804,-14.694041,3391,3.55,2021-11-26 07:33:00,0.0565472821877419,6287.77089481513,"moving",29,-14.69295,145.44156,"run_day_11652_liz21_del_07_29.json","07",11652
145.441949,-14.694515,3391,3.55,2021-11-26 07:45:00,0.0549654153780959,6111.87533095508,"moving",29,-14.69295,145.44156,"run_day_11652_liz21_del_07_29.json","07",11652
145.441599,-14.693469,3392,3.55,2021-11-26 07:34:00,0.0549096183540765,6105.67098496225,"moving",29,-14.69295,145.44156,"run_day_11652_liz21_del_07_29.json","07",11652
145.441727,-14.693982,3392,3.55,2021-11-26 07:46:00,0.058680889288918,6525.01717991871,"moving",29,-14.69295,145.44156,"run_day_11652_liz21_del_07_29.json","07",11652
145.44188,-14.694475,3392,3.55,2021-11-26 07:58:00,0.0572358837547276,6364.33989554342,"moving",29,-14.69295,145.44156,"run_day_11652_liz21_del_07_29.json","07",11652
145.441599,-14.693635,3393,3.55,2021-11-26 08:02:00,0.0567113332666975,6306.01254250555,"moving",29,-14.69295,145.44156,"run_day_11652_liz21_del_07_29.json","07",11652
145.441729,-14.694144,3393,3.55,2021-11-26 08:14:00,0.0582998342091783,6482.64578827951,"moving",29,-14.69295,145.44156,"run_day_11652_liz21_del_07_29.json","07",11652
145.441887,-14.694621,3393,3.55,2021-11-26 08:26:00,0.0556959717160872,6193.10948936773,"moving",29,-14.69295,145.44156,"run_day_11652_liz21_del_07_29.json","07",11652
145.441712,-14.69345,3394,3.55,2021-11-26 07:54:00,0.0521419790718451,5797.92353799594,"moving",29,-14.69295,145.44156,"run_day_11652_liz21_del_07_29.json","07",11652
145.441808,-14.693906,3394,3.55,2021-11-26 08:06:00,0.0517455662554364,5753.8444439544,"moving",29,-14.69295,145.44156,"run_day_11652_liz21_del_07_29.json","07",11652
145.441927,-14.694329,3394,3.55,2021-11-26 08:18:00,0.0487458625827677,5420.29261411659,"moving",29,-14.69295,145.44156,"run_day_11652_liz21_del_07_29.json","07",11652
145.441551,-14.69342,3395,3.55,2021-11-26 08:03:00,0.0554756811636976,6168.61429755428,"moving",29,-14.69295,145.44156,"run_day_11652_liz21_del_07_29.json","07",11652
145.441664,-14.693923,3395,3.55,2021-11-26 08:15:00,0.0572363889658511,6364.39607245725,"moving",29,-14.69295,145.44156,"run_day_11652_liz21_del_07_29.json","07",11652
145.441811,-14.694415,3395,3.55,2021-11-26 08:27:00,0.0569468518370429,6332.20101265854,"moving",29,-14.69295,145.44156,"run_day_11652_liz21_del_07_29.json","07",11652
145.441612,-14.693499,3396,3.55,2021-11-26 07:20:00,0.0555842270811973,6180.68405288822,"moving",29,-14.69295,145.44156,"run_day_11652_liz21_del_07_29.json","07",11652
145.441749,-14.694009,3396,3.55,2021-11-26 07:32:00,0.0585925953209048,6515.19933862233,"moving",29,-14.69295,145.44156,"run_day_11652_liz21_del_07_29.json","07",11652
145.441903,-14.694502,3396,3.55,2021-11-26 07:44:00,0.0572669007945166,6367.7888330075,"moving",29,-14.69295,145.44156,"run_day_11652_liz21_del_07_29.json","07",11652
145.441529,-14.693232,3397,3.55,2021-11-26 07:25:00,0.0536726318790361,5968.12436460982,"moving",29,-14.69295,145.44156,"run_day_11652_liz21_del_07_29.json","07",11652
145.441646,-14.693734,3397,3.55,2021-11-26 07:37:00,0.0572208149455602,6362.66432041343,"moving",29,-14.69295,145.44156,"run_day_11652_liz21_del_07_29.json","07",11652
145.441794,-14.694248,3397,3.55,2021-11-26 07:49:00,0.0593296222470793,6597.15299361336,"moving",29,-14.69295,145.44156,"run_day_11652_liz21_del_07_29.json","07",11652
145.441561,-14.693521,3398,3.55,2021-11-26 07:27:00,0.056475905512391,6279.83417063535,"moving",29,-14.69295,145.44156,"run_day_11652_liz21_del_07_29.json","07",11652
145.441705,-14.694043,3398,3.55,2021-11-26 07:39:00,0.0600746837266809,6680.00005018335,"moving",29,-14.69295,145.44156,"run_day_11652_liz21_del_07_29.json","07",11652
145.44187,-14.694553,3398,3.55,2021-11-26 07:51:00,0.0594215146657421,6607.37096436576,"moving",29,-14.69295,145.44156,"run_day_11652_liz21_del_07_29.json","07",11652
145.44172,-14.693413,3399,3.55,2021-11-26 08:06:00,0.0509733222037843,5667.97482327925,"moving",29,-14.69295,145.44156,"run_day_11652_liz21_del_07_29.json","07",11652
145.441805,-14.693849,3399,3.55,2021-11-26 08:18:00,0.0493354928148345,5485.85650451868,"moving",29,-14.69295,145.44156,"run_day_11652_liz21_del_07_29.json","07",11652
145.441915,-14.694258,3399,3.55,2021-11-26 08:30:00,0.0469925152228781,5225.32928305124,"moving",29,-14.69295,145.44156,"run_day_11652_liz21_del_07_29.json","07",11652
145.442047,-14.694663,3399,3.55,2021-11-26 08:42:00,0.0472189542797914,5250.50815737418,"moving",29,-14.69295,145.44156,"run_day_11652_liz21_del_07_29.json","07",11652
145.441556,-14.693653,3400,3.55,2021-11-26 08:06:00,0.0577399705422666,6420.39178890631,"moving",29,-14.69295,145.44156,"run_day_11652_liz21_del_07_29.json","07",11652
145.441691,-14.694167,3400,3.55,2021-11-26 08:18:00,0.0589698458587983,6557.14768451002,"moving",29,-14.69295,145.44156,"run_day_11652_liz21_del_07_29.json","07",11652
145.441858,-14.694657,3400,3.55,2021-11-26 08:30:00,0.0573699527389041,6379.24768640424,"moving",29,-14.69295,145.44156,"run_day_11652_liz21_del_07_29.json","07",11652
145.441697,-14.693259,3401,3.55,2021-11-26 07:54:00,0.0500617795737001,5566.61590739365,"moving",29,-14.69295,145.44156,"run_day_11652_liz21_del_07_29.json","07",11652
145.441777,-14.693713,3401,3.55,2021-11-26 08:06:00,0.0512105746400038,5694.35609052093,"moving",29,-14.69295,145.44156,"run_day_11652_liz21_del_07_29.json","07",11652
145.441882,-14.694131,3401,3.55,2021-11-26 08:18:00,0.0478318700228931,5318.66127846767,"moving",29,-14.69295,145.44156,"run_day_11652_liz21_del_07_29.json","07",11652
145.442008,-14.694539,3401,3.55,2021-11-26 08:30:00,0.0473484744062983,5264.9101383401,"moving",29,-14.69295,145.44156,"run_day_11652_liz21_del_07_29.json","07",11652
145.441707,-14.693208,3402,3.55,2021-11-26 07:37:00,0.0491867348267498,5469.3153709458,"moving",29,-14.69295,145.44156,"run_day_11652_liz21_del_07_29.json","07",11652
145.441787,-14.69365,3402,3.55,2021-11-26 07:49:00,0.0498957103772316,5548.14985527442,"moving",29,-14.69295,145.44156,"run_day_11652_liz21_del_07_29.json","07",11652
145.441892,-14.694068,3402,3.55,2021-11-26 08:01:00,0.0478318707917598,5318.66136396174,"moving",29,-14.69295,145.44156,"run_day_11652_liz21_del_07_29.json","07",11652
145.442014,-14.694479,3402,3.55,2021-11-26 08:13:00,0.0475476713823174,5287.05983147637,"moving",29,-14.69295,145.44156,"run_day_11652_liz21_del_07_29.json","07",11652
145.441672,-14.693365,3403,3.55,2021-11-26 08:02:00,0.05190871628738,5771.98589978843,"moving",29,-14.69295,145.44156,"run_day_11652_liz21_del_07_29.json","07",11652
145.441763,-14.693837,3403,3.55,2021-11-26 08:14:00,0.053388876764645,5936.57223548008,"moving",29,-14.69295,145.44156,"run_day_11652_liz21_del_07_29.json","07",11652
145.441881,-14.694273,3403,3.55,2021-11-26 08:26:00,0.0501147651320036,5572.50763266243,"moving",29,-14.69295,145.44156,"run_day_11652_liz21_del_07_29.json","07",11652
145.441505,-14.693578,3404,3.55,2021-11-26 07:53:00,0.0584395012108531,6498.17605028541,"moving",29,-14.69295,145.44156,"run_day_11652_liz21_del_07_29.json","07",11652
145.441646,-14.694107,3404,3.55,2021-11-26 08:05:00,0.0607457028917377,6754.61397701894,"moving",29,-14.69295,145.44156,"run_day_11652_liz21_del_07_29.json","07",11652
145.441819,-14.69462,3404,3.55,2021-11-26 08:17:00,0.0600012011678273,6671.82916244197,"moving",29,-14.69295,145.44156,"run_day_11652_liz21_del_07_29.json","07",11652
145.441631,-14.693583,3405,3.55,2021-11-26 07:52:00,0.0556219365573926,6184.87715532757,"moving",29,-14.69295,145.44156,"run_day_11652_liz21_del_07_29.json","07",11652
145.441757,-14.694091,3405,3.55,2021-11-26 08:04:00,0.0580900147927583,6459.31493366209,"moving",29,-14.69295,145.44156,"run_day_11652_liz21_del_07_29.json","07",11652
145.441907,-14.694561,3405,3.55,2021-11-26 08:16:00,0.0546952742558614,6081.83700868453,"moving",29,-14.69295,145.44156,"run_day_11652_liz21_del_07_29.json","07",11652
145.441576,-14.693276,3406,3.55,2021-11-26 07:53:00,0.0532506133868935,5921.19804933338,"moving",29,-14.69295,145.44156,"run_day_11652_liz21_del_07_29.json","07",11652
145.441678,-14.693773,3406,3.55,2021-11-26 08:05:00,0.0563423312266515,6264.98138773095,"moving",29,-14.69295,145.44156,"run_day_11652_liz21_del_07_29.json","07",11652
145.441809,-14.694259,3406,3.55,2021-11-26 08:17:00,0.0558474047533548,6209.94807483826,"moving",29,-14.69295,145.44156,"run_day_11652_liz21_del_07_29.json","07",11652
145.441964,-14.694711,3406,3.55,2021-11-26 08:29:00,0.0529529680686289,5888.10140000285,"moving",29,-14.69295,145.44156,"run_day_11652_liz21_del_07_29.json","07",11652
145.44167,-14.693507,3407,3.55,2021-11-26 07:11:00,0.0553610779593674,6155.87100265555,"moving",29,-14.69295,145.44156,"run_day_11652_liz21_del_07_29.json","07",11652
145.441802,-14.694001,3407,3.55,2021-11-26 07:23:00,0.0567354553274884,6308.69479328571,"moving",29,-14.69295,145.44156,"run_day_11652_liz21_del_07_29.json","07",11652
145.441945,-14.694474,3407,3.55,2021-11-26 07:35:00,0.0547980326025697,6093.26321550888,"moving",29,-14.69295,145.44156,"run_day_11652_liz21_del_07_29.json","07",11652
145.441666,-14.69353,3408,3.55,2021-11-26 07:20:00,0.0547289707878368,6085.58389208571,"moving",29,-14.69295,145.44156,"run_day_11652_liz21_del_07_29.json","07",11652
145.441798,-14.694024,3408,3.55,2021-11-26 07:32:00,0.0567354549534923,6308.69475169924,"moving",29,-14.69295,145.44156,"run_day_11652_liz21_del_07_29.json","07",11652
145.441943,-14.694498,3408,3.55,2021-11-26 07:44:00,0.0549654157222207,6111.87536922,"moving",29,-14.69295,145.44156,"run_day_11652_liz21_del_07_29.json","07",11652
145.441531,-14.693578,3409,3.55,2021-11-26 08:05:00,0.0575937059982164,6404.12791365996,"moving",29,-14.69295,145.44156,"run_day_11652_liz21_del_07_29.json","07",11652
145.441661,-14.694092,3409,3.55,2021-11-26 08:17:00,0.0588397333504722,6542.67983369116,"moving",29,-14.69295,145.44156,"run_day_11652_liz21_del_07_29.json","07",11652
145.441826,-14.69459,3409,3.55,2021-11-26 08:29:00,0.0581494416717572,6465.92290111309,"moving",29,-14.69295,145.44156,"run_day_11652_liz21_del_07_29.json","07",11652
145.441639,-14.693525,3410,3.55,2021-11-26 08:03:00,0.0544723600824063,6057.05008351916,"moving",29,-14.69295,145.44156,"run_day_11652_liz21_del_07_29.json","07",11652
145.441751,-14.694018,3410,3.55,2021-11-26 08:15:00,0.0561271107674093,6241.04996455309,"moving",29,-14.69295,145.44156,"run_day_11652_liz21_del_07_29.json","07",11652
145.441891,-14.694476,3410,3.55,2021-11-26 08:27:00,0.0531068251651845,5905.2095285681,"moving",29,-14.69295,145.44156,"run_day_11652_liz21_del_07_29.json","07",11652
145.441628,-14.693424,3411,3.55,2021-11-26 07:15:00,0.0548176814800144,6095.44807099499,"moving",29,-14.69295,145.44156,"run_day_11652_liz21_del_07_29.json","07",11652
145.441755,-14.693926,3411,3.55,2021-11-26 07:27:00,0.0574669406679659,6390.03225206167,"moving",29,-14.69295,145.44156,"run_day_11652_liz21_del_07_29.json","07",11652
145.441901,-14.694409,3411,3.55,2021-11-26 07:39:00,0.0559558527560626,6222.0069425441,"moving",29,-14.69295,145.44156,"run_day_11652_liz21_del_07_29.json","07",11652
145.441525,-14.693423,3412,3.55,2021-11-26 07:54:00,0.0562691600938931,6256.84512899138,"moving",29,-14.69295,145.44156,"run_day_11652_liz21_del_07_29.json","07",11652
145.441647,-14.693939,3412,3.55,2021-11-26 08:06:00,0.0588579838945512,6544.70920160124,"moving",29,-14.69295,145.44156,"run_day_11652_liz21_del_07_29.json","07",11652
145.441801,-14.694443,3412,3.55,2021-11-26 08:18:00,0.0584388355045286,6498.10202711949,"moving",29,-14.69295,145.44156,"run_day_11652_liz21_del_07_29.json","07",11652
145.441745,-14.693504,3413,3.55,2021-11-26 07:35:00,0.0512657806241544,5700.49471587889,"moving",29,-14.69295,145.44156,"run_day_11652_liz21_del_07_29.json","07",11652
145.44185,-14.693943,3413,3.55,2021-11-26 07:47:00,0.0501039772823442,5571.3080785109,"moving",29,-14.69295,145.44156,"run_day_11652_liz21_del_07_29.json","07",11652
145.441974,-14.69437,3413,3.55,2021-11-26 07:59:00,0.0493178847562587,5483.89857773699,"moving",29,-14.69295,145.44156,"run_day_11652_liz21_del_07_29.json","07",11652
145.441689,-14.693403,3414,3.55,2021-11-26 08:07:00,0.0516130216226013,5739.10615322918,"moving",29,-14.69295,145.44156,"run_day_11652_liz21_del_07_29.json","07",11652
145.441779,-14.693863,3414,3.55,2021-11-26 08:19:00,0.0520576192058764,5788.5431488878,"moving",29,-14.69295,145.44156,"run_day_11652_liz21_del_07_29.json","07",11652
145.441895,-14.694289,3414,3.55,2021-11-26 08:31:00,0.04898464152461,5446.84362103902,"moving",29,-14.69295,145.44156,"run_day_11652_liz21_del_07_29.json","07",11652
145.441662,-14.693444,3415,3.55,2021-11-26 07:26:00,0.0533569583454126,5933.02306919493,"moving",29,-14.69295,145.44156,"run_day_11652_liz21_del_07_29.json","07",11652
145.44178,-14.693935,3415,3.55,2021-11-26 07:38:00,0.056052516944114,6232.75550984365,"moving",29,-14.69295,145.44156,"run_day_11652_liz21_del_07_29.json","07",11652
145.44192,-14.694402,3415,3.55,2021-11-26 07:50:00,0.0540672538340407,6012.00432394889,"moving",29,-14.69295,145.44156,"run_day_11652_liz21_del_07_29.json","07",11652
145.441714,-14.69357,3416,3.55,2021-11-26 07:22:00,0.0541244509805503,6018.3643564593,"moving",29,-14.69295,145.44156,"run_day_11652_liz21_del_07_29.json","07",11652
145.441841,-14.694038,3416,3.55,2021-11-26 07:34:00,0.0538021751351462,5982.52891747028,"moving",29,-14.69295,145.44156,"run_day_11652_liz21_del_07_29.json","07",11652
145.441978,-14.694497,3416,3.55,2021-11-26 07:46:00,0.0531230579441635,5907.0145312359,"moving",29,-14.69295,145.44156,"run_day_11652_liz21_del_07_29.json","07",11652
145.441724,-14.693257,3417,3.55,2021-11-26 07:52:00,0.0494390569391531,5497.37230972529,"moving",29,-14.69295,145.44156,"run_day_11652_liz21_del_07_29.json","07",11652
145.4418,-14.693686,3417,3.55,2021-11-26 08:04:00,0.04839795280576,5381.6068119833,"moving",29,-14.69295,145.44156,"run_day_11652_liz21_del_07_29.json","07",11652
145.441898,-14.694087,3417,3.55,2021-11-26 08:16:00,0.0458181217300037,5094.74268475923,"moving",29,-14.69295,145.44156,"run_day_11652_liz21_del_07_29.json","07",11652
145.442017,-14.694484,3417,3.55,2021-11-26 08:28:00,0.0459625036449531,5110.79722120083,"moving",29,-14.69295,145.44156,"run_day_11652_liz21_del_07_29.json","07",11652
145.441764,-14.693242,3418,3.55,2021-11-26 08:09:00,0.0458608250445856,5099.49107669164,"moving",29,-14.69295,145.44156,"run_day_11652_liz21_del_07_29.json","07",11652
145.441827,-14.693622,3418,3.55,2021-11-26 08:21:00,0.0427939633781847,4758.47161866718,"moving",29,-14.69295,145.44156,"run_day_11652_liz21_del_07_29.json","07",11652
145.441909,-14.693985,3418,3.55,2021-11-26 08:33:00,0.0413161172609232,4594.14262806635,"moving",29,-14.69295,145.44156,"run_day_11652_liz21_del_07_29.json","07",11652
145.442011,-14.694349,3418,3.55,2021-11-26 08:45:00,0.0419354641463124,4663.01085955473,"moving",29,-14.69295,145.44156,"run_day_11652_liz21_del_07_29.json","07",11652
145.441637,-14.693288,3419,3.55,2021-11-26 07:18:00,0.0527479799318523,5865.30775917097,"moving",29,-14.69295,145.44156,"run_day_11652_liz21_del_07_29.json","07",11652
145.441743,-14.693776,3419,3.55,2021-11-26 07:30:00,0.0554479387815606,6165.52948540762,"moving",29,-14.69295,145.44156,"run_day_11652_liz21_del_07_29.json","07",11652
145.441881,-14.694247,3419,3.55,2021-11-26 07:42:00,0.0544355299831011,6052.9547633286,"moving",29,-14.69295,145.44156,"run_day_11652_liz21_del_07_29.json","07",11652
145.441504,-14.693416,3420,3.55,2021-11-26 07:57:00,0.0566922341038027,6303.8888124885,"moving",29,-14.69295,145.44156,"run_day_11652_liz21_del_07_29.json","07",11652
145.441627,-14.693932,3420,3.55,2021-11-26 08:09:00,0.0588820570001596,6547.38600881347,"moving",29,-14.69295,145.44156,"run_day_11652_liz21_del_07_29.json","07",11652
145.441782,-14.69444,3420,3.55,2021-11-26 08:21:00,0.0588958656062903,6548.92145575924,"moving",29,-14.69295,145.44156,"run_day_11652_liz21_del_07_29.json","07",11652
145.441659,-14.693494,3421,3.55,2021-11-26 07:21:00,0.0545112038672579,6061.36931532633,"moving",29,-14.69295,145.44156,"run_day_11652_liz21_del_07_29.json","07",11652
145.441788,-14.693988,3421,3.55,2021-11-26 07:33:00,0.0566555694183906,6299.81188548365,"moving",29,-14.69295,145.44156,"run_day_11652_liz21_del_07_29.json","07",11652
145.441932,-14.694463,3421,3.55,2021-11-26 07:45:00,0.0550416875515202,6120.35640968401,"moving",29,-14.69295,145.44156,"run_day_11652_liz21_del_07_29.json","07",11652
145.441681,-14.693661,3422,3.55,2021-11-26 07:46:00,0.0554488975833704,6165.63609930453,"moving",29,-14.69295,145.44156,"run_day_11652_liz21_del_07_29.json","07",11652
145.441811,-14.694155,3422,3.55,2021-11-26 07:58:00,0.0566820038990972,6302.7512656267,"moving",29,-14.69295,145.44156,"run_day_11652_liz21_del_07_29.json","07",11652
145.441961,-14.694615,3422,3.55,2021-11-26 08:10:00,0.0536338026474959,5963.80675105705,"moving",29,-14.69295,145.44156,"run_day_11652_liz21_del_07_29.json","07",11652
145.441507,-14.693304,3423,3.55,2021-11-26 08:02:00,0.0552456778607461,6143.03909715459,"moving",29,-14.69295,145.44156,"run_day_11652_liz21_del_07_29.json","07",11652
145.441618,-14.693806,3423,3.55,2021-11-26 08:14:00,0.0570823564303975,6347.2684359766,"moving",29,-14.69295,145.44156,"run_day_11652_liz21_del_07_29.json","07",11652
145.441758,-14.694309,3423,3.55,2021-11-26 08:26:00,0.0579226202136481,6440.70150571724,"moving",29,-14.69295,145.44156,"run_day_11652_liz21_del_07_29.json","07",11652
145.441679,-14.693287,3424,3.55,2021-11-26 07:24:00,0.0511368020668749,5686.15295466347,"moving",29,-14.69295,145.44156,"run_day_11652_liz21_del_07_29.json","07",11652
145.441775,-14.693756,3424,3.55,2021-11-26 07:36:00,0.0531628124554038,5911.43503119706,"moving",29,-14.69295,145.44156,"run_day_11652_liz21_del_07_29.json","07",11652
145.441902,-14.694203,3424,3.55,2021-11-26 07:48:00,0.0515470028214704,5731.76519748026,"moving",29,-14.69295,145.44156,"run_day_11652_liz21_del_07_29.json","07",11652
145.442043,-14.694645,3424,3.55,2021-11-26 08:00:00,0.0514348056785068,5719.2894443987,"moving",29,-14.69295,145.44156,"run_day_11652_liz21_del_07_29.json","07",11652
145.441561,-14.693358,3425,3.55,2021-11-26 07:44:00,0.0544992406344784,6060.03906453498,"moving",29,-14.69295,145.44156,"run_day_11652_liz21_del_07_29.json","07",11652
145.441677,-14.693868,3425,3.55,2021-11-26 07:56:00,0.0580657162967397,6456.61306417972,"moving",29,-14.69295,145.44156,"run_day_11652_liz21_del_07_29.json","07",11652
145.441824,-14.694369,3425,3.55,2021-11-26 08:08:00,0.0579089276664774,6439.17896393901,"moving",29,-14.69295,145.44156,"run_day_11652_liz21_del_07_29.json","07",11652
145.441603,-14.693216,3426,3.55,2021-11-26 07:34:00,0.0515522128323477,5732.34452425758,"moving",29,-14.69295,145.44156,"run_day_11652_liz21_del_07_29.json","07",11652
145.441703,-14.693707,3426,3.55,2021-11-26 07:46:00,0.055646104186626,6187.56447308735,"moving",29,-14.69295,145.44156,"run_day_11652_liz21_del_07_29.json","07",11652
145.441834,-14.694191,3426,3.55,2021-11-26 07:58:00,0.0556322386276145,6186.02269327018,"moving",29,-14.69295,145.44156,"run_day_11652_liz21_del_07_29.json","07",11652
145.441984,-14.694646,3426,3.55,2021-11-26 08:10:00,0.0531038414856309,5904.87775853901,"moving",29,-14.69295,145.44156,"run_day_11652_liz21_del_07_29.json","07",11652
145.441532,-14.69339,3427,3.55,2021-11-26 07:36:00,0.0554776974926322,6168.83850310226,"moving",29,-14.69295,145.44156,"run_day_11652_liz21_del_07_29.json","07",11652
145.441659,-14.693907,3427,3.55,2021-11-26 07:48:00,0.0590883898875166,6570.3291790875,"moving",29,-14.69295,145.44156,"run_day_11652_liz21_del_07_29.json","07",11652
145.441818,-14.694422,3427,3.55,2021-11-26 08:00:00,0.0597644897154185,6645.50804985544,"moving",29,-14.69295,145.44156,"run_day_11652_liz21_del_07_29.json","07",11652
145.441647,-14.69345,3428,3.55,2021-11-26 07:59:00,0.0535785778464853,5957.66603335971,"moving",29,-14.69295,145.44156,"run_day_11652_liz21_del_07_29.json","07",11652
145.441751,-14.69394,3428,3.55,2021-11-26 08:11:00,0.055621932882216,6184.87674666658,"moving",29,-14.69295,145.44156,"run_day_11652_liz21_del_07_29.json","07",11652
145.441884,-14.694394,3428,3.55,2021-11-26 08:23:00,0.0524702024829773,5834.42031611981,"moving",29,-14.69295,145.44156,"run_day_11652_liz21_del_07_29.json","07",11652
145.441705,-14.693651,3429,3.55,2021-11-26 07:56:00,0.0548298625712517,6096.80254654157,"moving",29,-14.69295,145.44156,"run_day_11652_liz21_del_07_29.json","07",11652
145.441823,-14.694124,3429,3.55,2021-11-26 08:08:00,0.0541048872747777,6016.18897163103,"moving",29,-14.69295,145.44156,"run_day_11652_liz21_del_07_29.json","07",11652
145.441963,-14.694565,3429,3.55,2021-11-26 08:20:00,0.051296889777742,5703.95389593004,"moving",29,-14.69295,145.44156,"run_day_11652_liz21_del_07_29.json","07",11652
145.441507,-14.693614,3430,3.55,2021-11-26 08:03:00,0.0586060291903475,6516.69311674956,"moving",29,-14.69295,145.44156,"run_day_11652_liz21_del_07_29.json","07",11652
145.441645,-14.694136,3430,3.55,2021-11-26 08:15:00,0.0599115434437619,6661.8596783914,"moving",29,-14.69295,145.44156,"run_day_11652_liz21_del_07_29.json","07",11652
145.441817,-14.694642,3430,3.55,2021-11-26 08:27:00,0.0592280188210266,6585.8552081066,"moving",29,-14.69295,145.44156,"run_day_11652_liz21_del_07_29.json","07",11652
145.441765,-14.693169,3431,3.55,2021-11-26 07:56:00,0.0454219653869526,5050.69210925388,"moving",29,-14.69295,145.44156,"run_day_11652_liz21_del_07_29.json","07",11652
145.441827,-14.693547,3431,3.55,2021-11-26 08:08:00,0.0425574074787854,4732.16780278613,"moving",29,-14.69295,145.44156,"run_day_11652_liz21_del_07_29.json","07",11652
145.441905,-14.693905,3431,3.55,2021-11-26 08:20:00,0.0406822347590559,4523.65810976994,"moving",29,-14.69295,145.44156,"run_day_11652_liz21_del_07_29.json","07",11652
145.442001,-14.69426,3431,3.55,2021-11-26 08:32:00,0.0408023295379517,4537.01203989965,"moving",29,-14.69295,145.44156,"run_day_11652_liz21_del_07_29.json","07",11652
145.442117,-14.694631,3431,3.55,2021-11-26 08:44:00,0.0430987815941452,4792.36585783083,"moving",29,-14.69295,145.44156,"run_day_11652_liz21_del_07_29.json","07",11652
145.441654,-14.693581,3432,3.55,2021-11-26 07:47:00,0.055100720314874,6126.92055347476,"moving",29,-14.69295,145.44156,"run_day_11652_liz21_del_07_29.json","07",11652
145.441779,-14.694082,3432,3.55,2021-11-26 07:59:00,0.0573080878086027,6372.36862001751,"moving",29,-14.69295,145.44156,"run_day_11652_liz21_del_07_29.json","07",11652
145.441927,-14.694547,3432,3.55,2021-11-26 08:11:00,0.0541006000750143,6015.71225676783,"moving",29,-14.69295,145.44156,"run_day_11652_liz21_del_07_29.json","07",11652
145.441482,-14.693406,3433,3.55,2021-11-26 07:11:00,0.0582426957473951,6476.29228121295,"moving",29,-14.69295,145.44156,"run_day_11652_liz21_del_07_29.json","07",11652
145.441629,-14.693932,3433,3.55,2021-11-26 07:23:00,0.0605879413355301,6737.0716923491,"moving",29,-14.69295,145.44156,"run_day_11652_liz21_del_07_29.json","07",11652
145.441801,-14.694462,3433,3.55,2021-11-26 07:35:00,0.0617688033020935,6868.37755209846,"moving",29,-14.69295,145.44156,"run_day_11652_liz21_del_07_29.json","07",11652
145.441768,-14.693185,3434,3.55,2021-11-26 07:40:00,0.0454576090171139,5054.65550009502,"moving",29,-14.69295,145.44156,"run_day_11652_liz21_del_07_29.json","07",11652
145.441834,-14.693566,3434,3.55,2021-11-26 07:52:00,0.0429559042106019,4776.47861764857,"moving",29,-14.69295,145.44156,"run_day_11652_liz21_del_07_29.json","07",11652
145.441919,-14.693934,3434,3.55,2021-11-26 08:04:00,0.0419286192283502,4662.24973940404,"moving",29,-14.69295,145.44156,"run_day_11652_liz21_del_07_29.json","07",11652
145.442021,-14.6943,3434,3.55,2021-11-26 08:16:00,0.0421501495055456,4686.88278232633,"moving",29,-14.69295,145.44156,"run_day_11652_liz21_del_07_29.json","07",11652
145.441719,-14.693405,3435,3.55,2021-11-26 07:17:00,0.0523854263191132,5824.99363679773,"moving",29,-14.69295,145.44156,"run_day_11652_liz21_del_07_29.json","07",11652
145.441824,-14.693855,3435,3.55,2021-11-26 07:29:00,0.0512963863530737,5703.89791766097,"moving",29,-14.69295,145.44156,"run_day_11652_liz21_del_07_29.json","07",11652
145.441952,-14.694294,3435,3.55,2021-11-26 07:41:00,0.0507188833747016,5639.68251634387,"moving",29,-14.69295,145.44156,"run_day_11652_liz21_del_07_29.json","07",11652
145.441739,-14.693382,3436,3.55,2021-11-26 07:39:00,0.0501333645708662,5574.57579590239,"moving",29,-14.69295,145.44156,"run_day_11652_liz21_del_07_29.json","07",11652
145.441828,-14.693813,3436,3.55,2021-11-26 07:51:00,0.0488717042863004,5434.28557310974,"moving",29,-14.69295,145.44156,"run_day_11652_liz21_del_07_29.json","07",11652
145.441942,-14.694225,3436,3.55,2021-11-26 08:03:00,0.0474248399882179,5273.40160361982,"moving",29,-14.69295,145.44156,"run_day_11652_liz21_del_07_29.json","07",11652
145.442071,-14.694636,3436,3.55,2021-11-26 08:15:00,0.0477609365147689,5310.77383223515,"moving",29,-14.69295,145.44156,"run_day_11652_liz21_del_07_29.json","07",11652
145.441687,-14.693269,3437,3.55,2021-11-26 07:15:00,0.0515730628292753,5734.66293813649,"moving",29,-14.69295,145.44156,"run_day_11652_liz21_del_07_29.json","07",11652
145.441782,-14.693732,3437,3.55,2021-11-26 07:27:00,0.0524874629998148,5836.33959802339,"moving",29,-14.69295,145.44156,"run_day_11652_liz21_del_07_29.json","07",11652
145.44191,-14.694176,3437,3.55,2021-11-26 07:39:00,0.0512542073993331,5699.20783199384,"moving",29,-14.69295,145.44156,"run_day_11652_liz21_del_07_29.json","07",11652
145.442047,-14.694621,3437,3.55,2021-11-26 07:51:00,0.0516292194008305,5740.90726399118,"moving",29,-14.69295,145.44156,"run_day_11652_liz21_del_07_29.json","07",11652
145.441771,-14.693203,3438,3.55,2021-11-26 07:15:00,0.0466453654598268,5186.72799061408,"moving",29,-14.69295,145.44156,"run_day_11652_liz21_del_07_29.json","07",11652
145.441842,-14.693581,3438,3.55,2021-11-26 07:27:00,0.0427197941634576,4750.22437827632,"moving",29,-14.69295,145.44156,"run_day_11652_liz21_del_07_29.json","07",11652
145.441941,-14.693957,3438,3.55,2021-11-26 07:39:00,0.0431439763587708,4797.3912863681,"moving",29,-14.69295,145.44156,"run_day_11652_liz21_del_07_29.json","07",11652
145.44205,-14.694348,3438,3.55,2021-11-26 07:51:00,0.0450301755950738,5007.12707208583,"moving",29,-14.69295,145.44156,"run_day_11652_liz21_del_07_29.json","07",11652
145.441528,-14.693574,3439,3.55,2021-11-26 07:23:00,0.0581361288647355,6464.44258451288,"moving",29,-14.69295,145.44156,"run_day_11652_liz21_del_07_29.json","07",11652
145.441683,-14.694104,3439,3.55,2021-11-26 07:35:00,0.0612460226519225,6810.24699605151,"moving",29,-14.69295,145.44156,"run_day_11652_liz21_del_07_29.json","07",11652
145.441859,-14.694626,3439,3.55,2021-11-26 07:47:00,0.0610526835033574,6788.74866360928,"moving",29,-14.69295,145.44156,"run_day_11652_liz21_del_07_29.json","07",11652
145.441597,-14.693387,3440,3.55,2021-11-26 07:54:00,0.0540979213209844,6015.41439290997,"moving",29,-14.69295,145.44156,"run_day_11652_liz21_del_07_29.json","07",11652
145.441706,-14.69389,3440,3.55,2021-11-26 08:06:00,0.0571465761347836,6354.40934129495,"moving",29,-14.69295,145.44156,"run_day_11652_liz21_del_07_29.json","07",11652
145.441844,-14.694368,3440,3.55,2021-11-26 08:18:00,0.0551848059730115,6136.27045206323,"moving",29,-14.69295,145.44156,"run_day_11652_liz21_del_07_29.json","07",11652
145.441682,-14.693469,3441,3.55,2021-11-26 07:51:00,0.0531505800389112,5910.07484854248,"moving",29,-14.69295,145.44156,"run_day_11652_liz21_del_07_29.json","07",11652
145.441787,-14.693949,3441,3.55,2021-11-26 08:03:00,0.0545553247399249,6066.27533252603,"moving",29,-14.69295,145.44156,"run_day_11652_liz21_del_07_29.json","07",11652
145.441917,-14.694392,3441,3.55,2021-11-26 08:15:00,0.0512054267866188,5693.7836753414,"moving",29,-14.69295,145.44156,"run_day_11652_liz21_del_07_29.json","07",11652
145.441521,-14.693391,3442,3.55,2021-11-26 07:30:00,0.0556880994854753,6192.23413726232,"moving",29,-14.69295,145.44156,"run_day_11652_liz21_del_07_29.json","07",11652
145.441653,-14.69391,3442,3.55,2021-11-26 07:42:00,0.0594309538564713,6608.42055448648,"moving",29,-14.69295,145.44156,"run_day_11652_liz21_del_07_29.json","07",11652
145.441815,-14.69443,3442,3.55,2021-11-26 07:54:00,0.0603897361995259,6715.03228679054,"moving",29,-14.69295,145.44156,"run_day_11652_liz21_del_07_29.json","07",11652
145.441584,-14.693638,3443,3.55,2021-11-26 07:38:00,0.0572926456408292,6370.6515293047,"moving",29,-14.69295,145.44156,"run_day_11652_liz21_del_07_29.json","07",11652
145.441732,-14.694164,3443,3.55,2021-11-26 07:50:00,0.0606160943553695,6740.20216532497,"moving",29,-14.69295,145.44156,"run_day_11652_liz21_del_07_29.json","07",11652
145.441902,-14.694665,3443,3.55,2021-11-26 08:02:00,0.0586326770226802,6519.65622051103,"moving",29,-14.69295,145.44156,"run_day_11652_liz21_del_07_29.json","07",11652
145.44156,-14.693403,3444,3.55,2021-11-26 07:47:00,0.055173698213868,6135.03532560007,"moving",29,-14.69295,145.44156,"run_day_11652_liz21_del_07_29.json","07",11652
145.441679,-14.693916,3444,3.55,2021-11-26 07:59:00,0.0584613498332668,6500.60550625199,"moving",29,-14.69295,145.44156,"run_day_11652_liz21_del_07_29.json","07",11652
145.441829,-14.694415,3444,3.55,2021-11-26 08:11:00,0.0577842792794644,6425.31869568874,"moving",29,-14.69295,145.44156,"run_day_11652_liz21_del_07_29.json","07",11652
145.441718,-14.693457,3445,3.55,2021-11-26 08:01:00,0.0518683816587909,5767.50089372123,"moving",29,-14.69295,145.44156,"run_day_11652_liz21_del_07_29.json","07",11652
145.44181,-14.693902,3445,3.55,2021-11-26 08:13:00,0.0504614822509145,5611.06081726614,"moving",29,-14.69295,145.44156,"run_day_11652_liz21_del_07_29.json","07",11652
145.441926,-14.694318,3445,3.55,2021-11-26 08:25:00,0.0479102030078961,5327.37150898892,"moving",29,-14.69295,145.44156,"run_day_11652_liz21_del_07_29.json","07",11652
145.441634,-14.693601,3446,3.55,2021-11-26 08:04:00,0.0554279259162594,6163.3041563185,"moving",29,-14.69295,145.44156,"run_day_11652_liz21_del_07_29.json","07",11652
145.441754,-14.694098,3446,3.55,2021-11-26 08:16:00,0.0567510951638474,6310.43386374239,"moving",29,-14.69295,145.44156,"run_day_11652_liz21_del_07_29.json","07",11652
145.441902,-14.694559,3446,3.55,2021-11-26 08:28:00,0.0536756693988667,5968.46212140457,"moving",29,-14.69295,145.44156,"run_day_11652_liz21_del_07_29.json","07",11652
145.441558,-14.693558,3447,3.55,2021-11-26 07:45:00,0.0569193338531468,6329.14115245781,"moving",29,-14.69295,145.44156,"run_day_11652_liz21_del_07_29.json","07",11652
145.441696,-14.694082,3447,3.55,2021-11-26 07:57:00,0.0601270262770893,6685.8202762364,"moving",29,-14.69295,145.44156,"run_day_11652_liz21_del_07_29.json","07",11652
145.441862,-14.694586,3447,3.55,2021-11-26 08:09:00,0.0588176935995687,6540.22912520617,"moving",29,-14.69295,145.44156,"run_day_11652_liz21_del_07_29.json","07",11652
145.441689,-14.693427,3448,3.55,2021-11-26 07:15:00,0.0535991947480969,5959.95852822205,"moving",29,-14.69295,145.44156,"run_day_11652_liz21_del_07_29.json","07",11652
145.441804,-14.693902,3448,3.55,2021-11-26 07:27:00,0.0542466155177397,6031.94843321065,"moving",29,-14.69295,145.44156,"run_day_11652_liz21_del_07_29.json","07",11652
145.44194,-14.69436,3448,3.55,2021-11-26 07:39:00,0.0529864436639217,5891.82371636582,"moving",29,-14.69295,145.44156,"run_day_11652_liz21_del_07_29.json","07",11652
145.441718,-14.693642,3449,3.55,2021-11-26 07:27:00,0.0545344447742366,6063.95358627298,"moving",29,-14.69295,145.44156,"run_day_11652_liz21_del_07_29.json","07",11652
145.44185,-14.694115,3449,3.55,2021-11-26 07:39:00,0.0544777898182809,6057.65384260143,"moving",29,-14.69295,145.44156,"run_day_11652_liz21_del_07_29.json","07",11652
145.441992,-14.694576,3449,3.55,2021-11-26 07:51:00,0.0534878289735078,5947.5752190859,"moving",29,-14.69295,145.44156,"run_day_11652_liz21_del_07_29.json","07",11652
145.441496,-14.693278,3450,3.55,2021-11-26 07:46:00,0.0551534787851728,6132.78702770952,"moving",29,-14.69295,145.44156,"run_day_11652_liz21_del_07_29.json","07",11652
145.441614,-14.693791,3450,3.55,2021-11-26 07:58:00,0.0584378969624188,6497.99766599844,"moving",29,-14.69295,145.44156,"run_day_11652_liz21_del_07_29.json","07",11652
145.441762,-14.694307,3450,3.55,2021-11-26 08:10:00,0.0595438865348329,6620.97809537267,"moving",29,-14.69295,145.44156,"run_day_11652_liz21_del_07_29.json","07",11652
145.441644,-14.69329,3451,3.55,2021-11-26 07:45:00,0.0518332247794909,5763.59162710641,"moving",29,-14.69295,145.44156,"run_day_11652_liz21_del_07_29.json","07",11652
145.44174,-14.693778,3451,3.55,2021-11-26 07:57:00,0.0552368074368865,6142.05275102421,"moving",29,-14.69295,145.44156,"run_day_11652_liz21_del_07_29.json","07",11652
145.441865,-14.694236,3451,3.55,2021-11-26 08:09:00,0.0526720942800604,5856.8696596866,"moving",29,-14.69295,145.44156,"run_day_11652_liz21_del_07_29.json","07",11652
145.442009,-14.694673,3451,3.55,2021-11-26 08:21:00,0.0510008752764119,5671.03858516891,"moving",29,-14.69295,145.44156,"run_day_11652_liz21_del_07_29.json","07",11652
145.441659,-14.693354,3452,3.55,2021-11-26 07:59:00,0.0521869490371451,5802.92396998867,"moving",29,-14.69295,145.44156,"run_day_11652_liz21_del_07_29.json","07",11652
145.441752,-14.693834,3452,3.55,2021-11-26 08:11:00,0.0543028184342793,6038.19791239248,"moving",29,-14.69295,145.44156,"run_day_11652_liz21_del_07_29.json","07",11652
145.441873,-14.694277,3452,3.55,2021-11-26 08:23:00,0.0509496035112428,5665.337425002,"moving",29,-14.69295,145.44156,"run_day_11652_liz21_del_07_29.json","07",11652
145.441529,-14.693364,3453,3.55,2021-11-26 08:02:00,0.0554143476504456,6161.79432204737,"moving",29,-14.69295,145.44156,"run_day_11652_liz21_del_07_29.json","07",11652
145.441642,-14.693868,3453,3.55,2021-11-26 08:14:00,0.0573450534813551,6376.47901528757,"moving",29,-14.69295,145.44156,"run_day_11652_liz21_del_07_29.json","07",11652
145.441786,-14.694366,3453,3.55,2021-11-26 08:26:00,0.0575003351168577,6393.74554535653,"moving",29,-14.69295,145.44156,"run_day_11652_liz21_del_07_29.json","07",11652
145.441538,-14.693445,3454,3.55,2021-11-26 07:58:00,0.0561126124237639,6239.43782229498,"moving",29,-14.69295,145.44156,"run_day_11652_liz21_del_07_29.json","07",11652
145.441658,-14.693957,3454,3.55,2021-11-26 08:10:00,0.0583765439743345,6491.17552498898,"moving",29,-14.69295,145.44156,"run_day_11652_liz21_del_07_29.json","07",11652
145.44181,-14.694455,3454,3.55,2021-11-26 08:22:00,0.0577380562629349,6420.17893075644,"moving",29,-14.69295,145.44156,"run_day_11652_liz21_del_07_29.json","07",11652
145.441589,-14.693268,3455,3.55,2021-11-26 07:25:00,0.0528012776048276,5871.23419000779,"moving",29,-14.69295,145.44156,"run_day_11652_liz21_del_07_29.json","07",11652
145.441699,-14.693765,3455,3.55,2021-11-26 07:37:00,0.0565161836928157,6284.31289995305,"moving",29,-14.69295,145.44156,"run_day_11652_liz21_del_07_29.json","07",11652
145.441841,-14.694258,3455,3.55,2021-11-26 07:49:00,0.0569069966648623,6327.76931971151,"moving",29,-14.69295,145.44156,"run_day_11652_liz21_del_07_29.json","07",11652
145.441503,-14.693605,3456,3.55,2021-11-26 07:20:00,0.0592924425035368,6593.01879475749,"moving",29,-14.69295,145.44156,"run_day_11652_liz21_del_07_29.json","07",11652
145.441665,-14.69414,3456,3.55,2021-11-26 07:32:00,0.0619885981281808,6892.8176216621,"moving",29,-14.69295,145.44156,"run_day_11652_liz21_del_07_29.json","07",11652
145.441848,-14.694669,3456,3.55,2021-11-26 07:44:00,0.0620279492514448,6897.19326692681,"moving",29,-14.69295,145.44156,"run_day_11652_liz21_del_07_29.json","07",11652
145.441726,-14.693525,3457,3.55,2021-11-26 08:04:00,0.0521973730177891,5804.08306375173,"moving",29,-14.69295,145.44156,"run_day_11652_liz21_del_07_29.json","07",11652
145.441822,-14.693966,3457,3.55,2021-11-26 08:16:00,0.0501122913779542,5572.23256376237,"moving",29,-14.69295,145.44156,"run_day_11652_liz21_del_07_29.json","07",11652
145.441942,-14.694382,3457,3.55,2021-11-26 08:28:00,0.048024039432813,5340.02954190704,"moving",29,-14.69295,145.44156,"run_day_11652_liz21_del_07_29.json","07",11652
145.441751,-14.693613,3458,3.55,2021-11-26 07:44:00,0.0526171960320355,5850.76525302456,"moving",29,-14.69295,145.44156,"run_day_11652_liz21_del_07_29.json","07",11652
145.441863,-14.694056,3458,3.55,2021-11-26 07:56:00,0.0507109720998726,5638.8028227196,"moving",29,-14.69295,145.44156,"run_day_11652_liz21_del_07_29.json","07",11652
145.441992,-14.694485,3458,3.55,2021-11-26 08:08:00,0.0496795303099317,5524.11172854899,"moving",29,-14.69295,145.44156,"run_day_11652_liz21_del_07_29.json","07",11652
145.441747,-14.693392,3459,3.55,2021-11-26 08:02:00,0.0495863446617849,5513.74995723898,"moving",29,-14.69295,145.44156,"run_day_11652_liz21_del_07_29.json","07",11652
145.441826,-14.693806,3459,3.55,2021-11-26 08:14:00,0.0468123331444539,5205.2939500582,"moving",29,-14.69295,145.44156,"run_day_11652_liz21_del_07_29.json","07",11652
145.441929,-14.694198,3459,3.55,2021-11-26 08:26:00,0.0449742446655926,5000.907836485,"moving",29,-14.69295,145.44156,"run_day_11652_liz21_del_07_29.json","07",11652
145.442051,-14.694592,3459,3.55,2021-11-26 08:38:00,0.045733743085429,5085.36020756537,"moving",29,-14.69295,145.44156,"run_day_11652_liz21_del_07_29.json","07",11652
145.441639,-14.693228,3460,3.55,2021-11-26 07:48:00,0.0511368025958092,5686.15301347829,"moving",29,-14.69295,145.44156,"run_day_11652_liz21_del_07_29.json","07",11652
145.44173,-14.693712,3460,3.55,2021-11-26 08:00:00,0.0547011486261307,6082.49020885571,"moving",29,-14.69295,145.44156,"run_day_11652_liz21_del_07_29.json","07",11652
145.441847,-14.694168,3460,3.55,2021-11-26 08:12:00,0.0522431862741629,5809.17726543356,"moving",29,-14.69295,145.44156,"run_day_11652_liz21_del_07_29.json","07",11652
145.441985,-14.694601,3460,3.55,2021-11-26 08:24:00,0.0503834033823717,5602.37884320603,"moving",29,-14.69295,145.44156,"run_day_11652_liz21_del_07_29.json","07",11652
145.44176,-14.693297,3461,3.55,2021-11-26 07:23:00,0.0481251196030698,5351.26914402397,"moving",29,-14.69295,145.44156,"run_day_11652_liz21_del_07_29.json","07",11652
145.44184,-14.693697,3461,3.55,2021-11-26 07:35:00,0.0453026527773387,5037.42515238009,"moving",29,-14.69295,145.44156,"run_day_11652_liz21_del_07_29.json","07",11652
145.441949,-14.694093,3461,3.55,2021-11-26 07:47:00,0.0455672097530917,5066.84254589225,"moving",29,-14.69295,145.44156,"run_day_11652_liz21_del_07_29.json","07",11652
145.442067,-14.694502,3461,3.55,2021-11-26 07:59:00,0.0472164966408252,5250.23488038961,"moving",29,-14.69295,145.44156,"run_day_11652_liz21_del_07_29.json","07",11652
145.441703,-14.693469,3462,3.55,2021-11-26 08:03:00,0.0523795444035371,5824.33959762672,"moving",29,-14.69295,145.44156,"run_day_11652_liz21_del_07_29.json","07",11652
145.441798,-14.693926,3462,3.55,2021-11-26 08:15:00,0.0518332189169351,5763.59097521995,"moving",29,-14.69295,145.44156,"run_day_11652_liz21_del_07_29.json","07",11652
145.441919,-14.69435,3462,3.55,2021-11-26 08:27:00,0.0489099648672633,5438.53995560329,"moving",29,-14.69295,145.44156,"run_day_11652_liz21_del_07_29.json","07",11652
145.44152,-14.693372,3463,3.55,2021-11-26 08:02:00,0.0556790559563759,6191.2285427075,"moving",29,-14.69295,145.44156,"run_day_11652_liz21_del_07_29.json","07",11652
145.441634,-14.693877,3463,3.55,2021-11-26 08:14:00,0.0574765766015496,6391.10371898967,"moving",29,-14.69295,145.44156,"run_day_11652_liz21_del_07_29.json","07",11652
145.44178,-14.694377,3463,3.55,2021-11-26 08:26:00,0.0577726367934229,6424.02411030739,"moving",29,-14.69295,145.44156,"run_day_11652_liz21_del_07_29.json","07",11652
145.441513,-14.693277,3464,3.55,2021-11-26 07:21:00,0.0550147290089255,6117.35875651775,"moving",29,-14.69295,145.44156,"run_day_11652_liz21_del_07_29.json","07",11652
145.441637,-14.693784,3464,3.55,2021-11-26 07:33:00,0.0579319958850415,6441.74403281007,"moving",29,-14.69295,145.44156,"run_day_11652_liz21_del_07_29.json","07",11652
145.441794,-14.694304,3464,3.55,2021-11-26 07:45:00,0.0602367695538948,6698.02317185052,"moving",29,-14.69295,145.44156,"run_day_11652_liz21_del_07_29.json","07",11652
145.441533,-14.693566,3465,3.55,2021-11-26 07:48:00,0.0576662749151897,6412.19720905948,"moving",29,-14.69295,145.44156,"run_day_11652_liz21_del_07_29.json","07",11652
145.441673,-14.694094,3465,3.55,2021-11-26 08:00:00,0.0606112245301912,6739.66066547149,"moving",29,-14.69295,145.44156,"run_day_11652_liz21_del_07_29.json","07",11652
145.441843,-14.694602,3465,3.55,2021-11-26 08:12:00,0.059372722288838,6601.9454995951,"moving",29,-14.69295,145.44156,"run_day_11652_liz21_del_07_29.json","07",11652
145.441543,-14.693212,3466,3.55,2021-11-26 07:27:00,0.0530314624048505,5896.82957196103,"moving",29,-14.69295,145.44156,"run_day_11652_liz21_del_07_29.json","07",11652
145.441655,-14.69371,3466,3.55,2021-11-26 07:39:00,0.0566702579846924,6301.44517953609,"moving",29,-14.69295,145.44156,"run_day_11652_liz21_del_07_29.json","07",11652
145.4418,-14.694219,3466,3.55,2021-11-26 07:51:00,0.0587076803334287,6527.99620814781,"moving",29,-14.69295,145.44156,"run_day_11652_liz21_del_07_29.json","07",11652
145.441962,-14.694698,3466,3.55,2021-11-26 08:03:00,0.056040071315648,6231.37161909932,"moving",29,-14.69295,145.44156,"run_day_11652_liz21_del_07_29.json","07",11652
145.44173,-14.693354,3467,3.55,2021-11-26 07:19:00,0.0511042234317787,5682.53037572377,"moving",29,-14.69295,145.44156,"run_day_11652_liz21_del_07_29.json","07",11652
145.441825,-14.693788,3467,3.55,2021-11-26 07:31:00,0.0493284995133053,5485.07888486814,"moving",29,-14.69295,145.44156,"run_day_11652_liz21_del_07_29.json","07",11652
145.441947,-14.694213,3467,3.55,2021-11-26 07:43:00,0.0490458294705139,5453.64741019533,"moving",29,-14.69295,145.44156,"run_day_11652_liz21_del_07_29.json","07",11652
145.442081,-14.694645,3467,3.55,2021-11-26 07:55:00,0.0501518229350218,5576.62827235064,"moving",29,-14.69295,145.44156,"run_day_11652_liz21_del_07_29.json","07",11652
145.441661,-14.693156,3468,3.55,2021-11-26 07:48:00,0.0495740101085441,5512.37841749618,"moving",29,-14.69295,145.44156,"run_day_11652_liz21_del_07_29.json","07",11652
145.441743,-14.693625,3468,3.55,2021-11-26 08:00:00,0.0528909748255794,5881.2080658895,"moving",29,-14.69295,145.44156,"run_day_11652_liz21_del_07_29.json","07",11652
145.441849,-14.694064,3468,3.55,2021-11-26 08:12:00,0.0501283294391029,5574.01591479533,"moving",29,-14.69295,145.44156,"run_day_11652_liz21_del_07_29.json","07",11652
145.441975,-14.694484,3468,3.55,2021-11-26 08:24:00,0.0486284888970151,5407.24125573934,"moving",29,-14.69295,145.44156,"run_day_11652_liz21_del_07_29.json","07",11652
145.441749,-14.693495,3469,3.55,2021-11-26 07:42:00,0.0508817648610263,5657.7941112675,"moving",29,-14.69295,145.44156,"run_day_11652_liz21_del_07_29.json","07",11652
145.441848,-14.693928,3469,3.55,2021-11-26 07:54:00,0.0493108331066762,5483.11447007894,"moving",29,-14.69295,145.44156,"run_day_11652_liz21_del_07_29.json","07",11652
145.441968,-14.694346,3469,3.55,2021-11-26 08:06:00,0.0482382845031234,5363.85250678416,"moving",29,-14.69295,145.44156,"run_day_11652_liz21_del_07_29.json","07",11652
145.44151,-14.693573,3470,3.55,2021-11-26 07:14:00,0.0593462731504512,6599.00448959237,"moving",29,-14.69295,145.44156,"run_day_11652_liz21_del_07_29.json","07",11652
145.441671,-14.694106,3470,3.55,2021-11-26 07:26:00,0.0617449552707323,6865.72577200063,"moving",29,-14.69295,145.44156,"run_day_11652_liz21_del_07_29.json","07",11652
145.441849,-14.694632,3470,3.55,2021-11-26 07:38:00,0.0615422782050166,6843.18911054585,"moving",29,-14.69295,145.44156,"run_day_11652_liz21_del_07_29.json","07",11652
145.441546,-14.6936,3471,3.55,2021-11-26 07:46:00,0.0576662744498602,6412.1971573172,"moving",29,-14.69295,145.44156,"run_day_11652_liz21_del_07_29.json","07",11652
145.441689,-14.694129,3471,3.55,2021-11-26 07:58:00,0.0607997651607511,6760.62542705612,"moving",29,-14.69295,145.44156,"run_day_11652_liz21_del_07_29.json","07",11652
145.44186,-14.694635,3471,3.55,2021-11-26 08:10:00,0.059194511239262,6582.12933501025,"moving",29,-14.69295,145.44156,"run_day_11652_liz21_del_07_29.json","07",11652
145.441603,-14.693611,3472,3.55,2021-11-26 08:04:00,0.056318788853622,6262.36359528889,"moving",29,-14.69295,145.44156,"run_day_11652_liz21_del_07_29.json","07",11652
145.441728,-14.694116,3472,3.55,2021-11-26 08:16:00,0.0577405478474589,6420.45598231483,"moving",29,-14.69295,145.44156,"run_day_11652_liz21_del_07_29.json","07",11652
145.441883,-14.69459,3472,3.55,2021-11-26 08:28:00,0.0552802217905747,6146.88020689789,"moving",29,-14.69295,145.44156,"run_day_11652_liz21_del_07_29.json","07",11652
145.441571,-14.693228,3473,3.55,2021-11-26 07:14:00,0.0536320469224062,5963.61152333449,"moving",29,-14.69295,145.44156,"run_day_11652_liz21_del_07_29.json","07",11652
145.441684,-14.693724,3473,3.55,2021-11-26 07:26:00,0.0564760201713759,6279.84692013277,"moving",29,-14.69295,145.44156,"run_day_11652_liz21_del_07_29.json","07",11652
145.44183,-14.694223,3473,3.55,2021-11-26 07:38:00,0.057665639345886,6412.12653697737,"moving",29,-14.69295,145.44156,"run_day_11652_liz21_del_07_29.json","07",11652
145.44199,-14.6947,3473,3.55,2021-11-26 07:50:00,0.0557619831404097,6200.44962485298,"moving",29,-14.69295,145.44156,"run_day_11652_liz21_del_07_29.json","07",11652
145.441458,-14.693418,3474,3.55,2021-11-26 08:01:00,0.0578422508347676,6431.76483852814,"moving",29,-14.69295,145.44156,"run_day_11652_liz21_del_07_29.json","07",11652
145.441585,-14.693937,3474,3.55,2021-11-26 08:13:00,0.0593047774117778,6594.39037397452,"moving",29,-14.69295,145.44156,"run_day_11652_liz21_del_07_29.json","07",11652
145.441746,-14.694453,3474,3.55,2021-11-26 08:25:00,0.0599328437061221,6664.22815950205,"moving",29,-14.69295,145.44156,"run_day_11652_liz21_del_07_29.json","07",11652
145.441761,-14.693243,3475,3.55,2021-11-26 07:38:00,0.0467177131147947,5194.77268280113,"moving",29,-14.69295,145.44156,"run_day_11652_liz21_del_07_29.json","07",11652
145.441832,-14.693637,3475,3.55,2021-11-26 07:50:00,0.0444713926694838,4944.99324566461,"moving",29,-14.69295,145.44156,"run_day_11652_liz21_del_07_29.json","07",11652
145.441928,-14.694019,3475,3.55,2021-11-26 08:02:00,0.0437134736985527,4860.71650128942,"moving",29,-14.69295,145.44156,"run_day_11652_liz21_del_07_29.json","07",11652
145.442037,-14.694403,3475,3.55,2021-11-26 08:14:00,0.0442791175334285,4923.61322601538,"moving",29,-14.69295,145.44156,"run_day_11652_liz21_del_07_29.json","07",11652
145.441662,-14.693462,3476,3.55,2021-11-26 07:31:00,0.0533140105331279,5928.24749035839,"moving",29,-14.69295,145.44156,"run_day_11652_liz21_del_07_29.json","07",11652
145.441781,-14.693954,3476,3.55,2021-11-26 07:43:00,0.056185234296248,6247.51300607864,"moving",29,-14.69295,145.44156,"run_day_11652_liz21_del_07_29.json","07",11652
145.441921,-14.694421,3476,3.55,2021-11-26 07:55:00,0.0540672534693435,6012.00428339642,"moving",29,-14.69295,145.44156,"run_day_11652_liz21_del_07_29.json","07",11652
145.441531,-14.693275,3477,3.55,2021-11-26 07:14:00,0.0552615398656728,6144.80287162884,"moving",29,-14.69295,145.44156,"run_day_11652_liz21_del_07_29.json","07",11652
145.441655,-14.693781,3477,3.55,2021-11-26 07:26:00,0.0578237935759874,6429.71248499203,"moving",29,-14.69295,145.44156,"run_day_11652_liz21_del_07_29.json","07",11652
145.441812,-14.694295,3477,3.55,2021-11-26 07:38:00,0.059596646148122,6626.84469670215,"moving",29,-14.69295,145.44156,"run_day_11652_liz21_del_07_29.json","07",11652
145.44175,-14.693215,3478,3.55,2021-11-26 07:39:00,0.047283885808934,5257.72821399411,"moving",29,-14.69295,145.44156,"run_day_11652_liz21_del_07_29.json","07",11652
145.441821,-14.693616,3478,3.55,2021-11-26 07:51:00,0.0452383926959942,5030.27975734882,"moving",29,-14.69295,145.44156,"run_day_11652_liz21_del_07_29.json","07",11652
145.441915,-14.694003,3478,3.55,2021-11-26 08:03:00,0.0442042129075364,4915.28421163396,"moving",29,-14.69295,145.44156,"run_day_11652_liz21_del_07_29.json","07",11652
145.442025,-14.694388,3478,3.55,2021-11-26 08:15:00,0.0444148846789855,4938.70984380633,"moving",29,-14.69295,145.44156,"run_day_11652_liz21_del_07_29.json","07",11652
145.441531,-14.693565,3479,3.55,2021-11-26 07:40:00,0.0576576097817222,6411.2336901792,"moving",29,-14.69295,145.44156,"run_day_11652_liz21_del_07_29.json","07",11652
145.441675,-14.694095,3479,3.55,2021-11-26 07:52:00,0.0609346007358596,6775.61845893938,"moving",29,-14.69295,145.44156,"run_day_11652_liz21_del_07_29.json","07",11652
145.441849,-14.694611,3479,3.55,2021-11-26 08:04:00,0.0603516955480241,6710.80235933728,"moving",29,-14.69295,145.44156,"run_day_11652_liz21_del_07_29.json","07",11652
145.441461,-14.693466,3480,3.55,2021-11-26 07:47:00,0.0582967759524421,6482.30572564607,"moving",29,-14.69295,145.44156,"run_day_11652_liz21_del_07_29.json","07",11652
145.4416,-14.693998,3480,3.55,2021-11-26 07:59:00,0.0610157170655971,6784.63818327422,"moving",29,-14.69295,145.44156,"run_day_11652_liz21_del_07_29.json","07",11652
145.441772,-14.694524,3480,3.55,2021-11-26 08:11:00,0.0613445841797888,6821.20653791257,"moving",29,-14.69295,145.44156,"run_day_11652_liz21_del_07_29.json","07",11652
145.441727,-14.693548,3481,3.55,2021-11-26 07:57:00,0.052781340570168,5869.0172929013,"moving",29,-14.69295,145.44156,"run_day_11652_liz21_del_07_29.json","07",11652
145.441829,-14.693995,3481,3.55,2021-11-26 08:09:00,0.0509005157458451,5659.87911452945,"moving",29,-14.69295,145.44156,"run_day_11652_liz21_del_07_29.json","07",11652
145.441953,-14.694417,3481,3.55,2021-11-26 08:21:00,0.0487828573685159,5424.4062466041,"moving",29,-14.69295,145.44156,"run_day_11652_liz21_del_07_29.json","07",11652
145.441666,-14.69324,3482,3.55,2021-11-26 07:43:00,0.0506380158257823,5630.69045517386,"moving",29,-14.69295,145.44156,"run_day_11652_liz21_del_07_29.json","07",11652
145.441754,-14.693715,3482,3.55,2021-11-26 07:55:00,0.053658986389752,5966.60705542985,"moving",29,-14.69295,145.44156,"run_day_11652_liz21_del_07_29.json","07",11652
145.441871,-14.694159,3482,3.55,2021-11-26 08:07:00,0.050949150630431,5665.28706695335,"moving",29,-14.69295,145.44156,"run_day_11652_liz21_del_07_29.json","07",11652
145.442005,-14.694587,3482,3.55,2021-11-26 08:19:00,0.0497259712614836,5529.27572675011,"moving",29,-14.69295,145.44156,"run_day_11652_liz21_del_07_29.json","07",11652
145.44152,-14.693464,3483,3.55,2021-11-26 07:17:00,0.0575184606208597,6395.76100944443,"moving",29,-14.69295,145.44156,"run_day_11652_liz21_del_07_29.json","07",11652
145.441667,-14.693986,3483,3.55,2021-11-26 07:29:00,0.0601586844306978,6689.34050230459,"moving",29,-14.69295,145.44156,"run_day_11652_liz21_del_07_29.json","07",11652
145.441835,-14.694509,3483,3.55,2021-11-26 07:41:00,0.0608975703027013,6771.50086264073,"moving",29,-14.69295,145.44156,"run_day_11652_liz21_del_07_29.json","07",11652
145.441741,-14.693319,3484,3.55,2021-11-26 07:44:00,0.0492015363638911,5470.96122678246,"moving",29,-14.69295,145.44156,"run_day_11652_liz21_del_07_29.json","07",11652
145.441821,-14.693741,3484,3.55,2021-11-26 07:56:00,0.0477066718522081,5304.73987706232,"moving",29,-14.69295,145.44156,"run_day_11652_liz21_del_07_29.json","07",11652
145.441926,-14.694141,3484,3.55,2021-11-26 08:08:00,0.04588938485178,5102.6667823576,"moving",29,-14.69295,145.44156,"run_day_11652_liz21_del_07_29.json","07",11652
145.442047,-14.694541,3484,3.55,2021-11-26 08:20:00,0.0463429360329286,5153.09937267497,"moving",29,-14.69295,145.44156,"run_day_11652_liz21_del_07_29.json","07",11652
145.441655,-14.693689,3485,3.55,2021-11-26 08:04:00,0.0559942033403931,6226.27133295552,"moving",29,-14.69295,145.44156,"run_day_11652_liz21_del_07_29.json","07",11652
145.441781,-14.694182,3485,3.55,2021-11-26 08:16:00,0.0564694564581896,6279.1170685265,"moving",29,-14.69295,145.44156,"run_day_11652_liz21_del_07_29.json","07",11652
145.441933,-14.69464,3485,3.55,2021-11-26 08:28:00,0.0534871139584249,5947.49571303621,"moving",29,-14.69295,145.44156,"run_day_11652_liz21_del_07_29.json","07",11652
145.441528,-14.69338,3486,3.55,2021-11-26 08:09:00,0.0551501043671341,6132.41180954324,"moving",29,-14.69295,145.44156,"run_day_11652_liz21_del_07_29.json","07",11652
145.44164,-14.69388,3486,3.55,2021-11-26 08:21:00,0.0568875828434051,6325.61060125869,"moving",29,-14.69295,145.44156,"run_day_11652_liz21_del_07_29.json","07",11652
145.441783,-14.694375,3486,3.55,2021-11-26 08:33:00,0.0571501093388906,6354.80221566645,"moving",29,-14.69295,145.44156,"run_day_11652_liz21_del_07_29.json","07",11652
145.441748,-14.693599,3487,3.55,2021-11-26 07:28:00,0.0525843138743588,5847.10892391378,"moving",29,-14.69295,145.44156,"run_day_11652_liz21_del_07_29.json","07",11652
145.441868,-14.694047,3487,3.55,2021-11-26 07:40:00,0.0514602505714612,5722.11878740424,"moving",29,-14.69295,145.44156,"run_day_11652_liz21_del_07_29.json","07",11652
145.442,-14.69449,3487,3.55,2021-11-26 07:52:00,0.0512645840531625,5700.36166325522,"moving",29,-14.69295,145.44156,"run_day_11652_liz21_del_07_29.json","07",11652
145.441651,-14.69347,3488,3.55,2021-11-26 07:55:00,0.0537969025220304,5981.94262964164,"moving",29,-14.69295,145.44156,"run_day_11652_liz21_del_07_29.json","07",11652
145.441759,-14.693963,3488,3.55,2021-11-26 08:07:00,0.0560363461628588,6230.95740100818,"moving",29,-14.69295,145.44156,"run_day_11652_liz21_del_07_29.json","07",11652
145.441894,-14.694418,3488,3.55,2021-11-26 08:19:00,0.0526361293636987,5852.87054344998,"moving",29,-14.69295,145.44156,"run_day_11652_liz21_del_07_29.json","07",11652
145.441513,-14.693541,3489,3.55,2021-11-26 07:52:00,0.0578487003917381,6432.48199654237,"moving",29,-14.69295,145.44156,"run_day_11652_liz21_del_07_29.json","07",11652
145.44165,-14.694069,3489,3.55,2021-11-26 08:04:00,0.060531867022186,6730.83651319016,"moving",29,-14.69295,145.44156,"run_day_11652_liz21_del_07_29.json","07",11652
145.441819,-14.694579,3489,3.55,2021-11-26 08:16:00,0.0595514245200301,6621.81628108373,"moving",29,-14.69295,145.44156,"run_day_11652_liz21_del_07_29.json","07",11652
145.441774,-14.693535,3490,3.55,2021-11-26 07:50:00,0.0492572328373078,5477.15439205839,"moving",29,-14.69295,145.44156,"run_day_11652_liz21_del_07_29.json","07",11652
145.441869,-14.693948,3490,3.55,2021-11-26 08:02:00,0.0470465374801669,5231.33628398765,"moving",29,-14.69295,145.44156,"run_day_11652_liz21_del_07_29.json","07",11652
145.441982,-14.694348,3490,3.55,2021-11-26 08:14:00,0.0461086901738579,5127.05242155881,"moving",29,-14.69295,145.44156,"run_day_11652_liz21_del_07_29.json","07",11652
145.441763,-14.693428,3491,3.55,2021-11-26 07:14:00,0.0502616335595644,5588.83865669145,"moving",29,-14.69295,145.44156,"run_day_11652_liz21_del_07_29.json","07",11652
145.441862,-14.693843,3491,3.55,2021-11-26 07:26:00,0.0473585207382608,5266.02723948572,"moving",29,-14.69295,145.44156,"run_day_11652_liz21_del_07_29.json","07",11652
145.441982,-14.694261,3491,3.55,2021-11-26 07:38:00,0.0482382858466439,5363.85265617683,"moving",29,-14.69295,145.44156,"run_day_11652_liz21_del_07_29.json","07",11652
145.441736,-14.693613,3492,3.55,2021-11-26 07:44:00,0.0534211533165802,5940.16122430486,"moving",29,-14.69295,145.44156,"run_day_11652_liz21_del_07_29.json","07",11652
145.441851,-14.694066,3492,3.55,2021-11-26 07:56:00,0.0518677670834993,5767.43255606676,"moving",29,-14.69295,145.44156,"run_day_11652_liz21_del_07_29.json","07",11652
145.441984,-14.694502,3492,3.55,2021-11-26 08:08:00,0.0505474594397187,5620.62104446833,"moving",29,-14.69295,145.44156,"run_day_11652_liz21_del_07_29.json","07",11652
145.441581,-14.693195,3493,3.55,2021-11-26 07:28:00,0.051994592321601,5781.53487911416,"moving",29,-14.69295,145.44156,"run_day_11652_liz21_del_07_29.json","07",11652
145.441685,-14.693685,3493,3.55,2021-11-26 07:40:00,0.0556219355072301,6184.87703855483,"moving",29,-14.69295,145.44156,"run_day_11652_liz21_del_07_29.json","07",11652
145.441821,-14.69418,3493,3.55,2021-11-26 07:52:00,0.056952099137709,6332.78448587119,"moving",29,-14.69295,145.44156,"run_day_11652_liz21_del_07_29.json","07",11652
145.441974,-14.694647,3493,3.55,2021-11-26 08:04:00,0.0544732292979976,6057.14673588307,"moving",29,-14.69295,145.44156,"run_day_11652_liz21_del_07_29.json","07",11652
145.44166,-14.693639,3494,3.55,2021-11-26 08:08:00,0.0549982700073395,6115.52859904376,"moving",29,-14.69295,145.44156,"run_day_11652_liz21_del_07_29.json","07",11652
145.441778,-14.694125,3494,3.55,2021-11-26 08:20:00,0.0555111223920343,6172.55518233938,"moving",29,-14.69295,145.44156,"run_day_11652_liz21_del_07_29.json","07",11652
145.441923,-14.694576,3494,3.55,2021-11-26 08:32:00,0.0525180539871356,5839.74116061452,"moving",29,-14.69295,145.44156,"run_day_11652_liz21_del_07_29.json","07",11652
145.441583,-14.693313,3495,3.55,2021-11-26 08:02:00,0.0534229406109533,5940.35996237157,"moving",29,-14.69295,145.44156,"run_day_11652_liz21_del_07_29.json","07",11652
145.441683,-14.693804,3495,3.55,2021-11-26 08:14:00,0.0556461032636807,6187.56437046051,"moving",29,-14.69295,145.44156,"run_day_11652_liz21_del_07_29.json","07",11652
145.441813,-14.694284,3495,3.55,2021-11-26 08:26:00,0.0551747185587697,6135.14878277657,"moving",29,-14.69295,145.44156,"run_day_11652_liz21_del_07_29.json","07",11652
145.441541,-14.693312,3496,3.55,2021-11-26 07:58:00,0.0545840643412528,6069.47103038748,"moving",29,-14.69295,145.44156,"run_day_11652_liz21_del_07_29.json","07",11652
145.441649,-14.693813,3496,3.55,2021-11-26 08:10:00,0.0569068826091332,6327.75663729308,"moving",29,-14.69295,145.44156,"run_day_11652_liz21_del_07_29.json","07",11652
145.441788,-14.694309,3496,3.55,2021-11-26 08:22:00,0.0571431413913786,6354.027415254,"moving",29,-14.69295,145.44156,"run_day_11652_liz21_del_07_29.json","07",11652
145.441586,-14.693392,3497,3.55,2021-11-26 07:51:00,0.0544915766806325,6059.18687174927,"moving",29,-14.69295,145.44156,"run_day_11652_liz21_del_07_29.json","07",11652
145.441698,-14.693899,3497,3.55,2021-11-26 08:03:00,0.0576485307222269,6410.22414482461,"moving",29,-14.69295,145.44156,"run_day_11652_liz21_del_07_29.json","07",11652
145.441841,-14.694384,3497,3.55,2021-11-26 08:15:00,0.0560799849539452,6235.8098131819,"moving",29,-14.69295,145.44156,"run_day_11652_liz21_del_07_29.json","07",11652
145.44167,-14.693413,3498,3.55,2021-11-26 07:41:00,0.0525551700975369,5843.86828378792,"moving",29,-14.69295,145.44156,"run_day_11652_liz21_del_07_29.json","07",11652
145.441776,-14.693899,3498,3.55,2021-11-26 07:53:00,0.0552303185613617,6141.33122098622,"moving",29,-14.69295,145.44156,"run_day_11652_liz21_del_07_29.json","07",11652
145.441908,-14.694353,3498,3.55,2021-11-26 08:05:00,0.0524409811571503,5831.17105293801,"moving",29,-14.69295,145.44156,"run_day_11652_liz21_del_07_29.json","07",11652
145.441685,-14.693332,3499,3.55,2021-11-26 08:00:00,0.0512135858176016,5694.69091819303,"moving",29,-14.69295,145.44156,"run_day_11652_liz21_del_07_29.json","07",11652
145.441771,-14.693796,3499,3.55,2021-11-26 08:12:00,0.0524170757043339,5828.51288786569,"moving",29,-14.69295,145.44156,"run_day_11652_liz21_del_07_29.json","07",11652
145.441884,-14.694223,3499,3.55,2021-11-26 08:24:00,0.0490111641672252,5449.79280433904,"moving",29,-14.69295,145.44156,"run_day_11652_liz21_del_07_29.json","07",11652
145.442018,-14.694638,3499,3.55,2021-11-26 08:36:00,0.048344302834179,5375.64120732887,"moving",29,-14.69295,145.44156,"run_day_11652_liz21_del_07_29.json","07",11652
145.441686,-14.693416,3500,3.55,2021-11-26 07:51:00,0.0523461017461757,5820.62094379461,"moving",29,-14.69295,145.44156,"run_day_11652_liz21_del_07_29.json","07",11652
145.441784,-14.693891,3500,3.55,2021-11-26 08:03:00,0.0538591186173061,5988.86074379194,"moving",29,-14.69295,145.44156,"run_day_11652_liz21_del_07_29.json","07",11652
145.441909,-14.694328,3500,3.55,2021-11-26 08:15:00,0.0504178748820949,5606.21189908908,"moving",29,-14.69295,145.44156,"run_day_11652_liz21_del_07_29.json","07",11652
145.441712,-14.693196,3501,3.55,2021-11-26 07:21:00,0.0493354978780339,5485.85706752076,"moving",29,-14.69295,145.44156,"run_day_11652_liz21_del_07_29.json","07",11652
145.441793,-14.693629,3501,3.55,2021-11-26 07:33:00,0.0489292913562858,5440.68896313244,"moving",29,-14.69295,145.44156,"run_day_11652_liz21_del_07_29.json","07",11652
145.441905,-14.694047,3501,3.55,2021-11-26 07:45:00,0.0480152150580017,5339.04831619721,"moving",29,-14.69295,145.44156,"run_day_11652_liz21_del_07_29.json","07",11652
145.442028,-14.694469,3501,3.55,2021-11-26 07:57:00,0.0487535599592975,5421.14852333518,"moving",29,-14.69295,145.44156,"run_day_11652_liz21_del_07_29.json","07",11652
145.44173,-14.693587,3502,3.55,2021-11-26 07:31:00,0.0531702738122653,5912.26469622594,"moving",29,-14.69295,145.44156,"run_day_11652_liz21_del_07_29.json","07",11652
145.441851,-14.694045,3502,3.55,2021-11-26 07:43:00,0.0525639243410672,5844.8417112551,"moving",29,-14.69295,145.44156,"run_day_11652_liz21_del_07_29.json","07",11652
145.441986,-14.694492,3502,3.55,2021-11-26 07:55:00,0.0517816675141852,5757.85872077275,"moving",29,-14.69295,145.44156,"run_day_11652_liz21_del_07_29.json","07",11652
145.441616,-14.693584,3503,3.55,2021-11-26 07:14:00,0.0571123495855649,6350.60352266529,"moving",29,-14.69295,145.44156,"run_day_11652_liz21_del_07_29.json","07",11652
145.441764,-14.6941,3503,3.55,2021-11-26 07:26:00,0.059543890565893,6620.97854360611,"moving",29,-14.69295,145.44156,"run_day_11652_liz21_del_07_29.json","07",11652
145.441924,-14.694595,3503,3.55,2021-11-26 07:38:00,0.057669099789222,6412.51132072027,"moving",29,-14.69295,145.44156,"run_day_11652_liz21_del_07_29.json","07",11652
145.441561,-14.693584,3504,3.55,2021-11-26 08:01:00,0.0570421183685409,6342.79416764014,"moving",29,-14.69295,145.44156,"run_day_11652_liz21_del_07_29.json","07",11652
145.44169,-14.694098,3504,3.55,2021-11-26 08:13:00,0.0588142660749351,6539.84800185597,"moving",29,-14.69295,145.44156,"run_day_11652_liz21_del_07_29.json","07",11652
145.441851,-14.694588,3504,3.55,2021-11-26 08:25:00,0.0571711851497187,6357.14573890546,"moving",29,-14.69295,145.44156,"run_day_11652_liz21_del_07_29.json","07",11652
145.441679,-14.69329,3505,3.55,2021-11-26 07:37:00,0.050856321645734,5654.96495480948,"moving",29,-14.69295,145.44156,"run_day_11652_liz21_del_07_29.json","07",11652
145.441772,-14.693762,3505,3.55,2021-11-26 07:49:00,0.0534287334129928,5941.00409256942,"moving",29,-14.69295,145.44156,"run_day_11652_liz21_del_07_29.json","07",11652
145.441893,-14.694205,3505,3.55,2021-11-26 08:01:00,0.0509496046077217,5665.33754692488,"moving",29,-14.69295,145.44156,"run_day_11652_liz21_del_07_29.json","07",11652
145.442031,-14.694636,3505,3.55,2021-11-26 08:13:00,0.0501709251771235,5578.75234475989,"moving",29,-14.69295,145.44156,"run_day_11652_liz21_del_07_29.json","07",11652
145.441767,-14.693573,3506,3.55,2021-11-26 07:13:00,0.0522173601730583,5806.30553401572,"moving",29,-14.69295,145.44156,"run_day_11652_liz21_del_07_29.json","07",11652
145.441886,-14.694006,3506,3.55,2021-11-26 07:25:00,0.0498196559515483,5539.69298898957,"moving",29,-14.69295,145.44156,"run_day_11652_liz21_del_07_29.json","07",11652
145.442012,-14.694446,3506,3.55,2021-11-26 07:37:00,0.0507680625438194,5645.15099044637,"moving",29,-14.69295,145.44156,"run_day_11652_liz21_del_07_29.json","07",11652
145.441564,-14.693456,3507,3.55,2021-11-26 07:12:00,0.0569921537207646,6337.23835229583,"moving",29,-14.69295,145.44156,"run_day_11652_liz21_del_07_29.json","07",11652
145.441706,-14.693975,3507,3.55,2021-11-26 07:24:00,0.0596970407242573,6638.00806423102,"moving",29,-14.69295,145.44156,"run_day_11652_liz21_del_07_29.json","07",11652
145.441867,-14.694483,3507,3.55,2021-11-26 07:36:00,0.0590817841626419,6569.59465599462,"moving",29,-14.69295,145.44156,"run_day_11652_liz21_del_07_29.json","07",11652
145.44164,-14.693601,3508,3.55,2021-11-26 07:59:00,0.0555579424539851,6177.76133569349,"moving",29,-14.69295,145.44156,"run_day_11652_liz21_del_07_29.json","07",11652
145.441761,-14.6941,3508,3.55,2021-11-26 08:11:00,0.0569921449614212,6337.23737830129,"moving",29,-14.69295,145.44156,"run_day_11652_liz21_del_07_29.json","07",11652
145.44191,-14.694563,3508,3.55,2021-11-26 08:23:00,0.0539199651430818,5995.62656876214,"moving",29,-14.69295,145.44156,"run_day_11652_liz21_del_07_29.json","07",11652
145.441501,-14.693512,3509,3.55,2021-11-26 07:46:00,0.057816542802711,6428.90623578945,"moving",29,-14.69295,145.44156,"run_day_11652_liz21_del_07_29.json","07",11652
145.44164,-14.694042,3509,3.55,2021-11-26 07:58:00,0.0608001302545616,6760.6660236356,"moving",29,-14.69295,145.44156,"run_day_11652_liz21_del_07_29.json","07",11652
145.441811,-14.69456,3509,3.55,2021-11-26 08:10:00,0.0604642297063986,6723.31558682274,"moving",29,-14.69295,145.44156,"run_day_11652_liz21_del_07_29.json","07",11652
145.441633,-14.693304,3510,3.55,2021-11-26 07:39:00,0.0521374341524461,5797.41816601676,"moving",29,-14.69295,145.44156,"run_day_11652_liz21_del_07_29.json","07",11652
145.441734,-14.693797,3510,3.55,2021-11-26 07:51:00,0.0558851242717732,6214.14229392187,"moving",29,-14.69295,145.44156,"run_day_11652_liz21_del_07_29.json","07",11652
145.441865,-14.694266,3510,3.55,2021-11-26 08:03:00,0.0540203479152458,6006.7886237493,"moving",29,-14.69295,145.44156,"run_day_11652_liz21_del_07_29.json","07",11652
145.441692,-14.69351,3511,3.55,2021-11-26 07:54:00,0.0533498609533353,5932.23387520353,"moving",29,-14.69295,145.44156,"run_day_11652_liz21_del_07_29.json","07",11652
145.441798,-14.693985,3511,3.55,2021-11-26 08:06:00,0.0540341081207967,6008.31868879614,"moving",29,-14.69295,145.44156,"run_day_11652_liz21_del_07_29.json","07",11652
145.441928,-14.694424,3511,3.55,2021-11-26 08:18:00,0.0507776956923669,5646.22214769246,"moving",29,-14.69295,145.44156,"run_day_11652_liz21_del_07_29.json","07",11652
145.441531,-14.693525,3512,3.55,2021-11-26 08:02:00,0.0571361465260247,6353.24962171407,"moving",29,-14.69295,145.44156,"run_day_11652_liz21_del_07_29.json","07",11652
145.441657,-14.694039,3512,3.55,2021-11-26 08:14:00,0.0587389808433385,6531.47666605116,"moving",29,-14.69295,145.44156,"run_day_11652_liz21_del_07_29.json","07",11652
145.441818,-14.694537,3512,3.55,2021-11-26 08:26:00,0.0580195836091539,6451.48334336771,"moving",29,-14.69295,145.44156,"run_day_11652_liz21_del_07_29.json","07",11652
145.4417,-14.693305,3513,3.55,2021-11-26 07:26:00,0.0507267564805223,5640.55796576807,"moving",29,-14.69295,145.44156,"run_day_11652_liz21_del_07_29.json","07",11652
145.441794,-14.693761,3513,3.55,2021-11-26 07:38:00,0.0517030716380736,5749.11925809396,"moving",29,-14.69295,145.44156,"run_day_11652_liz21_del_07_29.json","07",11652
145.441917,-14.694197,3513,3.55,2021-11-26 07:50:00,0.0502536582546714,5587.95184324891,"moving",29,-14.69295,145.44156,"run_day_11652_liz21_del_07_29.json","07",11652
145.442053,-14.694632,3513,3.55,2021-11-26 08:02:00,0.0505332767452411,5619.04400079628,"moving",29,-14.69295,145.44156,"run_day_11652_liz21_del_07_29.json","07",11652
145.441746,-14.693538,3514,3.55,2021-11-26 07:58:00,0.0516136835471086,5739.17975587621,"moving",29,-14.69295,145.44156,"run_day_11652_liz21_del_07_29.json","07",11652
145.441842,-14.693969,3514,3.55,2021-11-26 08:10:00,0.0490247380533789,5451.30215161417,"moving",29,-14.69295,145.44156,"run_day_11652_liz21_del_07_29.json","07",11652
145.44196,-14.694379,3514,3.55,2021-11-26 08:22:00,0.0473236104747047,5262.14539529046,"moving",29,-14.69295,145.44156,"run_day_11652_liz21_del_07_29.json","07",11652
145.441633,-14.693477,3515,3.55,2021-11-26 07:39:00,0.0541846235158316,6025.05523710593,"moving",29,-14.69295,145.44156,"run_day_11652_liz21_del_07_29.json","07",11652
145.441754,-14.693982,3515,3.55,2021-11-26 07:51:00,0.0576418891834926,6409.48563941225,"moving",29,-14.69295,145.44156,"run_day_11652_liz21_del_07_29.json","07",11652
145.4419,-14.694459,3515,3.55,2021-11-26 08:03:00,0.0553158106019611,6150.83750216937,"moving",29,-14.69295,145.44156,"run_day_11652_liz21_del_07_29.json","07",11652
145.441544,-14.693322,3516,3.55,2021-11-26 07:37:00,0.0543794720184911,6046.72140206595,"moving",29,-14.69295,145.44156,"run_day_11652_liz21_del_07_29.json","07",11652
145.441662,-14.693832,3516,3.55,2021-11-26 07:49:00,0.0581123194010231,6461.79509294194,"moving",29,-14.69295,145.44156,"run_day_11652_liz21_del_07_29.json","07",11652
145.441812,-14.694342,3516,3.55,2021-11-26 08:01:00,0.05895977115359,6556.02742840342,"moving",29,-14.69295,145.44156,"run_day_11652_liz21_del_07_29.json","07",11652
145.441493,-14.693512,3517,3.55,2021-11-26 07:56:00,0.0579819024765555,6447.29339259255,"moving",29,-14.69295,145.44156,"run_day_11652_liz21_del_07_29.json","07",11652
145.441627,-14.694037,3517,3.55,2021-11-26 08:08:00,0.0601302144920656,6686.17478956681,"moving",29,-14.69295,145.44156,"run_day_11652_liz21_del_07_29.json","07",11652
145.441794,-14.694549,3517,3.55,2021-11-26 08:20:00,0.0596981634222916,6638.13290255659,"moving",29,-14.69295,145.44156,"run_day_11652_liz21_del_07_29.json","07",11652
145.441663,-14.693392,3518,3.55,2021-11-26 07:48:00,0.052664336787466,5856.00706586662,"moving",29,-14.69295,145.44156,"run_day_11652_liz21_del_07_29.json","07",11652
145.441764,-14.693879,3518,3.55,2021-11-26 08:00:00,0.0552308326046253,6141.38837998922,"moving",29,-14.69295,145.44156,"run_day_11652_liz21_del_07_29.json","07",11652
145.441892,-14.694329,3518,3.55,2021-11-26 08:12:00,0.051897164506431,5770.70140035319,"moving",29,-14.69295,145.44156,"run_day_11652_liz21_del_07_29.json","07",11652
145.441733,-14.693464,3519,3.55,2021-11-26 07:28:00,0.0515417185212614,5731.17761010616,"moving",29,-14.69295,145.44156,"run_day_11652_liz21_del_07_29.json","07",11652
145.441839,-14.693908,3519,3.55,2021-11-26 07:40:00,0.0506698928079376,5634.23501386627,"moving",29,-14.69295,145.44156,"run_day_11652_liz21_del_07_29.json","07",11652
145.441965,-14.694341,3519,3.55,2021-11-26 07:52:00,0.0500183769859787,5561.78975983578,"moving",29,-14.69295,145.44156,"run_day_11652_liz21_del_07_29.json","07",11652
145.44173,-14.693365,3520,3.55,2021-11-26 07:43:00,0.0503523855492186,5598.92981752391,"moving",29,-14.69295,145.44156,"run_day_11652_liz21_del_07_29.json","07",11652
145.441817,-14.693802,3520,3.55,2021-11-26 07:55:00,0.0494849937263532,5502.4802474083,"moving",29,-14.69295,145.44156,"run_day_11652_liz21_del_07_29.json","07",11652
145.44193,-14.694216,3520,3.55,2021-11-26 08:07:00,0.0476121328430352,5294.22761887228,"moving",29,-14.69295,145.44156,"run_day_11652_liz21_del_07_29.json","07",11652
145.44206,-14.694627,3520,3.55,2021-11-26 08:19:00,0.0477922940726567,5314.26063358424,"moving",29,-14.69295,145.44156,"run_day_11652_liz21_del_07_29.json","07",11652
145.441601,-14.693606,3521,3.55,2021-11-26 08:01:00,0.0564495164613109,6276.89984203628,"moving",29,-14.69295,145.44156,"run_day_11652_liz21_del_07_29.json","07",11652
145.441728,-14.694114,3521,3.55,2021-11-26 08:13:00,0.0581152018221074,6462.11560354296,"moving",29,-14.69295,145.44156,"run_day_11652_liz21_del_07_29.json","07",11652
145.441884,-14.69459,3521,3.55,2021-11-26 08:25:00,0.0555247061419195,6174.06562641142,"moving",29,-14.69295,145.44156,"run_day_11652_liz21_del_07_29.json","07",11652
145.441707,-14.693609,3522,3.55,2021-11-26 08:04:00,0.0539686198558694,6001.03672598148,"moving",29,-14.69295,145.44156,"run_day_11652_liz21_del_07_29.json","07",11652
145.441815,-14.69407,3522,3.55,2021-11-26 08:16:00,0.0525605767797479,5844.46947941976,"moving",29,-14.69295,145.44156,"run_day_11652_liz21_del_07_29.json","07",11652
145.441948,-14.694502,3522,3.55,2021-11-26 08:28:00,0.050121021157621,5573.20327097204,"moving",29,-14.69295,145.44156,"run_day_11652_liz21_del_07_29.json","07",11652
145.441456,-14.693451,3523,3.55,2021-11-26 07:34:00,0.0578395884681603,6431.46879686855,"moving",29,-14.69295,145.44156,"run_day_11652_liz21_del_07_29.json","07",11652
145.441602,-14.693984,3523,3.55,2021-11-26 07:46:00,0.0613120339605461,6817.58711867161,"moving",29,-14.69295,145.44156,"run_day_11652_liz21_del_07_29.json","07",11652
145.441778,-14.69452,3523,3.55,2021-11-26 07:58:00,0.0625345561975581,6953.52538913751,"moving",29,-14.69295,145.44156,"run_day_11652_liz21_del_07_29.json","07",11652
145.441677,-14.693208,3524,3.55,2021-11-26 07:44:00,0.0499218243314784,5551.05359450129,"moving",29,-14.69295,145.44156,"run_day_11652_liz21_del_07_29.json","07",11652
145.441761,-14.693675,3524,3.55,2021-11-26 07:56:00,0.0527081591576169,5860.87989110094,"moving",29,-14.69295,145.44156,"run_day_11652_liz21_del_07_29.json","07",11652
145.441871,-14.69411,3524,3.55,2021-11-26 08:08:00,0.0497957744130396,5537.03748306694,"moving",29,-14.69295,145.44156,"run_day_11652_liz21_del_07_29.json","07",11652
145.441999,-14.69453,3524,3.55,2021-11-26 08:20:00,0.0486888773075266,5413.95614061634,"moving",29,-14.69295,145.44156,"run_day_11652_liz21_del_07_29.json","07",11652
145.441704,-14.693391,3525,3.55,2021-11-26 07:25:00,0.0517501291111079,5754.35181035609,"moving",29,-14.69295,145.44156,"run_day_11652_liz21_del_07_29.json","07",11652
145.441807,-14.693852,3525,3.55,2021-11-26 07:37:00,0.0524443457884631,5831.54518287003,"moving",29,-14.69295,145.44156,"run_day_11652_liz21_del_07_29.json","07",11652
145.441936,-14.694294,3525,3.55,2021-11-26 07:49:00,0.0510691411848562,5678.6294078507,"moving",29,-14.69295,145.44156,"run_day_11652_liz21_del_07_29.json","07",11652
145.441562,-14.69355,3526,3.55,2021-11-26 07:37:00,0.056751102525888,6310.43468236395,"moving",29,-14.69295,145.44156,"run_day_11652_liz21_del_07_29.json","07",11652
145.441703,-14.694074,3526,3.55,2021-11-26 07:49:00,0.060207494407795,6694.76792412744,"moving",29,-14.69295,145.44156,"run_day_11652_liz21_del_07_29.json","07",11652
145.44187,-14.694582,3526,3.55,2021-11-26 08:01:00,0.0592741446243238,6590.98416342065,"moving",29,-14.69295,145.44156,"run_day_11652_liz21_del_07_29.json","07",11652
145.441645,-14.693146,3527,3.55,2021-11-26 07:26:00,0.0498289253364746,5540.72369756648,"moving",29,-14.69295,145.44156,"run_day_11652_liz21_del_07_29.json","07",11652
145.441735,-14.693619,3527,3.55,2021-11-26 07:38:00,0.053478618802152,5946.55109475761,"moving",29,-14.69295,145.44156,"run_day_11652_liz21_del_07_29.json","07",11652
145.441855,-14.694075,3527,3.55,2021-11-26 07:50:00,0.0523218506418672,5817.92434402999,"moving",29,-14.69295,145.44156,"run_day_11652_liz21_del_07_29.json","07",11652
145.44199,-14.694519,3527,3.55,2021-11-26 08:02:00,0.0514615509902818,5722.26338737961,"moving",29,-14.69295,145.44156,"run_day_11652_liz21_del_07_29.json","07",11652
145.441484,-14.693484,3528,3.55,2021-11-26 07:14:00,0.0588349161594342,6542.14418648705,"moving",29,-14.69295,145.44156,"run_day_11652_liz21_del_07_29.json","07",11652
145.441638,-14.694015,3528,3.55,2021-11-26 07:26:00,0.0613238884507308,6818.90527783812,"moving",29,-14.69295,145.44156,"run_day_11652_liz21_del_07_29.json","07",11652
145.441814,-14.694546,3528,3.55,2021-11-26 07:38:00,0.0620048951474215,6894.62976752109,"moving",29,-14.69295,145.44156,"run_day_11652_liz21_del_07_29.json","07",11652
145.441692,-14.693221,3529,3.55,2021-11-26 07:23:00,0.050071733207719,5567.72270099823,"moving",29,-14.69295,145.44156,"run_day_11652_liz21_del_07_29.json","07",11652
145.441779,-14.693675,3529,3.55,2021-11-26 07:35:00,0.0513424477627354,5709.01971272946,"moving",29,-14.69295,145.44156,"run_day_11652_liz21_del_07_29.json","07",11652
145.441898,-14.694109,3529,3.55,2021-11-26 07:47:00,0.0499271251292193,5551.64301631724,"moving",29,-14.69295,145.44156,"run_day_11652_liz21_del_07_29.json","07",11652
145.442029,-14.694542,3529,3.55,2021-11-26 07:59:00,0.0501667571666285,5578.28888313865,"moving",29,-14.69295,145.44156,"run_day_11652_liz21_del_07_29.json","07",11652
145.441564,-14.693601,3530,3.55,2021-11-26 08:08:00,0.0566474927391138,6298.91379972393,"moving",29,-14.69295,145.44156,"run_day_11652_liz21_del_07_29.json","07",11652
145.441691,-14.69411,3530,3.55,2021-11-26 08:20:00,0.0582232873981729,6474.1341712449,"moving",29,-14.69295,145.44156,"run_day_11652_liz21_del_07_29.json","07",11652
145.441852,-14.694595,3530,3.55,2021-11-26 08:32:00,0.0566415780655409,6298.25611802987,"moving",29,-14.69295,145.44156,"run_day_11652_liz21_del_07_29.json","07",11652
145.441582,-14.693185,3531,3.55,2021-11-26 07:15:00,0.0527775006405569,5868.59031220987,"moving",29,-14.69295,145.44156,"run_day_11652_liz21_del_07_29.json","07",11652
145.441689,-14.693675,3531,3.55,2021-11-26 07:27:00,0.0556877256781368,6192.19257178273,"moving",29,-14.69295,145.44156,"run_day_11652_liz21_del_07_29.json","07",11652
145.44183,-14.694168,3531,3.55,2021-11-26 07:39:00,0.0568782251575854,6324.5700740704,"moving",29,-14.69295,145.44156,"run_day_11652_liz21_del_07_29.json","07",11652
145.441983,-14.694641,3531,3.55,2021-11-26 07:51:00,0.0551095949043887,6127.90736280485,"moving",29,-14.69295,145.44156,"run_day_11652_liz21_del_07_29.json","07",11652
145.441746,-14.693456,3532,3.55,2021-11-26 07:45:00,0.0506444351585766,5631.40425241303,"moving",29,-14.69295,145.44156,"run_day_11652_liz21_del_07_29.json","07",11652
145.44184,-14.693887,3532,3.55,2021-11-26 07:57:00,0.0489798823507159,5446.31442504698,"moving",29,-14.69295,145.44156,"run_day_11652_liz21_del_07_29.json","07",11652
145.441956,-14.694298,3532,3.55,2021-11-26 08:09:00,0.0473736334710695,5267.70769870178,"moving",29,-14.69295,145.44156,"run_day_11652_liz21_del_07_29.json","07",11652
145.441767,-14.693169,3533,3.55,2021-11-26 07:40:00,0.0453479983559207,5042.46735066417,"moving",29,-14.69295,145.44156,"run_day_11652_liz21_del_07_29.json","07",11652
145.441832,-14.693549,3533,3.55,2021-11-26 07:52:00,0.0428285530350642,4762.31781302656,"moving",29,-14.69295,145.44156,"run_day_11652_liz21_del_07_29.json","07",11652
145.441916,-14.693916,3533,3.55,2021-11-26 08:04:00,0.0417967250815754,4647.58377942857,"moving",29,-14.69295,145.44156,"run_day_11652_liz21_del_07_29.json","07",11652
145.442016,-14.694279,3533,3.55,2021-11-26 08:16:00,0.0417722467177382,4644.86190955731,"moving",29,-14.69295,145.44156,"run_day_11652_liz21_del_07_29.json","07",11652
145.442134,-14.694657,3533,3.55,2021-11-26 08:28:00,0.0439060951440728,4882.13502879419,"moving",29,-14.69295,145.44156,"run_day_11652_liz21_del_07_29.json","07",11652
145.441501,-14.693557,3534,3.55,2021-11-26 07:54:00,0.0583313927009463,6486.15493245667,"moving",29,-14.69295,145.44156,"run_day_11652_liz21_del_07_29.json","07",11652
145.441639,-14.694086,3534,3.55,2021-11-26 08:06:00,0.0606659491565021,6745.74576627979,"moving",29,-14.69295,145.44156,"run_day_11652_liz21_del_07_29.json","07",11652
145.441811,-14.694598,3534,3.55,2021-11-26 08:18:00,0.0598621714994769,6656.36976866833,"moving",29,-14.69295,145.44156,"run_day_11652_liz21_del_07_29.json","07",11652
145.441769,-14.69362,3535,3.55,2021-11-26 07:11:00,0.0530412475331923,5897.9176285892,"moving",29,-14.69295,145.44156,"run_day_11652_liz21_del_07_29.json","07",11652
145.441894,-14.694059,3535,3.55,2021-11-26 07:23:00,0.0506322508733207,5630.04942170779,"moving",29,-14.69295,145.44156,"run_day_11652_liz21_del_07_29.json","07",11652
145.442024,-14.694505,3535,3.55,2021-11-26 07:35:00,0.0515264121811865,5729.47562274433,"moving",29,-14.69295,145.44156,"run_day_11652_liz21_del_07_29.json","07",11652
145.441481,-14.693323,3536,3.55,2021-11-26 07:52:00,0.0562021668210638,6249.39581693344,"moving",29,-14.69295,145.44156,"run_day_11652_liz21_del_07_29.json","07",11652
145.441602,-14.693839,3536,3.55,2021-11-26 08:04:00,0.0588340989872106,6542.05332108159,"moving",29,-14.69295,145.44156,"run_day_11652_liz21_del_07_29.json","07",11652
145.441753,-14.694354,3536,3.55,2021-11-26 08:16:00,0.0595239774076605,6618.76430143718,"moving",29,-14.69295,145.44156,"run_day_11652_liz21_del_07_29.json","07",11652
145.441711,-14.693499,3537,3.55,2021-11-26 07:45:00,0.0527644292363204,5867.13683837465,"moving",29,-14.69295,145.44156,"run_day_11652_liz21_del_07_29.json","07",11652
145.441817,-14.693963,3537,3.55,2021-11-26 07:57:00,0.0528391321306245,5875.44342122694,"moving",29,-14.69295,145.44156,"run_day_11652_liz21_del_07_29.json","07",11652
145.441946,-14.6944,3537,3.55,2021-11-26 08:09:00,0.0505343035993443,5619.15818176295,"moving",29,-14.69295,145.44156,"run_day_11652_liz21_del_07_29.json","07",11652
145.441544,-14.69332,3538,3.55,2021-11-26 07:16:00,0.0553444298134817,6154.01981329503,"moving",29,-14.69295,145.44156,"run_day_11652_liz21_del_07_29.json","07",11652
145.44167,-14.693828,3538,3.55,2021-11-26 07:28:00,0.0580900185985027,6459.31535684156,"moving",29,-14.69295,145.44156,"run_day_11652_liz21_del_07_29.json","07",11652
145.441826,-14.69434,3538,3.55,2021-11-26 07:40:00,0.0593529066002098,6599.74209555168,"moving",29,-14.69295,145.44156,"run_day_11652_liz21_del_07_29.json","07",11652
145.441503,-14.693595,3539,3.55,2021-11-26 07:39:00,0.0585937084029957,6515.32310770377,"moving",29,-14.69295,145.44156,"run_day_11652_liz21_del_07_29.json","07",11652
145.441654,-14.694131,3539,3.55,2021-11-26 07:51:00,0.0617737579714288,6868.92848619175,"moving",29,-14.69295,145.44156,"run_day_11652_liz21_del_07_29.json","07",11652
145.441836,-14.694656,3539,3.55,2021-11-26 08:03:00,0.0615720391332539,6846.49837477807,"moving",29,-14.69295,145.44156,"run_day_11652_liz21_del_07_29.json","07",11652
145.441716,-14.69364,3540,3.55,2021-11-26 07:52:00,0.0544823629545178,6058.16235214983,"moving",29,-14.69295,145.44156,"run_day_11652_liz21_del_07_29.json","07",11652
145.441833,-14.694108,3540,3.55,2021-11-26 08:04:00,0.0535392014883199,5953.28758210198,"moving",29,-14.69295,145.44156,"run_day_11652_liz21_del_07_29.json","07",11652
145.441971,-14.694547,3540,3.55,2021-11-26 08:16:00,0.0510213438691046,5673.31458883189,"moving",29,-14.69295,145.44156,"run_day_11652_liz21_del_07_29.json","07",11652
145.44169,-14.693152,3541,3.55,2021-11-26 08:06:00,0.0485629759926454,5399.95655314367,"moving",29,-14.69295,145.44156,"run_day_11652_liz21_del_07_29.json","07",11652
145.441763,-14.693591,3541,3.55,2021-11-26 08:18:00,0.0494420150506237,5497.70123671328,"moving",29,-14.69295,145.44156,"run_day_11652_liz21_del_07_29.json","07",11652
145.441854,-14.694002,3541,3.55,2021-11-26 08:30:00,0.0467374910434038,5196.97188812201,"moving",29,-14.69295,145.44156,"run_day_11652_liz21_del_07_29.json","07",11652
145.441969,-14.6944,3541,3.55,2021-11-26 08:42:00,0.0459516392115,5109.58915131997,"moving",29,-14.69295,145.44156,"run_day_11652_liz21_del_07_29.json","07",11652
145.441686,-14.693665,3542,3.55,2021-11-26 07:49:00,0.0555162802037718,6173.12870483718,"moving",29,-14.69295,145.44156,"run_day_11652_liz21_del_07_29.json","07",11652
145.441814,-14.694155,3542,3.55,2021-11-26 08:01:00,0.0561979905403671,6248.93143570772,"moving",29,-14.69295,145.44156,"run_day_11652_liz21_del_07_29.json","07",11652
145.441962,-14.694611,3542,3.55,2021-11-26 08:13:00,0.0531449620359509,5909.45015511542,"moving",29,-14.69295,145.44156,"run_day_11652_liz21_del_07_29.json","07",11652
145.441739,-14.693168,3543,3.55,2021-11-26 07:47:00,0.0473752654842119,5267.88917028344,"moving",29,-14.69295,145.44156,"run_day_11652_liz21_del_07_29.json","07",11652
145.441808,-14.693575,3543,3.55,2021-11-26 07:59:00,0.0458608232142473,5099.4908731673,"moving",29,-14.69295,145.44156,"run_day_11652_liz21_del_07_29.json","07",11652
145.441896,-14.693959,3543,3.55,2021-11-26 08:11:00,0.043735348412969,4863.14885855431,"moving",29,-14.69295,145.44156,"run_day_11652_liz21_del_07_29.json","07",11652
145.442002,-14.694337,3543,3.55,2021-11-26 08:23:00,0.0435505321264843,4842.59822513592,"moving",29,-14.69295,145.44156,"run_day_11652_liz21_del_07_29.json","07",11652
145.441649,-14.693481,3544,3.55,2021-11-26 08:03:00,0.0537765766632047,5979.68249726054,"moving",29,-14.69295,145.44156,"run_day_11652_liz21_del_07_29.json","07",11652
145.441754,-14.693967,3544,3.55,2021-11-26 08:15:00,0.0552082148831771,6138.87340411191,"moving",29,-14.69295,145.44156,"run_day_11652_liz21_del_07_29.json","07",11652
145.441888,-14.694419,3544,3.55,2021-11-26 08:27:00,0.0522858185698023,5813.91776041987,"moving",29,-14.69295,145.44156,"run_day_11652_liz21_del_07_29.json","07",11652
145.4415,-14.693451,3545,3.55,2021-11-26 07:36:00,0.0569790627658737,6335.78270452703,"moving",29,-14.69295,145.44156,"run_day_11652_liz21_del_07_29.json","07",11652
145.441638,-14.693977,3545,3.55,2021-11-26 07:48:00,0.060342560082335,6709.78654190012,"moving",29,-14.69295,145.44156,"run_day_11652_liz21_del_07_29.json","07",11652
145.441807,-14.694502,3545,3.55,2021-11-26 08:00:00,0.0611418707374625,6798.66583156323,"moving",29,-14.69295,145.44156,"run_day_11652_liz21_del_07_29.json","07",11652
145.441524,-14.693391,3546,3.55,2021-11-26 07:13:00,0.0569270624766418,6330.0005361804,"moving",29,-14.69295,145.44156,"run_day_11652_liz21_del_07_29.json","07",11652
145.441662,-14.693909,3546,3.55,2021-11-26 07:25:00,0.0594807359985351,6613.95607612148,"moving",29,-14.69295,145.44156,"run_day_11652_liz21_del_07_29.json","07",11652
145.441826,-14.694429,3546,3.55,2021-11-26 07:37:00,0.0604521551971273,6721.97296265005,"moving",29,-14.69295,145.44156,"run_day_11652_liz21_del_07_29.json","07",11652
145.441759,-14.693319,3547,3.55,2021-11-26 07:43:00,0.0479596243748003,5332.86691425651,"moving",29,-14.69295,145.44156,"run_day_11652_liz21_del_07_29.json","07",11652
145.441835,-14.693725,3547,3.55,2021-11-26 07:55:00,0.0458792458359536,5101.53937523654,"moving",29,-14.69295,145.44156,"run_day_11652_liz21_del_07_29.json","07",11652
145.441936,-14.694115,3547,3.55,2021-11-26 08:07:00,0.0447059831551163,4971.07851750603,"moving",29,-14.69295,145.44156,"run_day_11652_liz21_del_07_29.json","07",11652
145.442052,-14.694507,3547,3.55,2021-11-26 08:19:00,0.045338929554136,5041.45894591497,"moving",29,-14.69295,145.44156,"run_day_11652_liz21_del_07_29.json","07",11652
145.441592,-14.69339,3548,3.55,2021-11-26 07:53:00,0.0542290159363479,6029.99144904881,"moving",29,-14.69295,145.44156,"run_day_11652_liz21_del_07_29.json","07",11652
145.441702,-14.693894,3548,3.55,2021-11-26 08:05:00,0.0572775312881425,6368.97088996642,"moving",29,-14.69295,145.44156,"run_day_11652_liz21_del_07_29.json","07",11652
145.441842,-14.694375,3548,3.55,2021-11-26 08:17:00,0.0555640814984092,6178.4439662879,"moving",29,-14.69295,145.44156,"run_day_11652_liz21_del_07_29.json","07",11652
145.44169,-14.693187,3549,3.55,2021-11-26 08:02:00,0.049238674146517,5475.09075979729,"moving",29,-14.69295,145.44156,"run_day_11652_liz21_del_07_29.json","07",11652
145.441765,-14.693633,3549,3.55,2021-11-26 08:14:00,0.0502447421753874,5586.96042046697,"moving",29,-14.69295,145.44156,"run_day_11652_liz21_del_07_29.json","07",11652
145.441861,-14.694047,3549,3.55,2021-11-26 08:26:00,0.0471785069601523,5246.01062063393,"moving",29,-14.69295,145.44156,"run_day_11652_liz21_del_07_29.json","07",11652
145.441981,-14.694448,3549,3.55,2021-11-26 08:38:00,0.0464196468248465,5161.62922355513,"moving",29,-14.69295,145.44156,"run_day_11652_liz21_del_07_29.json","07",11652
145.441722,-14.69364,3550,3.55,2021-11-26 07:27:00,0.0543837161448994,6047.19332739059,"moving",29,-14.69295,145.44156,"run_day_11652_liz21_del_07_29.json","07",11652
145.441853,-14.694109,3550,3.55,2021-11-26 07:39:00,0.0540203505558568,6006.78891737185,"moving",29,-14.69295,145.44156,"run_day_11652_liz21_del_07_29.json","07",11652
145.441994,-14.694568,3550,3.55,2021-11-26 07:51:00,0.0532440003906975,5920.46271770647,"moving",29,-14.69295,145.44156,"run_day_11652_liz21_del_07_29.json","07",11652
145.441642,-14.693218,3551,3.55,2021-11-26 07:58:00,0.0509860274642978,5669.38758379005,"moving",29,-14.69295,145.44156,"run_day_11652_liz21_del_07_29.json","07",11652
145.441728,-14.693694,3551,3.55,2021-11-26 08:10:00,0.0537309905560969,5974.61355342467,"moving",29,-14.69295,145.44156,"run_day_11652_liz21_del_07_29.json","07",11652
145.441839,-14.694142,3551,3.55,2021-11-26 08:22:00,0.0512260261110656,5696.07421571219,"moving",29,-14.69295,145.44156,"run_day_11652_liz21_del_07_29.json","07",11652
145.441974,-14.694568,3551,3.55,2021-11-26 08:34:00,0.0495445859503763,5509.10660038713,"moving",29,-14.69295,145.44156,"run_day_11652_liz21_del_07_29.json","07",11652
145.441682,-14.693349,3552,3.55,2021-11-26 07:26:00,0.0517030753660286,5749.11967262364,"moving",29,-14.69295,145.44156,"run_day_11652_liz21_del_07_29.json","07",11652
145.441784,-14.693822,3552,3.55,2021-11-26 07:38:00,0.0537272467587376,5974.19726215193,"moving",29,-14.69295,145.44156,"run_day_11652_liz21_del_07_29.json","07",11652
145.441915,-14.694272,3552,3.55,2021-11-26 07:50:00,0.0519836966155327,5780.32333187716,"moving",29,-14.69295,145.44156,"run_day_11652_liz21_del_07_29.json","07",11652
145.441711,-14.693689,3553,3.55,2021-11-26 07:13:00,0.05677613465365,6313.2181279742,"moving",29,-14.69295,145.44156,"run_day_11652_liz21_del_07_29.json","07",11652
145.441854,-14.694172,3553,3.55,2021-11-26 07:25:00,0.0558661602573204,6212.03359172591,"moving",29,-14.69295,145.44156,"run_day_11652_liz21_del_07_29.json","07",11652
145.442003,-14.694643,3553,3.55,2021-11-26 07:37:00,0.0547699607399046,6090.14176679905,"moving",29,-14.69295,145.44156,"run_day_11652_liz21_del_07_29.json","07",11652
145.441697,-14.693181,3554,3.55,2021-11-26 07:24:00,0.0492463229602147,5475.94126907532,"moving",29,-14.69295,145.44156,"run_day_11652_liz21_del_07_29.json","07",11652
145.44178,-14.693626,3554,3.55,2021-11-26 07:36:00,0.0502806177832092,5590.94960604704,"moving",29,-14.69295,145.44156,"run_day_11652_liz21_del_07_29.json","07",11652
145.441893,-14.694052,3554,3.55,2021-11-26 07:48:00,0.0489034526970517,5437.81583531431,"moving",29,-14.69295,145.44156,"run_day_11652_liz21_del_07_29.json","07",11652
145.442018,-14.694476,3554,3.55,2021-11-26 08:00:00,0.0490261982108017,5451.46451371169,"moving",29,-14.69295,145.44156,"run_day_11652_liz21_del_07_29.json","07",11652
145.44151,-14.693578,3555,3.55,2021-11-26 07:35:00,0.0582439632004655,6476.43321556414,"moving",29,-14.69295,145.44156,"run_day_11652_liz21_del_07_29.json","07",11652
145.441661,-14.694111,3555,3.55,2021-11-26 07:47:00,0.0614519720676623,6833.14752622718,"moving",29,-14.69295,145.44156,"run_day_11652_liz21_del_07_29.json","07",11652
145.441841,-14.694636,3555,3.55,2021-11-26 07:59:00,0.0615039861447707,6838.93122771573,"moving",29,-14.69295,145.44156,"run_day_11652_liz21_del_07_29.json","07",11652
145.441588,-14.693614,3556,3.55,2021-11-26 07:15:00,0.0580402119328676,6453.77710830985,"moving",29,-14.69295,145.44156,"run_day_11652_liz21_del_07_29.json","07",11652
145.441743,-14.694137,3556,3.55,2021-11-26 07:27:00,0.0604974202441075,6727.00620622857,"moving",29,-14.69295,145.44156,"run_day_11652_liz21_del_07_29.json","07",11652
145.441911,-14.694641,3556,3.55,2021-11-26 07:39:00,0.0588833493565163,6547.52971228375,"moving",29,-14.69295,145.44156,"run_day_11652_liz21_del_07_29.json","07",11652
145.441573,-14.693588,3557,3.55,2021-11-26 07:59:00,0.0569104600127172,6328.15442642218,"moving",29,-14.69295,145.44156,"run_day_11652_liz21_del_07_29.json","07",11652
145.441702,-14.694102,3557,3.55,2021-11-26 08:11:00,0.0588142660150106,6539.84799519266,"moving",29,-14.69295,145.44156,"run_day_11652_liz21_del_07_29.json","07",11652
145.441862,-14.69459,3557,3.55,2021-11-26 08:23:00,0.0569266742896346,6329.95737175461,"moving",29,-14.69295,145.44156,"run_day_11652_liz21_del_07_29.json","07",11652
145.441741,-14.693145,3558,3.55,2021-11-26 08:07:00,0.0465541300550448,5176.58307647196,"moving",29,-14.69295,145.44156,"run_day_11652_liz21_del_07_29.json","07",11652
145.441804,-14.693537,3558,3.55,2021-11-26 08:19:00,0.0441119748317145,4905.02780555911,"moving",29,-14.69295,145.44156,"run_day_11652_liz21_del_07_29.json","07",11652
145.441882,-14.693908,3558,3.55,2021-11-26 08:31:00,0.0420977530201344,4681.0565589746,"moving",29,-14.69295,145.44156,"run_day_11652_liz21_del_07_29.json","07",11652
145.441982,-14.694274,3558,3.55,2021-11-26 08:43:00,0.0420946713069445,4680.7138881025,"moving",29,-14.69295,145.44156,"run_day_11652_liz21_del_07_29.json","07",11652
145.442102,-14.694652,3558,3.55,2021-11-26 08:55:00,0.0439687606122565,4889.10311093203,"moving",29,-14.69295,145.44156,"run_day_11652_liz21_del_07_29.json","07",11652
145.44162,-14.693363,3559,3.55,2021-11-26 07:55:00,0.053226429493585,5918.50892309097,"moving",29,-14.69295,145.44156,"run_day_11652_liz21_del_07_29.json","07",11652
145.441722,-14.69386,3559,3.55,2021-11-26 08:07:00,0.0563423303760516,6264.98129314855,"moving",29,-14.69295,145.44156,"run_day_11652_liz21_del_07_29.json","07",11652
145.441854,-14.694326,3559,3.55,2021-11-26 08:19:00,0.053726702550112,5974.13674891373,"moving",29,-14.69295,145.44156,"run_day_11652_liz21_del_07_29.json","07",11652
145.441632,-14.693606,3560,3.55,2021-11-26 07:45:00,0.0558832910773811,6213.93845200591,"moving",29,-14.69295,145.44156,"run_day_11652_liz21_del_07_29.json","07",11652
145.441765,-14.694117,3560,3.55,2021-11-26 07:57:00,0.0585937000591881,6515.32217991469,"moving",29,-14.69295,145.44156,"run_day_11652_liz21_del_07_29.json","07",11652
145.44192,-14.694594,3560,3.55,2021-11-26 08:09:00,0.055598365949584,6182.25622332133,"moving",29,-14.69295,145.44156,"run_day_11652_liz21_del_07_29.json","07",11652
145.441589,-14.693229,3561,3.55,2021-11-26 07:32:00,0.0520793820611109,5790.96306797918,"moving",29,-14.69295,145.44156,"run_day_11652_liz21_del_07_29.json","07",11652
145.441693,-14.693722,3561,3.55,2021-11-26 07:44:00,0.0559487446161286,6221.21655344557,"moving",29,-14.69295,145.44156,"run_day_11652_liz21_del_07_29.json","07",11652
145.441829,-14.694214,3561,3.55,2021-11-26 07:56:00,0.0566297695545213,6296.94307151326,"moving",29,-14.69295,145.44156,"run_day_11652_liz21_del_07_29.json","07",11652
145.441983,-14.694676,3561,3.55,2021-11-26 08:08:00,0.0539764022730376,6001.9020912876,"moving",29,-14.69295,145.44156,"run_day_11652_liz21_del_07_29.json","07",11652
145.441611,-14.693631,3562,3.55,2021-11-26 07:26:00,0.0568350688691176,6319.77131373997,"moving",29,-14.69295,145.44156,"run_day_11652_liz21_del_07_29.json","07",11652
145.44176,-14.69415,3562,3.55,2021-11-26 07:38:00,0.0598940890863296,6659.91884239708,"moving",29,-14.69295,145.44156,"run_day_11652_liz21_del_07_29.json","07",11652
145.441925,-14.694647,3562,3.55,2021-11-26 07:50:00,0.058043560460241,6454.14944756551,"moving",29,-14.69295,145.44156,"run_day_11652_liz21_del_07_29.json","07",11652
145.441515,-14.693435,3563,3.55,2021-11-26 07:42:00,0.0565009947604695,6282.623967735,"moving",29,-14.69295,145.44156,"run_day_11652_liz21_del_07_29.json","07",11652
145.441647,-14.693957,3563,3.55,2021-11-26 07:54:00,0.05975493232964,6644.4453170449,"moving",29,-14.69295,145.44156,"run_day_11652_liz21_del_07_29.json","07",11652
145.44181,-14.694475,3563,3.55,2021-11-26 08:06:00,0.0602080695797801,6694.83188033414,"moving",29,-14.69295,145.44156,"run_day_11652_liz21_del_07_29.json","07",11652
145.441716,-14.693613,3564,3.55,2021-11-26 07:35:00,0.0540152592767993,6006.22279297052,"moving",29,-14.69295,145.44156,"run_day_11652_liz21_del_07_29.json","07",11652
145.441841,-14.694083,3564,3.55,2021-11-26 07:47:00,0.0539633093328357,6000.4462227623,"moving",29,-14.69295,145.44156,"run_day_11652_liz21_del_07_29.json","07",11652
145.44198,-14.694537,3564,3.55,2021-11-26 07:59:00,0.0526498059002469,5854.3913049282,"moving",29,-14.69295,145.44156,"run_day_11652_liz21_del_07_29.json","07",11652
145.441662,-14.693512,3565,3.55,2021-11-26 08:04:00,0.0537168451983639,5973.0406614092,"moving",29,-14.69295,145.44156,"run_day_11652_liz21_del_07_29.json","07",11652
145.441768,-14.693994,3565,3.55,2021-11-26 08:16:00,0.0547951946611417,6092.94765081997,"moving",29,-14.69295,145.44156,"run_day_11652_liz21_del_07_29.json","07",11652
145.441902,-14.694441,3565,3.55,2021-11-26 08:28:00,0.0517516105622473,5754.51654020686,"moving",29,-14.69295,145.44156,"run_day_11652_liz21_del_07_29.json","07",11652
145.441641,-14.693381,3566,3.55,2021-11-26 08:03:00,0.0527940046883977,5870.42547859888,"moving",29,-14.69295,145.44156,"run_day_11652_liz21_del_07_29.json","07",11652
145.441738,-14.693865,3566,3.55,2021-11-26 08:15:00,0.0548202986624935,6095.73908840877,"moving",29,-14.69295,145.44156,"run_day_11652_liz21_del_07_29.json","07",11652
145.441864,-14.694317,3566,3.55,2021-11-26 08:27:00,0.0520552014121615,5788.27430249303,"moving",29,-14.69295,145.44156,"run_day_11652_liz21_del_07_29.json","07",11652
145.441585,-14.693532,3567,3.55,2021-11-26 07:34:00,0.0560042054656746,6227.38351854248,"moving",29,-14.69295,145.44156,"run_day_11652_liz21_del_07_29.json","07",11652
145.441723,-14.694051,3567,3.55,2021-11-26 07:46:00,0.0595884171692551,6625.92967600068,"moving",29,-14.69295,145.44156,"run_day_11652_liz21_del_07_29.json","07",11652
145.441884,-14.694551,3567,3.55,2021-11-26 07:58:00,0.0582318745410823,6475.08901797079,"moving",29,-14.69295,145.44156,"run_day_11652_liz21_del_07_29.json","07",11652
145.441591,-14.693175,3568,3.55,2021-11-26 07:25:00,0.0515984212215953,5737.48266271034,"moving",29,-14.69295,145.44156,"run_day_11652_liz21_del_07_29.json","07",11652
145.441693,-14.693662,3568,3.55,2021-11-26 07:37:00,0.0552520911602189,6143.75222351901,"moving",29,-14.69295,145.44156,"run_day_11652_liz21_del_07_29.json","07",11652
145.441826,-14.694151,3568,3.55,2021-11-26 07:49:00,0.0562246097779778,6251.89135988119,"moving",29,-14.69295,145.44156,"run_day_11652_liz21_del_07_29.json","07",11652
145.441976,-14.694615,3568,3.55,2021-11-26 08:01:00,0.0540581472803751,6010.99172138206,"moving",29,-14.69295,145.44156,"run_day_11652_liz21_del_07_29.json","07",11652
145.441726,-14.693456,3569,3.55,2021-11-26 07:43:00,0.0517038229591215,5749.20280118276,"moving",29,-14.69295,145.44156,"run_day_11652_liz21_del_07_29.json","07",11652
145.441825,-14.693905,3569,3.55,2021-11-26 07:55:00,0.0510494217474161,5676.43670645107,"moving",29,-14.69295,145.44156,"run_day_11652_liz21_del_07_29.json","07",11652
145.441947,-14.69433,3569,3.55,2021-11-26 08:07:00,0.0490458275905165,5453.64720114916,"moving",29,-14.69295,145.44156,"run_day_11652_liz21_del_07_29.json","07",11652
145.441672,-14.693547,3570,3.55,2021-11-26 07:34:00,0.0542285518806684,6029.93984841158,"moving",29,-14.69295,145.44156,"run_day_11652_liz21_del_07_29.json","07",11652
145.441798,-14.694039,3570,3.55,2021-11-26 07:46:00,0.0563615197205166,6267.1150508987,"moving",29,-14.69295,145.44156,"run_day_11652_liz21_del_07_29.json","07",11652
145.441942,-14.694507,3570,3.55,2021-11-26 07:58:00,0.0542952156509599,6037.35252145898,"moving",29,-14.69295,145.44156,"run_day_11652_liz21_del_07_29.json","07",11652
145.441691,-14.693161,3571,3.55,2021-11-26 07:41:00,0.0489680556208246,5444.99935268426,"moving",29,-14.69295,145.44156,"run_day_11652_liz21_del_07_29.json","07",11652
145.44177,-14.693612,3571,3.55,2021-11-26 07:53:00,0.0508636851907113,5655.78374365307,"moving",29,-14.69295,145.44156,"run_day_11652_liz21_del_07_29.json","07",11652
145.441872,-14.694036,3571,3.55,2021-11-26 08:05:00,0.048406282534211,5382.53303552738,"moving",29,-14.69295,145.44156,"run_day_11652_liz21_del_07_29.json","07",11652
145.441993,-14.694447,3571,3.55,2021-11-26 08:17:00,0.0475181007533702,5283.77172755976,"moving",29,-14.69295,145.44156,"run_day_11652_liz21_del_07_29.json","07",11652
145.441662,-14.693325,3572,3.55,2021-11-26 08:02:00,0.0517298942200984,5752.10179313463,"moving",29,-14.69295,145.44156,"run_day_11652_liz21_del_07_29.json","07",11652
145.441751,-14.693799,3572,3.55,2021-11-26 08:14:00,0.0535686540799173,5956.56256086414,"moving",29,-14.69295,145.44156,"run_day_11652_liz21_del_07_29.json","07",11652
145.441867,-14.694238,3572,3.55,2021-11-26 08:26:00,0.0503838453518049,5602.42798796473,"moving",29,-14.69295,145.44156,"run_day_11652_liz21_del_07_29.json","07",11652
145.442006,-14.694661,3572,3.55,2021-11-26 08:38:00,0.0493543638737994,5487.95487053598,"moving",29,-14.69295,145.44156,"run_day_11652_liz21_del_07_29.json","07",11652
145.441582,-14.693606,3573,3.55,2021-11-26 07:39:00,0.0569193332323227,6329.14108342532,"moving",29,-14.69295,145.44156,"run_day_11652_liz21_del_07_29.json","07",11652
145.441726,-14.694131,3573,3.55,2021-11-26 07:51:00,0.0603970507384656,6715.84562641137,"moving",29,-14.69295,145.44156,"run_day_11652_liz21_del_07_29.json","07",11652
145.441893,-14.694631,3573,3.55,2021-11-26 08:03:00,0.0584270335954085,6496.78971470062,"moving",29,-14.69295,145.44156,"run_day_11652_liz21_del_07_29.json","07",11652
145.44152,-14.693273,3574,3.55,2021-11-26 07:13:00,0.0555542817658027,6177.35428573958,"moving",29,-14.69295,145.44156,"run_day_11652_liz21_del_07_29.json","07",11652
145.441646,-14.693782,3574,3.55,2021-11-26 07:25:00,0.0581981515511638,6471.33919258057,"moving",29,-14.69295,145.44156,"run_day_11652_liz21_del_07_29.json","07",11652
145.441804,-14.694299,3574,3.55,2021-11-26 07:37:00,0.0599470366504918,6665.80634291011,"moving",29,-14.69295,145.44156,"run_day_11652_liz21_del_07_29.json","07",11652
145.4416,-14.693223,3575,3.55,2021-11-26 07:35:00,0.0517695299512446,5756.50908535192,"moving",29,-14.69295,145.44156,"run_day_11652_liz21_del_07_29.json","07",11652
145.441701,-14.693715,3575,3.55,2021-11-26 07:47:00,0.0557760553988989,6202.01438860341,"moving",29,-14.69295,145.44156,"run_day_11652_liz21_del_07_29.json","07",11652
145.441832,-14.6942,3575,3.55,2021-11-26 07:59:00,0.0557398150098622,6197.9846412029,"moving",29,-14.69295,145.44156,"run_day_11652_liz21_del_07_29.json","07",11652
145.441982,-14.694655,3575,3.55,2021-11-26 08:11:00,0.0531038412835305,5904.87773606646,"moving",29,-14.69295,145.44156,"run_day_11652_liz21_del_07_29.json","07",11652
145.441628,-14.693315,3576,3.55,2021-11-26 07:51:00,0.0524207938436918,5828.92632609885,"moving",29,-14.69295,145.44156,"run_day_11652_liz21_del_07_29.json","07",11652
145.441727,-14.693808,3576,3.55,2021-11-26 08:03:00,0.0558437066820822,6209.53686807438,"moving",29,-14.69295,145.44156,"run_day_11652_liz21_del_07_29.json","07",11652
145.441854,-14.694271,3576,3.55,2021-11-26 08:15:00,0.053264601528632,5922.75345972788,"moving",29,-14.69295,145.44156,"run_day_11652_liz21_del_07_29.json","07",11652
145.441563,-14.693549,3577,3.55,2021-11-26 07:45:00,0.0568109440172333,6317.08875260439,"moving",29,-14.69295,145.44156,"run_day_11652_liz21_del_07_29.json","07",11652
145.441699,-14.694072,3577,3.55,2021-11-26 07:57:00,0.0599664420836743,6667.96412862934,"moving",29,-14.69295,145.44156,"run_day_11652_liz21_del_07_29.json","07",11652
145.441863,-14.694574,3577,3.55,2021-11-26 08:09:00,0.0585406589577109,6509.4242785268,"moving",29,-14.69295,145.44156,"run_day_11652_liz21_del_07_29.json","07",11652
145.441656,-14.693257,3578,3.55,2021-11-26 07:51:00,0.0511838472125368,5691.38413618433,"moving",29,-14.69295,145.44156,"run_day_11652_liz21_del_07_29.json","07",11652
145.441745,-14.693736,3578,3.55,2021-11-26 08:03:00,0.0541157712702791,6017.39921671241,"moving",29,-14.69295,145.44156,"run_day_11652_liz21_del_07_29.json","07",11652
145.44186,-14.69418,3578,3.55,2021-11-26 08:15:00,0.0508964439597244,5659.42635257045,"moving",29,-14.69295,145.44156,"run_day_11652_liz21_del_07_29.json","07",11652
145.441996,-14.694607,3578,3.55,2021-11-26 08:27:00,0.0496824698076572,5524.43858578295,"moving",29,-14.69295,145.44156,"run_day_11652_liz21_del_07_29.json","07",11652
145.441643,-14.693494,3579,3.55,2021-11-26 07:35:00,0.0540757821655839,6012.95263114924,"moving",29,-14.69295,145.44156,"run_day_11652_liz21_del_07_29.json","07",11652
145.441767,-14.693997,3579,3.55,2021-11-26 07:47:00,0.0574992519762957,6393.62510562119,"moving",29,-14.69295,145.44156,"run_day_11652_liz21_del_07_29.json","07",11652
145.441913,-14.694473,3579,3.55,2021-11-26 07:59:00,0.0552091992404218,6138.98285964353,"moving",29,-14.69295,145.44156,"run_day_11652_liz21_del_07_29.json","07",11652
145.441581,-14.69354,3580,3.55,2021-11-26 07:56:00,0.0561900365441848,6248.0469916857,"moving",29,-14.69295,145.44156,"run_day_11652_liz21_del_07_29.json","07",11652
145.441707,-14.694054,3580,3.55,2021-11-26 08:08:00,0.0587389806284856,6531.47664216061,"moving",29,-14.69295,145.44156,"run_day_11652_liz21_del_07_29.json","07",11652
145.441862,-14.694539,3580,3.55,2021-11-26 08:20:00,0.0564476234151252,6276.68934490452,"moving",29,-14.69295,145.44156,"run_day_11652_liz21_del_07_29.json","07",11652
145.441576,-14.693565,3581,3.55,2021-11-26 07:37:00,0.0565941965514153,6292.98753404237,"moving",29,-14.69295,145.44156,"run_day_11652_liz21_del_07_29.json","07",11652
145.441717,-14.694088,3581,3.55,2021-11-26 07:49:00,0.0600998911652773,6682.80298946897,"moving",29,-14.69295,145.44156,"run_day_11652_liz21_del_07_29.json","07",11652
145.441882,-14.694591,3581,3.55,2021-11-26 08:01:00,0.0586791355694286,6524.82217520873,"moving",29,-14.69295,145.44156,"run_day_11652_liz21_del_07_29.json","07",11652
145.441721,-14.693136,3582,3.55,2021-11-26 07:59:00,0.0478318040596236,5318.65394368675,"moving",29,-14.69295,145.44156,"run_day_11652_liz21_del_07_29.json","07",11652
145.441789,-14.693551,3582,3.55,2021-11-26 08:11:00,0.0467219210079883,5195.24057917612,"moving",29,-14.69295,145.44156,"run_day_11652_liz21_del_07_29.json","07",11652
145.441873,-14.69394,3582,3.55,2021-11-26 08:23:00,0.0441883406593707,4913.5192981635,"moving",29,-14.69295,145.44156,"run_day_11652_liz21_del_07_29.json","07",11652
145.441979,-14.694319,3582,3.55,2021-11-26 08:35:00,0.0436578590237858,4854.53243160835,"moving",29,-14.69295,145.44156,"run_day_11652_liz21_del_07_29.json","07",11652
145.441595,-14.693623,3583,3.55,2021-11-26 07:35:00,0.0568109430569528,6317.08864582607,"moving",29,-14.69295,145.44156,"run_day_11652_liz21_del_07_29.json","07",11652
145.441741,-14.694145,3583,3.55,2021-11-26 07:47:00,0.0601305022024945,6686.20678150685,"moving",29,-14.69295,145.44156,"run_day_11652_liz21_del_07_29.json","07",11652
145.441909,-14.694644,3583,3.55,2021-11-26 07:59:00,0.0583544496311104,6488.71874611492,"moving",29,-14.69295,145.44156,"run_day_11652_liz21_del_07_29.json","07",11652
145.441716,-14.69327,3584,3.55,2021-11-26 07:27:00,0.0497925106928117,5536.67457393561,"moving",29,-14.69295,145.44156,"run_day_11652_liz21_del_07_29.json","07",11652
145.441802,-14.693709,3584,3.55,2021-11-26 07:39:00,0.0496832521766143,5524.52558124174,"moving",29,-14.69295,145.44156,"run_day_11652_liz21_del_07_29.json","07",11652
145.441918,-14.694131,3584,3.55,2021-11-26 07:51:00,0.048554665916608,5399.03251484828,"moving",29,-14.69295,145.44156,"run_day_11652_liz21_del_07_29.json","07",11652
145.442046,-14.694555,3584,3.55,2021-11-26 08:03:00,0.0491156660332172,5461.41288166223,"moving",29,-14.69295,145.44156,"run_day_11652_liz21_del_07_29.json","07",11652
145.441539,-14.693275,3585,3.55,2021-11-26 08:05:00,0.0539945726504477,6003.92254507083,"moving",29,-14.69295,145.44156,"run_day_11652_liz21_del_07_29.json","07",11652
145.441643,-14.693768,3585,3.55,2021-11-26 08:17:00,0.0559487441454827,6221.21650111213,"moving",29,-14.69295,145.44156,"run_day_11652_liz21_del_07_29.json","07",11652
145.441774,-14.69426,3585,3.55,2021-11-26 08:29:00,0.0564932420952388,6281.76191069337,"moving",29,-14.69295,145.44156,"run_day_11652_liz21_del_07_29.json","07",11652
145.441454,-14.693415,3586,3.55,2021-11-26 07:41:00,0.0576775387123668,6413.44968616032,"moving",29,-14.69295,145.44156,"run_day_11652_liz21_del_07_29.json","07",11652
145.441592,-14.693946,3586,3.55,2021-11-26 07:53:00,0.0608816065182337,6769.72577079788,"moving",29,-14.69295,145.44156,"run_day_11652_liz21_del_07_29.json","07",11652
145.441762,-14.694478,3586,3.55,2021-11-26 08:05:00,0.0619171526196639,6884.87324358348,"moving",29,-14.69295,145.44156,"run_day_11652_liz21_del_07_29.json","07",11652
145.441704,-14.693338,3587,3.55,2021-11-26 07:31:00,0.0508158134272202,5650.46064642334,"moving",29,-14.69295,145.44156,"run_day_11652_liz21_del_07_29.json","07",11652
145.441798,-14.693795,3587,3.55,2021-11-26 07:43:00,0.0518121240841615,5761.24533683711,"moving",29,-14.69295,145.44156,"run_day_11652_liz21_del_07_29.json","07",11652
145.441921,-14.694229,3587,3.55,2021-11-26 07:55:00,0.0500391468025451,5564.09925806531,"moving",29,-14.69295,145.44156,"run_day_11652_liz21_del_07_29.json","07",11652
145.442059,-14.694659,3587,3.55,2021-11-26 08:07:00,0.0500647182490754,5566.94267318644,"moving",29,-14.69295,145.44156,"run_day_11652_liz21_del_07_29.json","07",11652
145.441678,-14.693563,3588,3.55,2021-11-26 08:07:00,0.0538067274022711,5983.0351064793,"moving",29,-14.69295,145.44156,"run_day_11652_liz21_del_07_29.json","07",11652
145.441785,-14.694038,3588,3.55,2021-11-26 08:19:00,0.0540569045550047,6010.85353662567,"moving",29,-14.69295,145.44156,"run_day_11652_liz21_del_07_29.json","07",11652
145.44192,-14.694478,3588,3.55,2021-11-26 08:31:00,0.0510349987692513,5674.83294445205,"moving",29,-14.69295,145.44156,"run_day_11652_liz21_del_07_29.json","07",11652
145.441515,-14.693453,3589,3.55,2021-11-26 07:39:00,0.0566597638298211,6300.27828275498,"moving",29,-14.69295,145.44156,"run_day_11652_liz21_del_07_29.json","07",11652
145.44165,-14.693978,3589,3.55,2021-11-26 07:51:00,0.0601560870944965,6689.05169169623,"moving",29,-14.69295,145.44156,"run_day_11652_liz21_del_07_29.json","07",11652
145.441816,-14.694497,3589,3.55,2021-11-26 08:03:00,0.0604090367842523,6717.17841389339,"moving",29,-14.69295,145.44156,"run_day_11652_liz21_del_07_29.json","07",11652
145.441763,-14.693277,3590,3.55,2021-11-26 07:19:00,0.0479062398803369,5326.9308293107,"moving",29,-14.69295,145.44156,"run_day_11652_liz21_del_07_29.json","07",11652
145.441841,-14.693672,3590,3.55,2021-11-26 07:31:00,0.0447160650729235,4972.19957561704,"moving",29,-14.69295,145.44156,"run_day_11652_liz21_del_07_29.json","07",11652
145.441949,-14.694064,3590,3.55,2021-11-26 07:43:00,0.0451097317861295,5015.97331691439,"moving",29,-14.69295,145.44156,"run_day_11652_liz21_del_07_29.json","07",11652
145.442065,-14.694472,3590,3.55,2021-11-26 07:55:00,0.0470519052151607,5231.93314888652,"moving",29,-14.69295,145.44156,"run_day_11652_liz21_del_07_29.json","07",11652
145.441491,-14.693483,3591,3.55,2021-11-26 07:47:00,0.0577343076145086,6419.76210006967,"moving",29,-14.69295,145.44156,"run_day_11652_liz21_del_07_29.json","07",11652
145.441628,-14.694012,3591,3.55,2021-11-26 07:59:00,0.0606397239180285,6742.82965281147,"moving",29,-14.69295,145.44156,"run_day_11652_liz21_del_07_29.json","07",11652
145.441797,-14.694532,3591,3.55,2021-11-26 08:11:00,0.0606112591049576,6739.66451001011,"moving",29,-14.69295,145.44156,"run_day_11652_liz21_del_07_29.json","07",11652
145.441675,-14.693385,3592,3.55,2021-11-26 07:31:00,0.0520512681913689,5787.83694829552,"moving",29,-14.69295,145.44156,"run_day_11652_liz21_del_07_29.json","07",11652
145.441781,-14.693866,3592,3.55,2021-11-26 07:43:00,0.0546864396124553,6080.85464115905,"moving",29,-14.69295,145.44156,"run_day_11652_liz21_del_07_29.json","07",11652
145.441914,-14.694321,3592,3.55,2021-11-26 07:55:00,0.0525771951107244,5846.31735351365,"moving",29,-14.69295,145.44156,"run_day_11652_liz21_del_07_29.json","07",11652
145.441725,-14.693506,3593,3.55,2021-11-26 07:59:00,0.0523248513099845,5818.25800310117,"moving",29,-14.69295,145.44156,"run_day_11652_liz21_del_07_29.json","07",11652
145.441822,-14.69395,3593,3.55,2021-11-26 08:11:00,0.0504608936718074,5610.9953702555,"moving",29,-14.69295,145.44156,"run_day_11652_liz21_del_07_29.json","07",11652
145.441942,-14.694368,3593,3.55,2021-11-26 08:23:00,0.0482382841555778,5363.85246813886,"moving",29,-14.69295,145.44156,"run_day_11652_liz21_del_07_29.json","07",11652
145.441702,-14.693478,3594,3.55,2021-11-26 07:40:00,0.0526936556120662,5859.26717041734,"moving",29,-14.69295,145.44156,"run_day_11652_liz21_del_07_29.json","07",11652
145.44181,-14.693948,3594,3.55,2021-11-26 07:52:00,0.0535370428355306,5953.04755086342,"moving",29,-14.69295,145.44156,"run_day_11652_liz21_del_07_29.json","07",11652
145.441941,-14.694392,3594,3.55,2021-11-26 08:04:00,0.0513418184559477,5708.94973700736,"moving",29,-14.69295,145.44156,"run_day_11652_liz21_del_07_29.json","07",11652
145.441715,-14.693293,3595,3.55,2021-11-26 08:07:00,0.0496398604636352,5519.70064290005,"moving",29,-14.69295,145.44156,"run_day_11652_liz21_del_07_29.json","07",11652
145.441791,-14.693723,3595,3.55,2021-11-26 08:19:00,0.0485075536098858,5393.79386535825,"moving",29,-14.69295,145.44156,"run_day_11652_liz21_del_07_29.json","07",11652
145.44189,-14.694126,3595,3.55,2021-11-26 08:31:00,0.04605932156354,5121.56288255598,"moving",29,-14.69295,145.44156,"run_day_11652_liz21_del_07_29.json","07",11652
145.442012,-14.694524,3595,3.55,2021-11-26 08:43:00,0.0461599989864394,5132.75770121003,"moving",29,-14.69295,145.44156,"run_day_11652_liz21_del_07_29.json","07",11652
145.441663,-14.693151,3596,3.55,2021-11-26 08:04:00,0.0493156794942678,5483.65336379168,"moving",29,-14.69295,145.44156,"run_day_11652_liz21_del_07_29.json","07",11652
145.44174,-14.693608,3596,3.55,2021-11-26 08:16:00,0.0514865591099407,5725.04416341059,"moving",29,-14.69295,145.44156,"run_day_11652_liz21_del_07_29.json","07",11652
145.441838,-14.694038,3596,3.55,2021-11-26 08:28:00,0.0489619024480445,5444.31515108835,"moving",29,-14.69295,145.44156,"run_day_11652_liz21_del_07_29.json","07",11652
145.44196,-14.694449,3596,3.55,2021-11-26 08:40:00,0.0475476718795629,5287.05988676754,"moving",29,-14.69295,145.44156,"run_day_11652_liz21_del_07_29.json","07",11652
145.44167,-14.693166,3597,3.55,2021-11-26 07:30:00,0.0494170346732352,5494.923545482,"moving",29,-14.69295,145.44156,"run_day_11652_liz21_del_07_29.json","07",11652
145.441756,-14.69363,3597,3.55,2021-11-26 07:42:00,0.0524170769450125,5828.51302582286,"moving",29,-14.69295,145.44156,"run_day_11652_liz21_del_07_29.json","07",11652
145.44187,-14.694072,3597,3.55,2021-11-26 07:54:00,0.0506546083302767,5632.53545749397,"moving",29,-14.69295,145.44156,"run_day_11652_liz21_del_07_29.json","07",11652
145.442,-14.694504,3597,3.55,2021-11-26 08:06:00,0.0500298812907635,5563.06898016242,"moving",29,-14.69295,145.44156,"run_day_11652_liz21_del_07_29.json","07",11652
145.441621,-14.69353,3598,3.55,2021-11-26 07:59:00,0.0552520924764259,6143.75236987456,"moving",29,-14.69295,145.44156,"run_day_11652_liz21_del_07_29.json","07",11652
145.441738,-14.694032,3598,3.55,2021-11-26 08:11:00,0.0572208111709139,6362.66390069192,"moving",29,-14.69295,145.44156,"run_day_11652_liz21_del_07_29.json","07",11652
145.441884,-14.6945,3598,3.55,2021-11-26 08:23:00,0.0543569712983828,6044.21943614406,"moving",29,-14.69295,145.44156,"run_day_11652_liz21_del_07_29.json","07",11652
145.441722,-14.693359,3599,3.55,2021-11-26 07:48:00,0.0506809718992043,5635.46695260697,"moving",29,-14.69295,145.44156,"run_day_11652_liz21_del_07_29.json","07",11652
145.441809,-14.693801,3599,3.55,2021-11-26 08:00:00,0.0500310479297508,5563.19870449904,"moving",29,-14.69295,145.44156,"run_day_11652_liz21_del_07_29.json","07",11652
145.441921,-14.694215,3599,3.55,2021-11-26 08:12:00,0.0475847898163187,5291.1872130223,"moving",29,-14.69295,145.44156,"run_day_11652_liz21_del_07_29.json","07",11652
145.44205,-14.694625,3599,3.55,2021-11-26 08:24:00,0.0476545483177011,5298.94400446636,"moving",29,-14.69295,145.44156,"run_day_11652_liz21_del_07_29.json","07",11652
145.44168,-14.693294,3600,3.55,2021-11-26 07:11:00,0.0525085121189258,5838.68015327888,"moving",29,-14.69295,145.44156,"run_day_11652_liz21_del_07_29.json","07",11652
145.441781,-14.693767,3600,3.55,2021-11-26 07:23:00,0.0537053873852324,5971.76661071853,"moving",29,-14.69295,145.44156,"run_day_11652_liz21_del_07_29.json","07",11652
145.441913,-14.694216,3600,3.55,2021-11-26 07:35:00,0.0519059908444275,5771.68284435925,"moving",29,-14.69295,145.44156,"run_day_11652_liz21_del_07_29.json","07",11652
145.442055,-14.694667,3600,3.55,2021-11-26 07:47:00,0.0524231353554996,5829.18669033255,"moving",29,-14.69295,145.44156,"run_day_11652_liz21_del_07_29.json","07",11652
145.441597,-14.693582,3601,3.55,2021-11-26 07:27:00,0.0563533764903305,6266.2095650155,"moving",29,-14.69295,145.44156,"run_day_11652_liz21_del_07_29.json","07",11652
145.441743,-14.694101,3601,3.55,2021-11-26 07:39:00,0.0598085582971984,6650.40825257379,"moving",29,-14.69295,145.44156,"run_day_11652_liz21_del_07_29.json","07",11652
145.441906,-14.6946,3601,3.55,2021-11-26 07:51:00,0.0581901681451562,6470.45147833518,"moving",29,-14.69295,145.44156,"run_day_11652_liz21_del_07_29.json","07",11652
145.441609,-14.693455,3602,3.55,2021-11-26 07:54:00,0.0546200832569777,6073.47615107932,"moving",29,-14.69295,145.44156,"run_day_11652_liz21_del_07_29.json","07",11652
145.441723,-14.69396,3602,3.55,2021-11-26 08:06:00,0.0574765756078843,6391.10360849913,"moving",29,-14.69295,145.44156,"run_day_11652_liz21_del_07_29.json","07",11652
145.441865,-14.694434,3602,3.55,2021-11-26 08:18:00,0.0548747334776178,6101.79196368342,"moving",29,-14.69295,145.44156,"run_day_11652_liz21_del_07_29.json","07",11652
145.441514,-14.693443,3603,3.55,2021-11-26 07:47:00,0.0567172260860891,6306.66779412553,"moving",29,-14.69295,145.44156,"run_day_11652_liz21_del_07_29.json","07",11652
145.441643,-14.693966,3603,3.55,2021-11-26 07:59:00,0.0597872415792783,6648.03794168837,"moving",29,-14.69295,145.44156,"run_day_11652_liz21_del_07_29.json","07",11652
145.441805,-14.694479,3603,3.55,2021-11-26 08:11:00,0.0596448971359182,6632.20996175068,"moving",29,-14.69295,145.44156,"run_day_11652_liz21_del_07_29.json","07",11652
145.441458,-14.693429,3604,3.55,2021-11-26 07:56:00,0.0579760520951779,6446.64285986442,"moving",29,-14.69295,145.44156,"run_day_11652_liz21_del_07_29.json","07",11652
145.441589,-14.693953,3604,3.55,2021-11-26 08:08:00,0.0599456044401957,6665.6470883913,"moving",29,-14.69295,145.44156,"run_day_11652_liz21_del_07_29.json","07",11652
145.441752,-14.694471,3604,3.55,2021-11-26 08:20:00,0.0602080696730539,6694.83189070571,"moving",29,-14.69295,145.44156,"run_day_11652_liz21_del_07_29.json","07",11652
145.441724,-14.693175,3605,3.55,2021-11-26 08:04:00,0.0480510227448645,5343.02994931123,"moving",29,-14.69295,145.44156,"run_day_11652_liz21_del_07_29.json","07",11652
145.441792,-14.693588,3605,3.55,2021-11-26 08:16:00,0.046502285792112,5170.8182574582,"moving",29,-14.69295,145.44156,"run_day_11652_liz21_del_07_29.json","07",11652
145.441878,-14.693976,3605,3.55,2021-11-26 08:28:00,0.0441240948094484,4906.37548559417,"moving",29,-14.69295,145.44156,"run_day_11652_liz21_del_07_29.json","07",11652
145.441986,-14.694357,3605,3.55,2021-11-26 08:40:00,0.043928963005224,4884.67781893742,"moving",29,-14.69295,145.44156,"run_day_11652_liz21_del_07_29.json","07",11652
145.441738,-14.693638,3606,3.55,2021-11-26 07:51:00,0.0536214595950148,5962.43426624184,"moving",29,-14.69295,145.44156,"run_day_11652_liz21_del_07_29.json","07",11652
145.441852,-14.694089,3606,3.55,2021-11-26 08:03:00,0.0516261687634787,5740.56804859463,"moving",29,-14.69295,145.44156,"run_day_11652_liz21_del_07_29.json","07",11652
145.441983,-14.69452,3606,3.55,2021-11-26 08:15:00,0.0499533585671563,5554.56004152428,"moving",29,-14.69295,145.44156,"run_day_11652_liz21_del_07_29.json","07",11652
145.441513,-14.693424,3607,3.55,2021-11-26 07:48:00,0.0565840645529136,6291.8609072122,"moving",29,-14.69295,145.44156,"run_day_11652_liz21_del_07_29.json","07",11652
145.44164,-14.693945,3607,3.55,2021-11-26 08:00:00,0.059521209499882,6618.4565241348,"moving",29,-14.69295,145.44156,"run_day_11652_liz21_del_07_29.json","07",11652
145.4418,-14.694457,3607,3.55,2021-11-26 08:12:00,0.0594759625383904,6613.42529157085,"moving",29,-14.69295,145.44156,"run_day_11652_liz21_del_07_29.json","07",11652
145.441603,-14.693335,3608,3.55,2021-11-26 07:49:00,0.0533141676249013,5928.2649581666,"moving",29,-14.69295,145.44156,"run_day_11652_liz21_del_07_29.json","07",11652
145.441708,-14.693835,3608,3.55,2021-11-26 08:01:00,0.0567329191193641,6308.41277980937,"moving",29,-14.69295,145.44156,"run_day_11652_liz21_del_07_29.json","07",11652
145.441843,-14.694313,3608,3.55,2021-11-26 08:13:00,0.0550988938567505,6126.7174605977,"moving",29,-14.69295,145.44156,"run_day_11652_liz21_del_07_29.json","07",11652
145.441559,-14.693323,3609,3.55,2021-11-26 07:38:00,0.0540896197970701,6014.49130556728,"moving",29,-14.69295,145.44156,"run_day_11652_liz21_del_07_29.json","07",11652
145.441674,-14.69383,3609,3.55,2021-11-26 07:50:00,0.0577168220677658,6417.81779598226,"moving",29,-14.69295,145.44156,"run_day_11652_liz21_del_07_29.json","07",11652
145.441821,-14.694334,3609,3.55,2021-11-26 08:02:00,0.058229909726959,6474.87054060848,"moving",29,-14.69295,145.44156,"run_day_11652_liz21_del_07_29.json","07",11652
145.441607,-14.693276,3610,3.55,2021-11-26 08:01:00,0.0524423073108218,5831.31851449823,"moving",29,-14.69295,145.44156,"run_day_11652_liz21_del_07_29.json","07",11652
145.441701,-14.693761,3610,3.55,2021-11-26 08:13:00,0.0548690926906059,6101.16473678542,"moving",29,-14.69295,145.44156,"run_day_11652_liz21_del_07_29.json","07",11652
145.441824,-14.694229,3610,3.55,2021-11-26 08:25:00,0.0536945523449434,5970.56180920841,"moving",29,-14.69295,145.44156,"run_day_11652_liz21_del_07_29.json","07",11652
145.44197,-14.694668,3610,3.55,2021-11-26 08:37:00,0.0512782744037422,5701.88396078367,"moving",29,-14.69295,145.44156,"run_day_11652_liz21_del_07_29.json","07",11652
145.441736,-14.693513,3611,3.55,2021-11-26 07:35:00,0.0518508483413181,5765.55127777101,"moving",29,-14.69295,145.44156,"run_day_11652_liz21_del_07_29.json","07",11652
145.441845,-14.693959,3611,3.55,2021-11-26 07:47:00,0.0509598697785948,5666.47898184712,"moving",29,-14.69295,145.44156,"run_day_11652_liz21_del_07_29.json","07",11652
145.441971,-14.694392,3611,3.55,2021-11-26 07:59:00,0.0500183761282279,5561.78966445825,"moving",29,-14.69295,145.44156,"run_day_11652_liz21_del_07_29.json","07",11652
145.441559,-14.693585,3612,3.55,2021-11-26 07:18:00,0.0580071358464248,6450.09921530416,"moving",29,-14.69295,145.44156,"run_day_11652_liz21_del_07_29.json","07",11652
145.441714,-14.69411,3612,3.55,2021-11-26 07:30:00,0.0607112306305607,6750.78083646609,"moving",29,-14.69295,145.44156,"run_day_11652_liz21_del_07_29.json","07",11652
145.441884,-14.694623,3612,3.55,2021-11-26 07:42:00,0.0599019190565151,6660.78949535749,"moving",29,-14.69295,145.44156,"run_day_11652_liz21_del_07_29.json","07",11652
145.441628,-14.693416,3613,3.55,2021-11-26 07:21:00,0.0540341143854023,6008.31938538851,"moving",29,-14.69295,145.44156,"run_day_11652_liz21_del_07_29.json","07",11652
145.441751,-14.693917,3613,3.55,2021-11-26 07:33:00,0.0572580044485798,6366.79960447365,"moving",29,-14.69295,145.44156,"run_day_11652_liz21_del_07_29.json","07",11652
145.441897,-14.694399,3613,3.55,2021-11-26 07:45:00,0.0558491353405654,6210.14050735621,"moving",29,-14.69295,145.44156,"run_day_11652_liz21_del_07_29.json","07",11652
145.441763,-14.693446,3614,3.55,2021-11-26 07:21:00,0.0498048888172655,5538.05095857624,"moving",29,-14.69295,145.44156,"run_day_11652_liz21_del_07_29.json","07",11652
145.441862,-14.693863,3614,3.55,2021-11-26 07:33:00,0.0475752423168373,5290.12557951782,"moving",29,-14.69295,145.44156,"run_day_11652_liz21_del_07_29.json","07",11652
145.441982,-14.694281,3614,3.55,2021-11-26 07:45:00,0.0482382855305221,5363.85262102568,"moving",29,-14.69295,145.44156,"run_day_11652_liz21_del_07_29.json","07",11652
145.441615,-14.69362,3615,3.55,2021-11-26 08:04:00,0.0561881830023728,6247.84088723988,"moving",29,-14.69295,145.44156,"run_day_11652_liz21_del_07_29.json","07",11652
145.441739,-14.694123,3615,3.55,2021-11-26 08:16:00,0.0574992501922795,6393.62490724765,"moving",29,-14.69295,145.44156,"run_day_11652_liz21_del_07_29.json","07",11652
145.441893,-14.694593,3615,3.55,2021-11-26 08:28:00,0.0548237223195897,6096.11978170844,"moving",29,-14.69295,145.44156,"run_day_11652_liz21_del_07_29.json","07",11652
145.441471,-14.693371,3616,3.55,2021-11-26 07:30:00,0.0566821322153568,6302.76553374378,"moving",29,-14.69295,145.44156,"run_day_11652_liz21_del_07_29.json","07",11652
145.441608,-14.693895,3616,3.55,2021-11-26 07:42:00,0.0601005677447896,6682.87822167821,"moving",29,-14.69295,145.44156,"run_day_11652_liz21_del_07_29.json","07",11652
145.441775,-14.694427,3616,3.55,2021-11-26 07:54:00,0.0618226328659522,6874.36312650304,"moving",29,-14.69295,145.44156,"run_day_11652_liz21_del_07_29.json","07",11652
145.441723,-14.69322,3617,3.55,2021-11-26 07:44:00,0.0488914491128066,5436.48109764471,"moving",29,-14.69295,145.44156,"run_day_11652_liz21_del_07_29.json","07",11652
145.441799,-14.693648,3617,3.55,2021-11-26 07:56:00,0.0482883592968054,5369.42056979437,"moving",29,-14.69295,145.44156,"run_day_11652_liz21_del_07_29.json","07",11652
145.441898,-14.694053,3617,3.55,2021-11-26 08:08:00,0.0462757161740984,5145.62486540329,"moving",29,-14.69295,145.44156,"run_day_11652_liz21_del_07_29.json","07",11652
145.442015,-14.694451,3617,3.55,2021-11-26 08:20:00,0.0460100094773703,5116.07962875165,"moving",29,-14.69295,145.44156,"run_day_11652_liz21_del_07_29.json","07",11652
145.44163,-14.693316,3618,3.55,2021-11-26 07:42:00,0.0523551560224661,5821.62773338255,"moving",29,-14.69295,145.44156,"run_day_11652_liz21_del_07_29.json","07",11652
145.441732,-14.693811,3618,3.55,2021-11-26 07:54:00,0.0561242144768875,6240.72791174099,"moving",29,-14.69295,145.44156,"run_day_11652_liz21_del_07_29.json","07",11652
145.441863,-14.69428,3618,3.55,2021-11-26 08:06:00,0.0540203476795683,6006.78859754316,"moving",29,-14.69295,145.44156,"run_day_11652_liz21_del_07_29.json","07",11652
145.441721,-14.693164,3619,3.55,2021-11-26 07:18:00,0.0490579398480059,5454.99402273219,"moving",29,-14.69295,145.44156,"run_day_11652_liz21_del_07_29.json","07",11652
145.441799,-14.693584,3619,3.55,2021-11-26 07:30:00,0.0474494403705984,5276.13704133405,"moving",29,-14.69295,145.44156,"run_day_11652_liz21_del_07_29.json","07",11652
145.441906,-14.693992,3619,3.55,2021-11-26 07:42:00,0.0468045286267675,5204.42612728656,"moving",29,-14.69295,145.44156,"run_day_11652_liz21_del_07_29.json","07",11652
145.442024,-14.694405,3619,3.55,2021-11-26 07:54:00,0.0476450580640248,5297.88873640498,"moving",29,-14.69295,145.44156,"run_day_11652_liz21_del_07_29.json","07",11652
145.441533,-14.693527,3620,3.55,2021-11-26 07:38:00,0.0570919365715916,6348.33369907392,"moving",29,-14.69295,145.44156,"run_day_11652_liz21_del_07_29.json","07",11652
145.441674,-14.694054,3620,3.55,2021-11-26 07:50:00,0.0605303816528665,6730.67134765763,"moving",29,-14.69295,145.44156,"run_day_11652_liz21_del_07_29.json","07",11652
145.441845,-14.69457,3620,3.55,2021-11-26 08:02:00,0.0602524160787392,6699.76298603283,"moving",29,-14.69295,145.44156,"run_day_11652_liz21_del_07_29.json","07",11652
145.441549,-14.693271,3621,3.55,2021-11-26 07:54:00,0.053909539602192,5994.46730150767,"moving",29,-14.69295,145.44156,"run_day_11652_liz21_del_07_29.json","07",11652
145.441655,-14.693771,3621,3.55,2021-11-26 08:06:00,0.0567544289709076,6310.80456617389,"moving",29,-14.69295,145.44156,"run_day_11652_liz21_del_07_29.json","07",11652
145.441789,-14.694266,3621,3.55,2021-11-26 08:18:00,0.0568972257016668,6326.68283817575,"moving",29,-14.69295,145.44156,"run_day_11652_liz21_del_07_29.json","07",11652
145.441749,-14.69363,3622,3.55,2021-11-26 07:27:00,0.0530809286582745,5902.32996838188,"moving",29,-14.69295,145.44156,"run_day_11652_liz21_del_07_29.json","07",11652
145.441873,-14.694081,3622,3.55,2021-11-26 07:39:00,0.0518921479931322,5770.14358952492,"moving",29,-14.69295,145.44156,"run_day_11652_liz21_del_07_29.json","07",11652
145.442007,-14.694528,3622,3.55,2021-11-26 07:51:00,0.0517516089639255,5754.51636248158,"moving",29,-14.69295,145.44156,"run_day_11652_liz21_del_07_29.json","07",11652
145.441563,-14.693519,3623,3.55,2021-11-26 07:37:00,0.0562935169722684,6259.55349029561,"moving",29,-14.69295,145.44156,"run_day_11652_liz21_del_07_29.json","07",11652
145.4417,-14.694042,3623,3.55,2021-11-26 07:49:00,0.0599927705288893,6670.89171816369,"moving",29,-14.69295,145.44156,"run_day_11652_liz21_del_07_29.json","07",11652
145.441865,-14.694549,3623,3.55,2021-11-26 08:01:00,0.0591032393144519,6571.98036002627,"moving",29,-14.69295,145.44156,"run_day_11652_liz21_del_07_29.json","07",11652
145.44152,-14.693609,3624,3.55,2021-11-26 07:15:00,0.0594539916986557,6610.98224565822,"moving",29,-14.69295,145.44156,"run_day_11652_liz21_del_07_29.json","07",11652
145.441683,-14.694143,3624,3.55,2021-11-26 07:27:00,0.0619122661017205,6884.32988757921,"moving",29,-14.69295,145.44156,"run_day_11652_liz21_del_07_29.json","07",11652
145.441863,-14.694666,3624,3.55,2021-11-26 07:39:00,0.0612929409310741,6815.46407066005,"moving",29,-14.69295,145.44156,"run_day_11652_liz21_del_07_29.json","07",11652
145.441749,-14.69343,3625,3.55,2021-11-26 08:00:00,0.0499155147914459,5550.35200566021,"moving",29,-14.69295,145.44156,"run_day_11652_liz21_del_07_29.json","07",11652
145.441832,-14.693847,3625,3.55,2021-11-26 08:12:00,0.0472198615606864,5250.60904240674,"moving",29,-14.69295,145.44156,"run_day_11652_liz21_del_07_29.json","07",11652
145.441939,-14.694243,3625,3.55,2021-11-26 08:24:00,0.0455123357892613,5060.74083950944,"moving",29,-14.69295,145.44156,"run_day_11652_liz21_del_07_29.json","07",11652
145.442065,-14.694639,3625,3.55,2021-11-26 08:36:00,0.0460715418787149,5122.92171960542,"moving",29,-14.69295,145.44156,"run_day_11652_liz21_del_07_29.json","07",11652
145.441657,-14.69336,3626,3.55,2021-11-26 07:18:00,0.0531391535780331,5908.80428406334,"moving",29,-14.69295,145.44156,"run_day_11652_liz21_del_07_29.json","07",11652
145.441769,-14.693846,3626,3.55,2021-11-26 07:30:00,0.0553671397018361,6156.5450376647,"moving",29,-14.69295,145.44156,"run_day_11652_liz21_del_07_29.json","07",11652
145.441907,-14.694312,3626,3.55,2021-11-26 07:42:00,0.0539008347618759,5993.49936742727,"moving",29,-14.69295,145.44156,"run_day_11652_liz21_del_07_29.json","07",11652
145.44168,-14.693533,3627,3.55,2021-11-26 07:36:00,0.0538381750931696,5986.53193016191,"moving",29,-14.69295,145.44156,"run_day_11652_liz21_del_07_29.json","07",11652
145.441802,-14.694021,3627,3.55,2021-11-26 07:48:00,0.0558272029215359,6207.70173363108,"moving",29,-14.69295,145.44156,"run_day_11652_liz21_del_07_29.json","07",11652
145.441943,-14.694483,3627,3.55,2021-11-26 08:00:00,0.053563853045364,5956.02871017917,"moving",29,-14.69295,145.44156,"run_day_11652_liz21_del_07_29.json","07",11652
145.441644,-14.693474,3628,3.55,2021-11-26 08:09:00,0.0534287358814129,5941.00436704521,"moving",29,-14.69295,145.44156,"run_day_11652_liz21_del_07_29.json","07",11652
145.441747,-14.693958,3628,3.55,2021-11-26 08:21:00,0.0549467707331658,6109.80214102976,"moving",29,-14.69295,145.44156,"run_day_11652_liz21_del_07_29.json","07",11652
145.44188,-14.694409,3628,3.55,2021-11-26 08:33:00,0.0521493337586638,5798.74134185724,"moving",29,-14.69295,145.44156,"run_day_11652_liz21_del_07_29.json","07",11652
145.441743,-14.693319,3629,3.55,2021-11-26 07:48:00,0.0490737067126294,5456.74721808742,"moving",29,-14.69295,145.44156,"run_day_11652_liz21_del_07_29.json","07",11652
145.441821,-14.693739,3629,3.55,2021-11-26 08:00:00,0.0474494393183282,5276.13692432695,"moving",29,-14.69295,145.44156,"run_day_11652_liz21_del_07_29.json","07",11652
145.441923,-14.694135,3629,3.55,2021-11-26 08:12:00,0.0453793286350526,5045.951118754,"moving",29,-14.69295,145.44156,"run_day_11652_liz21_del_07_29.json","07",11652
145.442043,-14.694532,3629,3.55,2021-11-26 08:24:00,0.0459925711091215,5114.14057067342,"moving",29,-14.69295,145.44156,"run_day_11652_liz21_del_07_29.json","07",11652
145.441639,-14.69356,3630,3.55,2021-11-26 07:34:00,0.0550351332278428,6119.6276021435,"moving",29,-14.69295,145.44156,"run_day_11652_liz21_del_07_29.json","07",11652
145.441772,-14.694068,3630,3.55,2021-11-26 07:46:00,0.0582702675008356,6479.35812031423,"moving",29,-14.69295,145.44156,"run_day_11652_liz21_del_07_29.json","07",11652
145.441924,-14.694549,3630,3.55,2021-11-26 07:58:00,0.0559276644463789,6218.87254551659,"moving",29,-14.69295,145.44156,"run_day_11652_liz21_del_07_29.json","07",11652
145.441482,-14.693521,3631,3.55,2021-11-26 07:15:00,0.0593196562597044,6596.04482637827,"moving",29,-14.69295,145.44156,"run_day_11652_liz21_del_07_29.json","07",11652
145.44164,-14.694054,3631,3.55,2021-11-26 07:27:00,0.0616552374801951,6855.74960886314,"moving",29,-14.69295,145.44156,"run_day_11652_liz21_del_07_29.json","07",11652
145.441819,-14.694586,3631,3.55,2021-11-26 07:39:00,0.0622098935944454,6917.42455480016,"moving",29,-14.69295,145.44156,"run_day_11652_liz21_del_07_29.json","07",11652
145.441507,-14.693412,3632,3.55,2021-11-26 07:46:00,0.0565009950865404,6282.62400399243,"moving",29,-14.69295,145.44156,"run_day_11652_liz21_del_07_29.json","07",11652
145.441635,-14.693934,3632,3.55,2021-11-26 07:58:00,0.0596541735540925,6633.24145238909,"moving",29,-14.69295,145.44156,"run_day_11652_liz21_del_07_29.json","07",11652
145.441795,-14.69445,3632,3.55,2021-11-26 08:10:00,0.0599018546800869,6660.78233702528,"moving",29,-14.69295,145.44156,"run_day_11652_liz21_del_07_29.json","07",11652
145.441632,-14.693585,3633,3.55,2021-11-26 07:16:00,0.0566932208944223,6303.99853859905,"moving",29,-14.69295,145.44156,"run_day_11652_liz21_del_07_29.json","07",11652
145.441778,-14.694095,3633,3.55,2021-11-26 07:28:00,0.0588435022598966,6543.09891729813,"moving",29,-14.69295,145.44156,"run_day_11652_liz21_del_07_29.json","07",11652
145.441934,-14.694585,3633,3.55,2021-11-26 07:40:00,0.0570105952851124,6339.2889606907,"moving",29,-14.69295,145.44156,"run_day_11652_liz21_del_07_29.json","07",11652
145.441648,-14.693326,3634,3.55,2021-11-26 07:53:00,0.0522277226893208,5807.45779325138,"moving",29,-14.69295,145.44156,"run_day_11652_liz21_del_07_29.json","07",11652
145.441743,-14.693812,3634,3.55,2021-11-26 08:05:00,0.0549982685042579,6115.5284319087,"moving",29,-14.69295,145.44156,"run_day_11652_liz21_del_07_29.json","07",11652
145.441866,-14.694264,3634,3.55,2021-11-26 08:17:00,0.0519721292064781,5779.03709467586,"moving",29,-14.69295,145.44156,"run_day_11652_liz21_del_07_29.json","07",11652
145.442011,-14.694695,3634,3.55,2021-11-26 08:29:00,0.050398802056908,5604.09109769152,"moving",29,-14.69295,145.44156,"run_day_11652_liz21_del_07_29.json","07",11652
145.441557,-14.693536,3635,3.55,2021-11-26 07:36:00,0.056667433229716,6301.1310811137,"moving",29,-14.69295,145.44156,"run_day_11652_liz21_del_07_29.json","07",11652
145.441697,-14.69406,3635,3.55,2021-11-26 07:48:00,0.0601804917045449,6691.76536052035,"moving",29,-14.69295,145.44156,"run_day_11652_liz21_del_07_29.json","07",11652
145.441864,-14.694569,3635,3.55,2021-11-26 08:00:00,0.0593801209649951,6602.76819484765,"moving",29,-14.69295,145.44156,"run_day_11652_liz21_del_07_29.json","07",11652
145.441696,-14.693185,3636,3.55,2021-11-26 07:44:00,0.0490773910518985,5457.15689792218,"moving",29,-14.69295,145.44156,"run_day_11652_liz21_del_07_29.json","07",11652
145.441775,-14.693635,3636,3.55,2021-11-26 07:56:00,0.050754056102005,5643.59354517627,"moving",29,-14.69295,145.44156,"run_day_11652_liz21_del_07_29.json","07",11652
145.441878,-14.694056,3636,3.55,2021-11-26 08:08:00,0.0481060935462266,5349.15354302895,"moving",29,-14.69295,145.44156,"run_day_11652_liz21_del_07_29.json","07",11652
145.441999,-14.694465,3636,3.55,2021-11-26 08:20:00,0.0473042534930963,5259.99299714046,"moving",29,-14.69295,145.44156,"run_day_11652_liz21_del_07_29.json","07",11652
145.44159,-14.693352,3637,3.55,2021-11-26 07:13:00,0.0550652408826208,6122.97542060798,"moving",29,-14.69295,145.44156,"run_day_11652_liz21_del_07_29.json","07",11652
145.441714,-14.693858,3637,3.55,2021-11-26 07:25:00,0.0578237924918906,6429.71236444596,"moving",29,-14.69295,145.44156,"run_day_11652_liz21_del_07_29.json","07",11652
145.441865,-14.694354,3637,3.55,2021-11-26 07:37:00,0.057494328414406,6393.07763051804,"moving",29,-14.69295,145.44156,"run_day_11652_liz21_del_07_29.json","07",11652
145.441642,-14.693369,3638,3.55,2021-11-26 07:58:00,0.0528147087207352,5872.72766195588,"moving",29,-14.69295,145.44156,"run_day_11652_liz21_del_07_29.json","07",11652
145.44174,-14.693857,3638,3.55,2021-11-26 08:10:00,0.0552774232187681,6146.56901991115,"moving",29,-14.69295,145.44156,"run_day_11652_liz21_del_07_29.json","07",11652
145.441866,-14.694311,3638,3.55,2021-11-26 08:22:00,0.0522699544536884,5812.15375119231,"moving",29,-14.69295,145.44156,"run_day_11652_liz21_del_07_29.json","07",11652
145.44178,-14.693193,3639,3.55,2021-11-26 07:11:00,0.0459509199710281,5109.50917542846,"moving",29,-14.69295,145.44156,"run_day_11652_liz21_del_07_29.json","07",11652
145.441849,-14.693563,3639,3.55,2021-11-26 07:23:00,0.0418061419556024,4648.63088804522,"moving",29,-14.69295,145.44156,"run_day_11652_liz21_del_07_29.json","07",11652
145.441946,-14.69393,3639,3.55,2021-11-26 07:35:00,0.0421211063278837,4683.65332831668,"moving",29,-14.69295,145.44156,"run_day_11652_liz21_del_07_29.json","07",11652
145.442053,-14.694316,3639,3.55,2021-11-26 07:47:00,0.044437413255563,4941.21490722626,"moving",29,-14.69295,145.44156,"run_day_11652_liz21_del_07_29.json","07",11652
145.441686,-14.693244,3640,3.55,2021-11-26 07:45:00,0.0502296162561518,5585.27849498714,"moving",29,-14.69295,145.44156,"run_day_11652_liz21_del_07_29.json","07",11652
145.441771,-14.693707,3640,3.55,2021-11-26 07:57:00,0.0522887168366034,5814.24003298421,"moving",29,-14.69295,145.44156,"run_day_11652_liz21_del_07_29.json","07",11652
145.441881,-14.694138,3640,3.55,2021-11-26 08:09:00,0.0493638444134049,5489.00905844197,"moving",29,-14.69295,145.44156,"run_day_11652_liz21_del_07_29.json","07",11652
145.442011,-14.694556,3640,3.55,2021-11-26 08:21:00,0.0485371363700801,5397.083318208,"moving",29,-14.69295,145.44156,"run_day_11652_liz21_del_07_29.json","07",11652
145.44156,-14.693487,3641,3.55,2021-11-26 07:45:00,0.056112611890315,6239.43776297817,"moving",29,-14.69295,145.44156,"run_day_11652_liz21_del_07_29.json","07",11652
145.44169,-14.694007,3641,3.55,2021-11-26 07:57:00,0.0594880035639566,6614.7641925254,"moving",29,-14.69295,145.44156,"run_day_11652_liz21_del_07_29.json","07",11652
145.441849,-14.694509,3641,3.55,2021-11-26 08:09:00,0.0583808651476994,6491.65601754432,"moving",29,-14.69295,145.44156,"run_day_11652_liz21_del_07_29.json","07",11652
145.441771,-14.693388,3642,3.55,2021-11-26 08:09:00,0.0468486676363618,5209.33416122056,"moving",29,-14.69295,145.44156,"run_day_11652_liz21_del_07_29.json","07",11652
145.441843,-14.693776,3642,3.55,2021-11-26 08:21:00,0.0438331573151898,4874.02471226193,"moving",29,-14.69295,145.44156,"run_day_11652_liz21_del_07_29.json","07",11652
145.441938,-14.694148,3642,3.55,2021-11-26 08:33:00,0.0426078760994884,4737.77965736306,"moving",29,-14.69295,145.44156,"run_day_11652_liz21_del_07_29.json","07",11652
145.442053,-14.694528,3642,3.55,2021-11-26 08:45:00,0.0440272998620134,4895.61237851457,"moving",29,-14.69295,145.44156,"run_day_11652_liz21_del_07_29.json","07",11652
145.441586,-14.693536,3643,3.55,2021-11-26 07:45:00,0.0561271164710208,6241.05059876577,"moving",29,-14.69295,145.44156,"run_day_11652_liz21_del_07_29.json","07",11652
145.441717,-14.694054,3643,3.55,2021-11-26 07:57:00,0.0592973323679925,6593.56252287695,"moving",29,-14.69295,145.44156,"run_day_11652_liz21_del_07_29.json","07",11652
145.441876,-14.694546,3643,3.55,2021-11-26 08:09:00,0.0573186186552235,6373.53959673501,"moving",29,-14.69295,145.44156,"run_day_11652_liz21_del_07_29.json","07",11652
145.441511,-14.693485,3644,3.55,2021-11-26 07:37:00,0.0571687856225542,6356.87892365842,"moving",29,-14.69295,145.44156,"run_day_11652_liz21_del_07_29.json","07",11652
145.441651,-14.694012,3644,3.55,2021-11-26 07:49:00,0.0605035235284732,6727.68486048591,"moving",29,-14.69295,145.44156,"run_day_11652_liz21_del_07_29.json","07",11652
145.441822,-14.694535,3644,3.55,2021-11-26 08:01:00,0.0609940931697472,6782.23371576142,"moving",29,-14.69295,145.44156,"run_day_11652_liz21_del_07_29.json","07",11652
145.441644,-14.693607,3645,3.55,2021-11-26 08:05:00,0.0552774255187234,6146.56927565451,"moving",29,-14.69295,145.44156,"run_day_11652_liz21_del_07_29.json","07",11652
145.441762,-14.694099,3645,3.55,2021-11-26 08:17:00,0.0561608273903879,6244.79908197191,"moving",29,-14.69295,145.44156,"run_day_11652_liz21_del_07_29.json","07",11652
145.441909,-14.694556,3645,3.55,2021-11-26 08:29:00,0.0532190093666191,5917.68384261729,"moving",29,-14.69295,145.44156,"run_day_11652_liz21_del_07_29.json","07",11652
145.44178,-14.693547,3646,3.55,2021-11-26 07:35:00,0.0490009534481013,5448.65742417506,"moving",29,-14.69295,145.44156,"run_day_11652_liz21_del_07_29.json","07",11652
145.441883,-14.693963,3646,3.55,2021-11-26 07:47:00,0.0475652361860993,5289.01294854443,"moving",29,-14.69295,145.44156,"run_day_11652_liz21_del_07_29.json","07",11652
145.442002,-14.694377,3646,3.55,2021-11-26 07:59:00,0.0477809447390922,5312.99864527108,"moving",29,-14.69295,145.44156,"run_day_11652_liz21_del_07_29.json","07",11652
145.441484,-14.693437,3647,3.55,2021-11-26 07:21:00,0.0576775383443111,6413.4496452344,"moving",29,-14.69295,145.44156,"run_day_11652_liz21_del_07_29.json","07",11652
145.44163,-14.693962,3647,3.55,2021-11-26 07:33:00,0.0604525765761237,6722.01981785665,"moving",29,-14.69295,145.44156,"run_day_11652_liz21_del_07_29.json","07",11652
145.441803,-14.694493,3647,3.55,2021-11-26 07:45:00,0.0619071459379316,6883.7605513423,"moving",29,-14.69295,145.44156,"run_day_11652_liz21_del_07_29.json","07",11652
145.44173,-14.693401,3648,3.55,2021-11-26 07:59:00,0.050863686561472,5655.78389607471,"moving",29,-14.69295,145.44156,"run_day_11652_liz21_del_07_29.json","07",11652
145.441814,-14.693834,3648,3.55,2021-11-26 08:11:00,0.0489877736977219,5447.19190279843,"moving",29,-14.69295,145.44156,"run_day_11652_liz21_del_07_29.json","07",11652
145.441923,-14.694239,3648,3.55,2021-11-26 08:23:00,0.0465349841499814,5174.45414896288,"moving",29,-14.69295,145.44156,"run_day_11652_liz21_del_07_29.json","07",11652
145.442052,-14.694642,3648,3.55,2021-11-26 08:35:00,0.0469104534329661,5216.20442834166,"moving",29,-14.69295,145.44156,"run_day_11652_liz21_del_07_29.json","07",11652
145.441513,-14.69344,3649,3.55,2021-11-26 07:27:00,0.0566555779401016,6299.81283305468,"moving",29,-14.69295,145.44156,"run_day_11652_liz21_del_07_29.json","07",11652
145.441653,-14.693963,3649,3.55,2021-11-26 07:39:00,0.0600728420146357,6679.79526114758,"moving",29,-14.69295,145.44156,"run_day_11652_liz21_del_07_29.json","07",11652
145.441821,-14.694486,3649,3.55,2021-11-26 07:51:00,0.0608975708671246,6771.50092540174,"moving",29,-14.69295,145.44156,"run_day_11652_liz21_del_07_29.json","07",11652
145.441733,-14.693143,3650,3.55,2021-11-26 07:59:00,0.0473395994917306,5263.92329286577,"moving",29,-14.69295,145.44156,"run_day_11652_liz21_del_07_29.json","07",11652
145.4418,-14.693547,3650,3.55,2021-11-26 08:11:00,0.0454970990759761,5059.04659429338,"moving",29,-14.69295,145.44156,"run_day_11652_liz21_del_07_29.json","07",11652
145.441882,-14.693926,3650,3.55,2021-11-26 08:23:00,0.0430559020553224,4787.59787065688,"moving",29,-14.69295,145.44156,"run_day_11652_liz21_del_07_29.json","07",11652
145.441985,-14.694298,3650,3.55,2021-11-26 08:35:00,0.04282237588826,4761.63094564079,"moving",29,-14.69295,145.44156,"run_day_11652_liz21_del_07_29.json","07",11652
145.44159,-14.693189,3651,3.55,2021-11-26 07:15:00,0.0527539312220166,5865.96951244423,"moving",29,-14.69295,145.44156,"run_day_11652_liz21_del_07_29.json","07",11652
145.441696,-14.693678,3651,3.55,2021-11-26 07:27:00,0.0555567634485231,6177.63023626763,"moving",29,-14.69295,145.44156,"run_day_11652_liz21_del_07_29.json","07",11652
145.441835,-14.694167,3651,3.55,2021-11-26 07:39:00,0.0563922597720485,6270.53318867384,"moving",29,-14.69295,145.44156,"run_day_11652_liz21_del_07_29.json","07",11652
145.441987,-14.694638,3651,3.55,2021-11-26 07:51:00,0.0548652455834125,6100.73695798325,"moving",29,-14.69295,145.44156,"run_day_11652_liz21_del_07_29.json","07",11652
145.441738,-14.693181,3652,3.55,2021-11-26 07:28:00,0.0475779817953793,5290.43019563335,"moving",29,-14.69295,145.44156,"run_day_11652_liz21_del_07_29.json","07",11652
145.441812,-14.693589,3652,3.55,2021-11-26 07:40:00,0.0460604356355308,5121.68676170926,"moving",29,-14.69295,145.44156,"run_day_11652_liz21_del_07_29.json","07",11652
145.441911,-14.693984,3652,3.55,2021-11-26 07:52:00,0.0451943301771557,5025.3802287988,"moving",29,-14.69295,145.44156,"run_day_11652_liz21_del_07_29.json","07",11652
145.442025,-14.694383,3652,3.55,2021-11-26 08:04:00,0.0460299715737029,5118.29931258902,"moving",29,-14.69295,145.44156,"run_day_11652_liz21_del_07_29.json","07",11652
145.441614,-14.693563,3653,3.55,2021-11-26 08:09:00,0.055100720487045,6126.9205726193,"moving",29,-14.69295,145.44156,"run_day_11652_liz21_del_07_29.json","07",11652
145.441731,-14.69406,3653,3.55,2021-11-26 08:21:00,0.0566785801687631,6302.37056418335,"moving",29,-14.69295,145.44156,"run_day_11652_liz21_del_07_29.json","07",11652
145.441878,-14.694527,3653,3.55,2021-11-26 08:33:00,0.0542817582248272,6035.85612394734,"moving",29,-14.69295,145.44156,"run_day_11652_liz21_del_07_29.json","07",11652
145.441569,-14.693379,3654,3.55,2021-11-26 07:59:00,0.0546230411614388,6073.8050550489,"moving",29,-14.69295,145.44156,"run_day_11652_liz21_del_07_29.json","07",11652
145.441678,-14.693881,3654,3.55,2021-11-26 08:11:00,0.0570377510193022,6342.30854056192,"moving",29,-14.69295,145.44156,"run_day_11652_liz21_del_07_29.json","07",11652
145.441819,-14.694368,3654,3.55,2021-11-26 08:23:00,0.0562354862774698,6253.10077144435,"moving",29,-14.69295,145.44156,"run_day_11652_liz21_del_07_29.json","07",11652
145.441537,-14.693388,3655,3.55,2021-11-26 07:16:00,0.0563357632003396,6264.25105652699,"moving",29,-14.69295,145.44156,"run_day_11652_liz21_del_07_29.json","07",11652
145.441672,-14.693904,3655,3.55,2021-11-26 07:28:00,0.0591854180708486,6581.11822081556,"moving",29,-14.69295,145.44156,"run_day_11652_liz21_del_07_29.json","07",11652
145.441833,-14.69442,3655,3.55,2021-11-26 07:40:00,0.0599328444618367,6664.22824353368,"moving",29,-14.69295,145.44156,"run_day_11652_liz21_del_07_29.json","07",11652
145.441722,-14.693546,3656,3.55,2021-11-26 07:33:00,0.0529319246094021,5885.76147409778,"moving",29,-14.69295,145.44156,"run_day_11652_liz21_del_07_29.json","07",11652
145.441839,-14.694007,3656,3.55,2021-11-26 07:45:00,0.0527829623863847,5869.19763063655,"moving",29,-14.69295,145.44156,"run_day_11652_liz21_del_07_29.json","07",11652
145.441971,-14.694452,3656,3.55,2021-11-26 07:57:00,0.0514783125957733,5724.12719287268,"moving",29,-14.69295,145.44156,"run_day_11652_liz21_del_07_29.json","07",11652
145.44173,-14.693567,3657,3.55,2021-11-26 07:28:00,0.0530609832707772,5900.11214248222,"moving",29,-14.69295,145.44156,"run_day_11652_liz21_del_07_29.json","07",11652
145.44185,-14.694024,3657,3.55,2021-11-26 07:40:00,0.0524296171037633,5829.90742785526,"moving",29,-14.69295,145.44156,"run_day_11652_liz21_del_07_29.json","07",11652
145.441983,-14.694472,3657,3.55,2021-11-26 07:52:00,0.0518286247352636,5763.080125526,"moving",29,-14.69295,145.44156,"run_day_11652_liz21_del_07_29.json","07",11652
145.441743,-14.69318,3658,3.55,2021-11-26 07:48:00,0.0472656547073539,5255.70100799126,"moving",29,-14.69295,145.44156,"run_day_11652_liz21_del_07_29.json","07",11652
145.441812,-14.693584,3658,3.55,2021-11-26 08:00:00,0.0455316673339064,5062.89040919817,"moving",29,-14.69295,145.44156,"run_day_11652_liz21_del_07_29.json","07",11652
145.441899,-14.693966,3658,3.55,2021-11-26 08:12:00,0.0434949885575733,4836.42206206528,"moving",29,-14.69295,145.44156,"run_day_11652_liz21_del_07_29.json","07",11652
145.442005,-14.694343,3658,3.55,2021-11-26 08:24:00,0.0434432248505336,4830.66620045816,"moving",29,-14.69295,145.44156,"run_day_11652_liz21_del_07_29.json","07",11652
145.441693,-14.693329,3659,3.55,2021-11-26 07:25:00,0.0512249667732372,5695.95642272006,"moving",29,-14.69295,145.44156,"run_day_11652_liz21_del_07_29.json","07",11652
145.441791,-14.693794,3659,3.55,2021-11-26 07:37:00,0.0527691218582727,5867.65863412842,"moving",29,-14.69295,145.44156,"run_day_11652_liz21_del_07_29.json","07",11652
145.441918,-14.694236,3659,3.55,2021-11-26 07:49:00,0.0510111171578023,5672.17743041882,"moving",29,-14.69295,145.44156,"run_day_11652_liz21_del_07_29.json","07",11652
145.442059,-14.694675,3659,3.55,2021-11-26 08:01:00,0.0511161451306501,5683.85600815526,"moving",29,-14.69295,145.44156,"run_day_11652_liz21_del_07_29.json","07",11652
145.44158,-14.693475,3660,3.55,2021-11-26 07:58:00,0.0554925737552267,6170.4926680302,"moving",29,-14.69295,145.44156,"run_day_11652_liz21_del_07_29.json","07",11652
145.441697,-14.693982,3660,3.55,2021-11-26 08:10:00,0.0577633037476424,6422.98632296646,"moving",29,-14.69295,145.44156,"run_day_11652_liz21_del_07_29.json","07",11652
145.441846,-14.694466,3660,3.55,2021-11-26 08:22:00,0.0561538240975504,6244.02035133857,"moving",29,-14.69295,145.44156,"run_day_11652_liz21_del_07_29.json","07",11652
145.441636,-14.693576,3661,3.55,2021-11-26 07:17:00,0.0563214451133355,6262.65895789289,"moving",29,-14.69295,145.44156,"run_day_11652_liz21_del_07_29.json","07",11652
145.44178,-14.694084,3661,3.55,2021-11-26 07:29:00,0.0585719569809498,6512.90445992496,"moving",29,-14.69295,145.44156,"run_day_11652_liz21_del_07_29.json","07",11652
145.441935,-14.694573,3661,3.55,2021-11-26 07:41:00,0.0568727128447037,6323.95713284389,"moving",29,-14.69295,145.44156,"run_day_11652_liz21_del_07_29.json","07",11652
145.44174,-14.693523,3662,3.55,2021-11-26 07:32:00,0.051869921329757,5767.67209732137,"moving",29,-14.69295,145.44156,"run_day_11652_liz21_del_07_29.json","07",11652
145.44185,-14.693968,3662,3.55,2021-11-26 07:44:00,0.0508765690746473,5657.21636618224,"moving",29,-14.69295,145.44156,"run_day_11652_liz21_del_07_29.json","07",11652
145.441977,-14.694402,3662,3.55,2021-11-26 07:56:00,0.0501546078335843,5576.93793894201,"moving",29,-14.69295,145.44156,"run_day_11652_liz21_del_07_29.json","07",11652
145.4415,-14.693595,3663,3.55,2021-11-26 07:24:00,0.0589696966677547,6557.13109522287,"moving",29,-14.69295,145.44156,"run_day_11652_liz21_del_07_29.json","07",11652
145.44166,-14.69413,3663,3.55,2021-11-26 07:36:00,0.0619284750978193,6886.1322457114,"moving",29,-14.69295,145.44156,"run_day_11652_liz21_del_07_29.json","07",11652
145.441842,-14.69466,3663,3.55,2021-11-26 07:48:00,0.0620994182103507,6905.14025256972,"moving",29,-14.69295,145.44156,"run_day_11652_liz21_del_07_29.json","07",11652
145.441757,-14.693432,3664,3.55,2021-11-26 07:50:00,0.0494942847190815,5503.51335866317,"moving",29,-14.69295,145.44156,"run_day_11652_liz21_del_07_29.json","07",11652
145.441843,-14.693849,3664,3.55,2021-11-26 08:02:00,0.0472819279481497,5257.51050980781,"moving",29,-14.69295,145.44156,"run_day_11652_liz21_del_07_29.json","07",11652
145.441952,-14.694246,3664,3.55,2021-11-26 08:14:00,0.0456746681651149,5078.79137613451,"moving",29,-14.69295,145.44156,"run_day_11652_liz21_del_07_29.json","07",11652
145.442078,-14.694645,3664,3.55,2021-11-26 08:26:00,0.046390471510255,5158.3850765893,"moving",29,-14.69295,145.44156,"run_day_11652_liz21_del_07_29.json","07",11652
145.441508,-14.693508,3665,3.55,2021-11-26 08:02:00,0.0574497423842601,6388.11989016659,"moving",29,-14.69295,145.44156,"run_day_11652_liz21_del_07_29.json","07",11652
145.441636,-14.694025,3665,3.55,2021-11-26 08:14:00,0.0591133458777488,6573.10415859071,"moving",29,-14.69295,145.44156,"run_day_11652_liz21_del_07_29.json","07",11652
145.441799,-14.69453,3665,3.55,2021-11-26 08:26:00,0.0588266817696151,6541.22856411515,"moving",29,-14.69295,145.44156,"run_day_11652_liz21_del_07_29.json","07",11652
145.441531,-14.693616,3666,3.55,2021-11-26 07:55:00,0.0582566729073338,6477.84647048704,"moving",29,-14.69295,145.44156,"run_day_11652_liz21_del_07_29.json","07",11652
145.441671,-14.694143,3666,3.55,2021-11-26 08:07:00,0.0605035212815206,6727.68461063618,"moving",29,-14.69295,145.44156,"run_day_11652_liz21_del_07_29.json","07",11652
145.441843,-14.694647,3666,3.55,2021-11-26 08:19:00,0.0590167966345658,6562.36837257738,"moving",29,-14.69295,145.44156,"run_day_11652_liz21_del_07_29.json","07",11652
145.441617,-14.693539,3667,3.55,2021-11-26 07:26:00,0.055475679739035,6168.61413913903,"moving",29,-14.69295,145.44156,"run_day_11652_liz21_del_07_29.json","07",11652
145.441755,-14.694051,3667,3.55,2021-11-26 07:38:00,0.0588349064421438,6542.14310597365,"moving",29,-14.69295,145.44156,"run_day_11652_liz21_del_07_29.json","07",11652
145.441911,-14.694542,3667,3.55,2021-11-26 07:50:00,0.0571168755856831,6351.10679091642,"moving",29,-14.69295,145.44156,"run_day_11652_liz21_del_07_29.json","07",11652
145.441577,-14.693176,3668,3.55,2021-11-26 07:36:00,0.0517069773116013,5749.55354917537,"moving",29,-14.69295,145.44156,"run_day_11652_liz21_del_07_29.json","07",11652
145.441678,-14.693668,3668,3.55,2021-11-26 07:48:00,0.055776055854217,6202.01443923247,"moving",29,-14.69295,145.44156,"run_day_11652_liz21_del_07_29.json","07",11652
145.441808,-14.694162,3668,3.55,2021-11-26 08:00:00,0.0566820037885903,6302.7512533389,"moving",29,-14.69295,145.44156,"run_day_11652_liz21_del_07_29.json","07",11652
145.441958,-14.694622,3668,3.55,2021-11-26 08:12:00,0.0536338024920051,5963.80673376726,"moving",29,-14.69295,145.44156,"run_day_11652_liz21_del_07_29.json","07",11652
145.441772,-14.693396,3669,3.55,2021-11-26 07:13:00,0.0492386727082246,5475.09059986647,"moving",29,-14.69295,145.44156,"run_day_11652_liz21_del_07_29.json","07",11652
145.441864,-14.6938,3669,3.55,2021-11-26 07:25:00,0.0459996949740761,5114.93270831447,"moving",29,-14.69295,145.44156,"run_day_11652_liz21_del_07_29.json","07",11652
145.441982,-14.694207,3669,3.55,2021-11-26 07:37:00,0.0470023343225194,5226.42111711557,"moving",29,-14.69295,145.44156,"run_day_11652_liz21_del_07_29.json","07",11652
145.442109,-14.694633,3669,3.55,2021-11-26 07:49:00,0.0492992679548197,5481.82848386662,"moving",29,-14.69295,145.44156,"run_day_11652_liz21_del_07_29.json","07",11652
145.441722,-14.693561,3670,3.55,2021-11-26 07:35:00,0.0531310950090098,5907.90821207192,"moving",29,-14.69295,145.44156,"run_day_11652_liz21_del_07_29.json","07",11652
145.441839,-14.694022,3670,3.55,2021-11-26 07:47:00,0.0527829621804092,5869.19760773312,"moving",29,-14.69295,145.44156,"run_day_11652_liz21_del_07_29.json","07",11652
145.441973,-14.694467,3670,3.55,2021-11-26 07:59:00,0.0515380559620701,5730.77035210555,"moving",29,-14.69295,145.44156,"run_day_11652_liz21_del_07_29.json","07",11652
145.441603,-14.693219,3671,3.55,2021-11-26 07:43:00,0.0518331389906151,5763.58208781866,"moving",29,-14.69295,145.44156,"run_day_11652_liz21_del_07_29.json","07",11652
145.441701,-14.69371,3671,3.55,2021-11-26 07:55:00,0.0556049247121519,6182.98552444394,"moving",29,-14.69295,145.44156,"run_day_11652_liz21_del_07_29.json","07",11652
145.441827,-14.694191,3671,3.55,2021-11-26 08:07:00,0.0551750433817903,6135.18490144852,"moving",29,-14.69295,145.44156,"run_day_11652_liz21_del_07_29.json","07",11652
145.441974,-14.694639,3671,3.55,2021-11-26 08:19:00,0.0522642845434369,5811.52328593781,"moving",29,-14.69295,145.44156,"run_day_11652_liz21_del_07_29.json","07",11652
145.441492,-14.69337,3672,3.55,2021-11-26 07:50:00,0.0564182279581538,6273.4207192229,"moving",29,-14.69295,145.44156,"run_day_11652_liz21_del_07_29.json","07",11652
145.441616,-14.693889,3672,3.55,2021-11-26 08:02:00,0.0592312872713481,6586.21864320034,"moving",29,-14.69295,145.44156,"run_day_11652_liz21_del_07_29.json","07",11652
145.441772,-14.694404,3672,3.55,2021-11-26 08:14:00,0.0596729570668141,6635.33008370829,"moving",29,-14.69295,145.44156,"run_day_11652_liz21_del_07_29.json","07",11652
145.441681,-14.693259,3673,3.55,2021-11-26 07:39:00,0.0505083802093926,5616.27563231889,"moving",29,-14.69295,145.44156,"run_day_11652_liz21_del_07_29.json","07",11652
145.441769,-14.693727,3673,3.55,2021-11-26 07:51:00,0.0528930050770141,5881.43381954886,"moving",29,-14.69295,145.44156,"run_day_11652_liz21_del_07_29.json","07",11652
145.441886,-14.694166,3673,3.55,2021-11-26 08:03:00,0.0504105891656211,5605.40176438022,"moving",29,-14.69295,145.44156,"run_day_11652_liz21_del_07_29.json","07",11652
145.44202,-14.694592,3673,3.55,2021-11-26 08:15:00,0.0495131695824589,5505.61325966111,"moving",29,-14.69295,145.44156,"run_day_11652_liz21_del_07_29.json","07",11652
145.441523,-14.693251,3674,3.55,2021-11-26 07:37:00,0.0539716328567942,6001.37175639829,"moving",29,-14.69295,145.44156,"run_day_11652_liz21_del_07_29.json","07",11652
145.441638,-14.693758,3674,3.55,2021-11-26 07:49:00,0.0577168229419263,6417.81789318448,"moving",29,-14.69295,145.44156,"run_day_11652_liz21_del_07_29.json","07",11652
145.441784,-14.694273,3674,3.55,2021-11-26 08:01:00,0.0593794952788948,6602.69862172763,"moving",29,-14.69295,145.44156,"run_day_11652_liz21_del_07_29.json","07",11652
145.441523,-14.693559,3675,3.55,2021-11-26 07:29:00,0.0576785495476894,6413.56208591987,"moving",29,-14.69295,145.44156,"run_day_11652_liz21_del_07_29.json","07",11652
145.441674,-14.694089,3675,3.55,2021-11-26 07:41:00,0.0611303126972274,6797.38063612714,"moving",29,-14.69295,145.44156,"run_day_11652_liz21_del_07_29.json","07",11652
145.44185,-14.694612,3675,3.55,2021-11-26 07:53:00,0.061158408385558,6800.50473413009,"moving",29,-14.69295,145.44156,"run_day_11652_liz21_del_07_29.json","07",11652
145.44169,-14.693182,3676,3.55,2021-11-26 07:12:00,0.0507267574974119,5640.55807884104,"moving",29,-14.69295,145.44156,"run_day_11652_liz21_del_07_29.json","07",11652
145.441777,-14.693635,3676,3.55,2021-11-26 07:24:00,0.0512331195926496,5696.86297487657,"moving",29,-14.69295,145.44156,"run_day_11652_liz21_del_07_29.json","07",11652
145.441898,-14.694067,3676,3.55,2021-11-26 07:36:00,0.0497680210063081,5533.95144504128,"moving",29,-14.69295,145.44156,"run_day_11652_liz21_del_07_29.json","07",11652
145.442026,-14.694506,3676,3.55,2021-11-26 07:48:00,0.050718879748573,5639.68211313678,"moving",29,-14.69295,145.44156,"run_day_11652_liz21_del_07_29.json","07",11652
145.441495,-14.693306,3677,3.55,2021-11-26 07:38:00,0.055338421188896,6153.35168472498,"moving",29,-14.69295,145.44156,"run_day_11652_liz21_del_07_29.json","07",11652
145.441619,-14.693821,3677,3.55,2021-11-26 07:50:00,0.0587980161743406,6538.04109535138,"moving",29,-14.69295,145.44156,"run_day_11652_liz21_del_07_29.json","07",11652
145.441774,-14.694344,3677,3.55,2021-11-26 08:02:00,0.0604974158915096,6727.00572224177,"moving",29,-14.69295,145.44156,"run_day_11652_liz21_del_07_29.json","07",11652
145.441539,-14.693355,3678,3.55,2021-11-26 07:20:00,0.0555030288138366,6171.65521750539,"moving",29,-14.69295,145.44156,"run_day_11652_liz21_del_07_29.json","07",11652
145.441669,-14.693866,3678,3.55,2021-11-26 07:32:00,0.0585157616709604,6506.65582655292,"moving",29,-14.69295,145.44156,"run_day_11652_liz21_del_07_29.json","07",11652
145.441827,-14.694381,3678,3.55,2021-11-26 07:44:00,0.0597338015229158,6642.09567854125,"moving",29,-14.69295,145.44156,"run_day_11652_liz21_del_07_29.json","07",11652
145.441634,-14.693167,3679,3.55,2021-11-26 07:57:00,0.050549592939773,5620.85827885037,"moving",29,-14.69295,145.44156,"run_day_11652_liz21_del_07_29.json","07",11652
145.441719,-14.693641,3679,3.55,2021-11-26 08:09:00,0.0534934474863456,5948.19996920875,"moving",29,-14.69295,145.44156,"run_day_11652_liz21_del_07_29.json","07",11652
145.441826,-14.694093,3679,3.55,2021-11-26 08:21:00,0.0515609286123363,5733.31367477407,"moving",29,-14.69295,145.44156,"run_day_11652_liz21_del_07_29.json","07",11652
145.441958,-14.69452,3679,3.55,2021-11-26 08:33:00,0.0495575048705857,5510.54311877213,"moving",29,-14.69295,145.44156,"run_day_11652_liz21_del_07_29.json","07",11652
145.441711,-14.693552,3680,3.55,2021-11-26 07:32:00,0.0532994368080124,5926.62696606323,"moving",29,-14.69295,145.44156,"run_day_11652_liz21_del_07_29.json","07",11652
145.441831,-14.694021,3680,3.55,2021-11-26 07:44:00,0.0537238959418122,5973.82466830972,"moving",29,-14.69295,145.44156,"run_day_11652_liz21_del_07_29.json","07",11652
145.441967,-14.694473,3680,3.55,2021-11-26 07:56:00,0.05234552361958,5820.55665905021,"moving",29,-14.69295,145.44156,"run_day_11652_liz21_del_07_29.json","07",11652
145.441605,-14.693632,3681,3.55,2021-11-26 07:19:00,0.0575335757621029,6397.4417364662,"moving",29,-14.69295,145.44156,"run_day_11652_liz21_del_07_29.json","07",11652
145.441758,-14.694152,3681,3.55,2021-11-26 07:31:00,0.0601175807304651,6684.7699793724,"moving",29,-14.69295,145.44156,"run_day_11652_liz21_del_07_29.json","07",11652
145.441924,-14.694651,3681,3.55,2021-11-26 07:43:00,0.058288196577659,6481.35174269642,"moving",29,-14.69295,145.44156,"run_day_11652_liz21_del_07_29.json","07",11652
145.441704,-14.693669,3682,3.55,2021-11-26 07:37:00,0.0551007194686851,6126.92045938284,"moving",29,-14.69295,145.44156,"run_day_11652_liz21_del_07_29.json","07",11652
145.441836,-14.694151,3682,3.55,2021-11-26 07:49:00,0.0554445739871311,6165.15533733785,"moving",29,-14.69295,145.44156,"run_day_11652_liz21_del_07_29.json","07",11652
145.441984,-14.694612,3682,3.55,2021-11-26 08:01:00,0.0536756682536608,5968.46199406348,"moving",29,-14.69295,145.44156,"run_day_11652_liz21_del_07_29.json","07",11652
145.441683,-14.693551,3683,3.55,2021-11-26 07:38:00,0.0540357098885372,6008.49679724256,"moving",29,-14.69295,145.44156,"run_day_11652_liz21_del_07_29.json","07",11652
145.441805,-14.694038,3683,3.55,2021-11-26 07:50:00,0.0557191291612793,6195.68447978715,"moving",29,-14.69295,145.44156,"run_day_11652_liz21_del_07_29.json","07",11652
145.441947,-14.694498,3683,3.55,2021-11-26 08:02:00,0.0533812746446743,5935.72691830761,"moving",29,-14.69295,145.44156,"run_day_11652_liz21_del_07_29.json","07",11652
145.441697,-14.693557,3684,3.55,2021-11-26 07:17:00,0.054861648161604,6100.33694292914,"moving",29,-14.69295,145.44156,"run_day_11652_liz21_del_07_29.json","07",11652
145.441828,-14.694036,3684,3.55,2021-11-26 07:29:00,0.0550945740602468,6126.23712114236,"moving",29,-14.69295,145.44156,"run_day_11652_liz21_del_07_29.json","07",11652
145.441968,-14.694502,3684,3.55,2021-11-26 07:41:00,0.0539604653956754,6000.12999137837,"moving",29,-14.69295,145.44156,"run_day_11652_liz21_del_07_29.json","07",11652
145.441622,-14.693595,3685,3.55,2021-11-26 08:09:00,0.0553188489094751,6151.17534655051,"moving",29,-14.69295,145.44156,"run_day_11652_liz21_del_07_29.json","07",11652
145.441741,-14.694091,3685,3.55,2021-11-26 08:21:00,0.0566184078763225,6295.67971053939,"moving",29,-14.69295,145.44156,"run_day_11652_liz21_del_07_29.json","07",11652
145.44189,-14.694555,3685,3.55,2021-11-26 08:33:00,0.0540261453183836,6007.43326556594,"moving",29,-14.69295,145.44156,"run_day_11652_liz21_del_07_29.json","07",11652
145.441693,-14.693635,3686,3.55,2021-11-26 07:31:00,0.0548162391604336,6095.287692375,"moving",29,-14.69295,145.44156,"run_day_11652_liz21_del_07_29.json","07",11652
145.441827,-14.694123,3686,3.55,2021-11-26 07:43:00,0.0561445966135004,6242.99430192652,"moving",29,-14.69295,145.44156,"run_day_11652_liz21_del_07_29.json","07",11652
145.441974,-14.694589,3686,3.55,2021-11-26 07:55:00,0.0541753932162701,6024.02887462328,"moving",29,-14.69295,145.44156,"run_day_11652_liz21_del_07_29.json","07",11652
145.441697,-14.693236,3687,3.55,2021-11-26 07:33:00,0.0495941915042591,5514.62248631229,"moving",29,-14.69295,145.44156,"run_day_11652_liz21_del_07_29.json","07",11652
145.441782,-14.69369,3687,3.55,2021-11-26 07:45:00,0.0513036768021839,5704.70857861499,"moving",29,-14.69295,145.44156,"run_day_11652_liz21_del_07_29.json","07",11652
145.441896,-14.694119,3687,3.55,2021-11-26 07:57:00,0.0492533061838572,5476.717768116,"moving",29,-14.69295,145.44156,"run_day_11652_liz21_del_07_29.json","07",11652
145.442025,-14.694543,3687,3.55,2021-11-26 08:09:00,0.0491459238974362,5464.77740265448,"moving",29,-14.69295,145.44156,"run_day_11652_liz21_del_07_29.json","07",11652
145.441672,-14.693284,3688,3.55,2021-11-26 07:34:00,0.0508977064846369,5659.56673893548,"moving",29,-14.69295,145.44156,"run_day_11652_liz21_del_07_29.json","07",11652
145.441766,-14.693759,3688,3.55,2021-11-26 07:46:00,0.0537765742441475,5979.68222827365,"moving",29,-14.69295,145.44156,"run_day_11652_liz21_del_07_29.json","07",11652
145.44189,-14.694207,3688,3.55,2021-11-26 07:58:00,0.0515698387340651,5734.3044351061,"moving",29,-14.69295,145.44156,"run_day_11652_liz21_del_07_29.json","07",11652
145.44203,-14.694642,3688,3.55,2021-11-26 08:10:00,0.0506594898558532,5633.07825837236,"moving",29,-14.69295,145.44156,"run_day_11652_liz21_del_07_29.json","07",11652
145.44167,-14.693648,3689,3.55,2021-11-26 07:47:00,0.0556669947930726,6189.88740253875,"moving",29,-14.69295,145.44156,"run_day_11652_liz21_del_07_29.json","07",11652
145.4418,-14.694145,3689,3.55,2021-11-26 07:59:00,0.0570053390949694,6338.70449901332,"moving",29,-14.69295,145.44156,"run_day_11652_liz21_del_07_29.json","07",11652
145.44195,-14.694609,3689,3.55,2021-11-26 08:11:00,0.0540581474115057,6010.99173596312,"moving",29,-14.69295,145.44156,"run_day_11652_liz21_del_07_29.json","07",11652
145.441727,-14.693579,3690,3.55,2021-11-26 08:05:00,0.0527634738180777,5867.03060071324,"moving",29,-14.69295,145.44156,"run_day_11652_liz21_del_07_29.json","07",11652
145.441828,-14.694022,3690,3.55,2021-11-26 08:17:00,0.0504430080062359,5609.00657498429,"moving",29,-14.69295,145.44156,"run_day_11652_liz21_del_07_29.json","07",11652
145.441953,-14.694442,3690,3.55,2021-11-26 08:29:00,0.0485986239279705,5403.92042269718,"moving",29,-14.69295,145.44156,"run_day_11652_liz21_del_07_29.json","07",11652
145.441737,-14.693524,3691,3.55,2021-11-26 07:15:00,0.0533692652702145,5934.3915367955,"moving",29,-14.69295,145.44156,"run_day_11652_liz21_del_07_29.json","07",11652
145.441856,-14.693973,3691,3.55,2021-11-26 07:27:00,0.0515410840736856,5731.1070627545,"moving",29,-14.69295,145.44156,"run_day_11652_liz21_del_07_29.json","07",11652
145.441985,-14.694419,3691,3.55,2021-11-26 07:39:00,0.0514973300260167,5726.24183463356,"moving",29,-14.69295,145.44156,"run_day_11652_liz21_del_07_29.json","07",11652
145.441643,-14.693278,3692,3.55,2021-11-26 08:05:00,0.05142260492105,5717.93278206828,"moving",29,-14.69295,145.44156,"run_day_11652_liz21_del_07_29.json","07",11652
145.441731,-14.693752,3692,3.55,2021-11-26 08:17:00,0.0535495383529937,5954.43698901111,"moving",29,-14.69295,145.44156,"run_day_11652_liz21_del_07_29.json","07",11652
145.441845,-14.694199,3692,3.55,2021-11-26 08:29:00,0.0511942236908529,5692.53794792952,"moving",29,-14.69295,145.44156,"run_day_11652_liz21_del_07_29.json","07",11652
145.441983,-14.694625,3692,3.55,2021-11-26 08:41:00,0.0496401115491093,5519.72856233092,"moving",29,-14.69295,145.44156,"run_day_11652_liz21_del_07_29.json","07",11652
145.441575,-14.693316,3693,3.55,2021-11-26 07:28:00,0.0536563075094055,5966.30917752624,"moving",29,-14.69295,145.44156,"run_day_11652_liz21_del_07_29.json","07",11652
145.441691,-14.69382,3693,3.55,2021-11-26 07:40:00,0.0574143100692967,6384.1799965034,"moving",29,-14.69295,145.44156,"run_day_11652_liz21_del_07_29.json","07",11652
145.441839,-14.69432,3693,3.55,2021-11-26 07:52:00,0.0578314803861606,6430.56721928536,"moving",29,-14.69295,145.44156,"run_day_11652_liz21_del_07_29.json","07",11652
145.441518,-14.693508,3694,3.55,2021-11-26 07:14:00,0.0583780749049593,6491.3457567075,"moving",29,-14.69295,145.44156,"run_day_11652_liz21_del_07_29.json","07",11652
145.44167,-14.694036,3694,3.55,2021-11-26 07:26:00,0.0609447103303412,6776.74259455617,"moving",29,-14.69295,145.44156,"run_day_11652_liz21_del_07_29.json","07",11652
145.441843,-14.694559,3694,3.55,2021-11-26 07:38:00,0.0610593041238717,6789.48484302171,"moving",29,-14.69295,145.44156,"run_day_11652_liz21_del_07_29.json","07",11652
145.441506,-14.693352,3695,3.55,2021-11-26 07:50:00,0.0559101631148827,6216.92648624469,"moving",29,-14.69295,145.44156,"run_day_11652_liz21_del_07_29.json","07",11652
145.441626,-14.693867,3695,3.55,2021-11-26 08:02:00,0.0587019204998421,6527.35574387466,"moving",29,-14.69295,145.44156,"run_day_11652_liz21_del_07_29.json","07",11652
145.441778,-14.694379,3695,3.55,2021-11-26 08:14:00,0.059232716564391,6586.37757333539,"moving",29,-14.69295,145.44156,"run_day_11652_liz21_del_07_29.json","07",11652
145.441502,-14.693341,3696,3.55,2021-11-26 07:36:00,0.0555802011475507,6180.23638949172,"moving",29,-14.69295,145.44156,"run_day_11652_liz21_del_07_29.json","07",11652
145.441629,-14.693859,3696,3.55,2021-11-26 07:48:00,0.0591965789971862,6582.35925920094,"moving",29,-14.69295,145.44156,"run_day_11652_liz21_del_07_29.json","07",11652
145.441787,-14.694381,3696,3.55,2021-11-26 08:00:00,0.0604804066813922,6725.11438437048,"moving",29,-14.69295,145.44156,"run_day_11652_liz21_del_07_29.json","07",11652
145.441545,-14.69324,3697,3.55,2021-11-26 07:38:00,0.05341536287479,5939.51735655477,"moving",29,-14.69295,145.44156,"run_day_11652_liz21_del_07_29.json","07",11652
145.441655,-14.693742,3697,3.55,2021-11-26 07:50:00,0.0570599578414683,6344.77782652368,"moving",29,-14.69295,145.44156,"run_day_11652_liz21_del_07_29.json","07",11652
145.441796,-14.694249,3697,3.55,2021-11-26 08:02:00,0.05838007113087,6491.56772690122,"moving",29,-14.69295,145.44156,"run_day_11652_liz21_del_07_29.json","07",11652
145.441957,-14.694718,3697,3.55,2021-11-26 08:14:00,0.0549503335031099,6110.19830297234,"moving",29,-14.69295,145.44156,"run_day_11652_liz21_del_07_29.json","07",11652
145.44167,-14.693282,3698,3.55,2021-11-26 07:46:00,0.0510746631916212,5679.24342698786,"moving",29,-14.69295,145.44156,"run_day_11652_liz21_del_07_29.json","07",11652
145.44176,-14.693758,3698,3.55,2021-11-26 07:58:00,0.0538067258482196,5983.03493367666,"moving",29,-14.69295,145.44156,"run_day_11652_liz21_del_07_29.json","07",11652
145.441878,-14.694201,3698,3.55,2021-11-26 08:10:00,0.0508681374298402,5656.27881005641,"moving",29,-14.69295,145.44156,"run_day_11652_liz21_del_07_29.json","07",11652
145.442015,-14.694627,3698,3.55,2021-11-26 08:22:00,0.0496080565093696,5516.16420453848,"moving",29,-14.69295,145.44156,"run_day_11652_liz21_del_07_29.json","07",11652
145.441777,-14.693586,3699,3.55,2021-11-26 07:48:00,0.0498410777839145,5542.07498806812,"moving",29,-14.69295,145.44156,"run_day_11652_liz21_del_07_29.json","07",11652
145.441878,-14.694004,3699,3.55,2021-11-26 08:00:00,0.0477321197209992,5307.5695509658,"moving",29,-14.69295,145.44156,"run_day_11652_liz21_del_07_29.json","07",11652
145.441997,-14.694412,3699,3.55,2021-11-26 08:12:00,0.0471384963458202,5241.56164330828,"moving",29,-14.69295,145.44156,"run_day_11652_liz21_del_07_29.json","07",11652
145.441536,-14.693367,3700,3.55,2021-11-26 07:12:00,0.0565262773167218,6285.43525972286,"moving",29,-14.69295,145.44156,"run_day_11652_liz21_del_07_29.json","07",11652
145.44167,-14.693883,3700,3.55,2021-11-26 07:24:00,0.0591591222265017,6578.19425633234,"moving",29,-14.69295,145.44156,"run_day_11652_liz21_del_07_29.json","07",11652
145.441831,-14.694398,3700,3.55,2021-11-26 07:36:00,0.0598264013546236,6652.3923100353,"moving",29,-14.69295,145.44156,"run_day_11652_liz21_del_07_29.json","07",11652
145.441506,-14.693426,3701,3.55,2021-11-26 07:20:00,0.0572473506351246,6365.61495446801,"moving",29,-14.69295,145.44156,"run_day_11652_liz21_del_07_29.json","07",11652
145.441649,-14.693947,3701,3.55,2021-11-26 07:32:00,0.0599395663202676,6664.97568008881,"moving",29,-14.69295,145.44156,"run_day_11652_liz21_del_07_29.json","07",11652
145.441817,-14.694472,3701,3.55,2021-11-26 07:44:00,0.061109981014478,6795.11985615525,"moving",29,-14.69295,145.44156,"run_day_11652_liz21_del_07_29.json","07",11652
145.441691,-14.693438,3702,3.55,2021-11-26 07:53:00,0.052564841037905,5844.94364329274,"moving",29,-14.69295,145.44156,"run_day_11652_liz21_del_07_29.json","07",11652
145.44179,-14.69391,3702,3.55,2021-11-26 08:05:00,0.0535533069236873,5954.85603495295,"moving",29,-14.69295,145.44156,"run_day_11652_liz21_del_07_29.json","07",11652
145.441914,-14.694345,3702,3.55,2021-11-26 08:17:00,0.0501748751630322,5579.19156315326,"moving",29,-14.69295,145.44156,"run_day_11652_liz21_del_07_29.json","07",11652
145.441618,-14.693511,3703,3.55,2021-11-26 07:32:00,0.0548632467122571,6100.51469365175,"moving",29,-14.69295,145.44156,"run_day_11652_liz21_del_07_29.json","07",11652
145.44175,-14.694022,3703,3.55,2021-11-26 07:44:00,0.0585675348101696,6512.41273696944,"moving",29,-14.69295,145.44156,"run_day_11652_liz21_del_07_29.json","07",11652
145.441903,-14.69451,3703,3.55,2021-11-26 07:56:00,0.056703609648404,6305.15371533597,"moving",29,-14.69295,145.44156,"run_day_11652_liz21_del_07_29.json","07",11652
145.44148,-14.693415,3704,3.55,2021-11-26 07:28:00,0.0570048150993653,6338.64623336056,"moving",29,-14.69295,145.44156,"run_day_11652_liz21_del_07_29.json","07",11652
145.441621,-14.693941,3704,3.55,2021-11-26 07:40:00,0.0604227417416022,6718.70233562057,"moving",29,-14.69295,145.44156,"run_day_11652_liz21_del_07_29.json","07",11652
145.441792,-14.694472,3704,3.55,2021-11-26 07:52:00,0.0618428288923817,6876.60882218038,"moving",29,-14.69295,145.44156,"run_day_11652_liz21_del_07_29.json","07",11652
145.441611,-14.693527,3705,3.55,2021-11-26 07:51:00,0.0554259252032771,6163.0816871852,"moving",29,-14.69295,145.44156,"run_day_11652_liz21_del_07_29.json","07",11652
145.441734,-14.694037,3705,3.55,2021-11-26 08:03:00,0.0582321368373033,6475.11818397985,"moving",29,-14.69295,145.44156,"run_day_11652_liz21_del_07_29.json","07",11652
145.441884,-14.694514,3705,3.55,2021-11-26 08:15:00,0.0554394820375124,6164.58913837352,"moving",29,-14.69295,145.44156,"run_day_11652_liz21_del_07_29.json","07",11652
145.441739,-14.693601,3706,3.55,2021-11-26 08:06:00,0.0524167326500026,5828.47474196448,"moving",29,-14.69295,145.44156,"run_day_11652_liz21_del_07_29.json","07",11652
145.441839,-14.694036,3706,3.55,2021-11-26 08:18:00,0.0495512339396378,5509.8458230654,"moving",29,-14.69295,145.44156,"run_day_11652_liz21_del_07_29.json","07",11652
145.441963,-14.694451,3706,3.55,2021-11-26 08:30:00,0.0480346188665793,5341.20592126863,"moving",29,-14.69295,145.44156,"run_day_11652_liz21_del_07_29.json","07",11652
145.44174,-14.693567,3707,3.55,2021-11-26 07:58:00,0.0523070496088359,5816.2785442478,"moving",29,-14.69295,145.44156,"run_day_11652_liz21_del_07_29.json","07",11652
145.441841,-14.694005,3707,3.55,2021-11-26 08:10:00,0.0499002232389145,5548.65166259821,"moving",29,-14.69295,145.44156,"run_day_11652_liz21_del_07_29.json","07",11652
145.441963,-14.694421,3707,3.55,2021-11-26 08:22:00,0.0480823000498632,5346.50782694621,"moving",29,-14.69295,145.44156,"run_day_11652_liz21_del_07_29.json","07",11652
145.441735,-14.693374,3708,3.55,2021-11-26 07:26:00,0.0504092185055073,5605.24935392942,"moving",29,-14.69295,145.44156,"run_day_11652_liz21_del_07_29.json","07",11652
145.441829,-14.693806,3708,3.55,2021-11-26 07:38:00,0.0490886886395129,5458.41313234822,"moving",29,-14.69295,145.44156,"run_day_11652_liz21_del_07_29.json","07",11652
145.441949,-14.694227,3708,3.55,2021-11-26 07:50:00,0.0485597904448836,5399.60233639397,"moving",29,-14.69295,145.44156,"run_day_11652_liz21_del_07_29.json","07",11652
145.442083,-14.694653,3708,3.55,2021-11-26 08:02:00,0.0495131684111217,5505.61312941436,"moving",29,-14.69295,145.44156,"run_day_11652_liz21_del_07_29.json","07",11652
145.441591,-14.693239,3709,3.55,2021-11-26 08:04:00,0.0522683184795285,5811.97183916561,"moving",29,-14.69295,145.44156,"run_day_11652_liz21_del_07_29.json","07",11652
145.441684,-14.693722,3709,3.55,2021-11-26 08:16:00,0.0546307302748714,6074.660045453,"moving",29,-14.69295,145.44156,"run_day_11652_liz21_del_07_29.json","07",11652
145.441805,-14.694196,3709,3.55,2021-11-26 08:28:00,0.0542894330105842,6036.70952118659,"moving",29,-14.69295,145.44156,"run_day_11652_liz21_del_07_29.json","07",11652
145.441951,-14.694639,3709,3.55,2021-11-26 08:40:00,0.0517018644492409,5748.98502482026,"moving",29,-14.69295,145.44156,"run_day_11652_liz21_del_07_29.json","07",11652
145.441769,-14.693295,3710,3.55,2021-11-26 08:09:00,0.0459705575489106,5111.69277446058,"moving",29,-14.69295,145.44156,"run_day_11652_liz21_del_07_29.json","07",11652
145.441835,-14.693676,3710,3.55,2021-11-26 08:21:00,0.0429559036198056,4776.47855195502,"moving",29,-14.69295,145.44156,"run_day_11652_liz21_del_07_29.json","07",11652
145.441921,-14.69404,3710,3.55,2021-11-26 08:33:00,0.041518484864734,4616.64487892732,"moving",29,-14.69295,145.44156,"run_day_11652_liz21_del_07_29.json","07",11652
145.442027,-14.694409,3710,3.55,2021-11-26 08:45:00,0.0425854844968919,4735.28982475489,"moving",29,-14.69295,145.44156,"run_day_11652_liz21_del_07_29.json","07",11652
145.441755,-14.693193,3711,3.55,2021-11-26 07:23:00,0.046992661209971,5225.34551607533,"moving",29,-14.69295,145.44156,"run_day_11652_liz21_del_07_29.json","07",11652
145.441827,-14.693584,3711,3.55,2021-11-26 07:35:00,0.0441615351053147,4910.53865654657,"moving",29,-14.69295,145.44156,"run_day_11652_liz21_del_07_29.json","07",11652
145.441926,-14.693969,3711,3.55,2021-11-26 07:47:00,0.0441144631518667,4905.30449413591,"moving",29,-14.69295,145.44156,"run_day_11652_liz21_del_07_29.json","07",11652
145.442036,-14.694361,3711,3.55,2021-11-26 07:59:00,0.0451656009762515,5022.18568741169,"moving",29,-14.69295,145.44156,"run_day_11652_liz21_del_07_29.json","07",11652
145.441621,-14.693191,3712,3.55,2021-11-26 07:42:00,0.0510049919190363,5671.49633494355,"moving",29,-14.69295,145.44156,"run_day_11652_liz21_del_07_29.json","07",11652
145.441713,-14.693677,3712,3.55,2021-11-26 07:54:00,0.0549392350996047,6108.96421680871,"moving",29,-14.69295,145.44156,"run_day_11652_liz21_del_07_29.json","07",11652
145.441834,-14.694147,3712,3.55,2021-11-26 08:06:00,0.0538577289581655,5988.70622074574,"moving",29,-14.69295,145.44156,"run_day_11652_liz21_del_07_29.json","07",11652
145.441975,-14.694589,3712,3.55,2021-11-26 08:18:00,0.0514348068248206,5719.28957186297,"moving",29,-14.69295,145.44156,"run_day_11652_liz21_del_07_29.json","07",11652
145.441754,-14.693295,3713,3.55,2021-11-26 07:26:00,0.0482536355770087,5365.55946831875,"moving",29,-14.69295,145.44156,"run_day_11652_liz21_del_07_29.json","07",11652
145.441834,-14.693701,3713,3.55,2021-11-26 07:38:00,0.0459578519881124,5110.27998055965,"moving",29,-14.69295,145.44156,"run_day_11652_liz21_del_07_29.json","07",11652
145.441943,-14.6941,3713,3.55,2021-11-26 07:50:00,0.0458896445972443,5102.69566473545,"moving",29,-14.69295,145.44156,"run_day_11652_liz21_del_07_29.json","07",11652
145.442062,-14.694509,3713,3.55,2021-11-26 08:02:00,0.0472455218586026,5253.46233735121,"moving",29,-14.69295,145.44156,"run_day_11652_liz21_del_07_29.json","07",11652
145.441502,-14.693566,3714,3.55,2021-11-26 07:14:00,0.0594807418132496,6613.95672268822,"moving",29,-14.69295,145.44156,"run_day_11652_liz21_del_07_29.json","07",11652
145.441663,-14.6941,3714,3.55,2021-11-26 07:26:00,0.0618516955283404,6877.59474711539,"moving",29,-14.69295,145.44156,"run_day_11652_liz21_del_07_29.json","07",11652
145.441843,-14.694628,3714,3.55,2021-11-26 07:38:00,0.0618207020744854,6874.14843228753,"moving",29,-14.69295,145.44156,"run_day_11652_liz21_del_07_29.json","07",11652
145.441489,-14.693402,3715,3.55,2021-11-26 07:33:00,0.0565742639099856,6290.77112544075,"moving",29,-14.69295,145.44156,"run_day_11652_liz21_del_07_29.json","07",11652
145.441625,-14.693926,3715,3.55,2021-11-26 07:45:00,0.0600742864915308,6679.95587964998,"moving",29,-14.69295,145.44156,"run_day_11652_liz21_del_07_29.json","07",11652
145.441792,-14.694454,3715,3.55,2021-11-26 07:57:00,0.0613971755636156,6827.05443297933,"moving",29,-14.69295,145.44156,"run_day_11652_liz21_del_07_29.json","07",11652
145.441782,-14.693573,3716,3.55,2021-11-26 07:38:00,0.0490919718601162,5458.77820982236,"moving",29,-14.69295,145.44156,"run_day_11652_liz21_del_07_29.json","07",11652
145.441887,-14.693989,3716,3.55,2021-11-26 07:50:00,0.0476157986663653,5294.63523982857,"moving",29,-14.69295,145.44156,"run_day_11652_liz21_del_07_29.json","07",11652
145.442006,-14.694403,3716,3.55,2021-11-26 08:02:00,0.0477809443302644,5312.9985998115,"moving",29,-14.69295,145.44156,"run_day_11652_liz21_del_07_29.json","07",11652
145.441613,-14.693166,3717,3.55,2021-11-26 08:09:00,0.0505495929484464,5620.8582798148,"moving",29,-14.69295,145.44156,"run_day_11652_liz21_del_07_29.json","07",11652
145.441699,-14.693635,3717,3.55,2021-11-26 08:21:00,0.0529644169951243,5889.37446254466,"moving",29,-14.69295,145.44156,"run_day_11652_liz21_del_07_29.json","07",11652
145.441805,-14.694095,3717,3.55,2021-11-26 08:33:00,0.0524049160746104,5827.16079873056,"moving",29,-14.69295,145.44156,"run_day_11652_liz21_del_07_29.json","07",11652
145.44194,-14.694527,3717,3.55,2021-11-26 08:45:00,0.0501828412766289,5580.07735457028,"moving",29,-14.69295,145.44156,"run_day_11652_liz21_del_07_29.json","07",11652
145.441526,-14.693579,3718,3.55,2021-11-26 07:27:00,0.0578942267924718,6437.54430133235,"moving",29,-14.69295,145.44156,"run_day_11652_liz21_del_07_29.json","07",11652
145.44168,-14.69411,3718,3.55,2021-11-26 07:39:00,0.0613238865046252,6818.90506144104,"moving",29,-14.69295,145.44156,"run_day_11652_liz21_del_07_29.json","07",11652
145.441857,-14.694632,3718,3.55,2021-11-26 07:51:00,0.0610861187640042,6792.46649496425,"moving",29,-14.69295,145.44156,"run_day_11652_liz21_del_07_29.json","07",11652
145.441593,-14.693343,3719,3.55,2021-11-26 08:05:00,0.0534876179188346,5947.55175087699,"moving",29,-14.69295,145.44156,"run_day_11652_liz21_del_07_29.json","07",11652
145.441693,-14.693832,3719,3.55,2021-11-26 08:17:00,0.0554279237090776,6163.30391089109,"moving",29,-14.69295,145.44156,"run_day_11652_liz21_del_07_29.json","07",11652
145.441823,-14.694307,3719,3.55,2021-11-26 08:29:00,0.0546370747210039,6075.3655156753,"moving",29,-14.69295,145.44156,"run_day_11652_liz21_del_07_29.json","07",11652
145.441744,-14.693405,3720,3.55,2021-11-26 07:16:00,0.0513229553536324,5706.85225572912,"moving",29,-14.69295,145.44156,"run_day_11652_liz21_del_07_29.json","07",11652
145.441843,-14.693834,3720,3.55,2021-11-26 07:28:00,0.0488766427896847,5434.83470963129,"moving",29,-14.69295,145.44156,"run_day_11652_liz21_del_07_29.json","07",11652
145.441966,-14.694259,3720,3.55,2021-11-26 07:40:00,0.0490747151148973,5456.85934730363,"moving",29,-14.69295,145.44156,"run_day_11652_liz21_del_07_29.json","07",11652
145.441581,-14.693173,3721,3.55,2021-11-26 07:59:00,0.0518109268278117,5761.11220800513,"moving",29,-14.69295,145.44156,"run_day_11652_liz21_del_07_29.json","07",11652
145.441674,-14.693655,3721,3.55,2021-11-26 08:11:00,0.0545214195561452,6062.50524810278,"moving",29,-14.69295,145.44156,"run_day_11652_liz21_del_07_29.json","07",11652
145.44179,-14.694134,3721,3.55,2021-11-26 08:23:00,0.054704200708686,6082.82958495156,"moving",29,-14.69295,145.44156,"run_day_11652_liz21_del_07_29.json","07",11652
145.441933,-14.694579,3721,3.55,2021-11-26 08:35:00,0.0518170999881297,5761.79863211384,"moving",29,-14.69295,145.44156,"run_day_11652_liz21_del_07_29.json","07",11652
145.441563,-14.693375,3722,3.55,2021-11-26 07:27:00,0.0546206330481361,6073.53728506685,"moving",29,-14.69295,145.44156,"run_day_11652_liz21_del_07_29.json","07",11652
145.441688,-14.693886,3722,3.55,2021-11-26 07:39:00,0.0583895889296202,6492.62605783505,"moving",29,-14.69295,145.44156,"run_day_11652_liz21_del_07_29.json","07",11652
145.441843,-14.694393,3722,3.55,2021-11-26 07:51:00,0.0587892279890059,6537.06389372776,"moving",29,-14.69295,145.44156,"run_day_11652_liz21_del_07_29.json","07",11652
145.44164,-14.693344,3723,3.55,2021-11-26 07:31:00,0.0523771375426854,5824.07196691087,"moving",29,-14.69295,145.44156,"run_day_11652_liz21_del_07_29.json","07",11652
145.441748,-14.693837,3723,3.55,2021-11-26 07:43:00,0.0560363475515034,6230.95755541842,"moving",29,-14.69295,145.44156,"run_day_11652_liz21_del_07_29.json","07",11652
145.441885,-14.694306,3723,3.55,2021-11-26 07:55:00,0.0541922548679759,6025.90380474781,"moving",29,-14.69295,145.44156,"run_day_11652_liz21_del_07_29.json","07",11652
145.441553,-14.693214,3724,3.55,2021-11-26 07:14:00,0.0539218809662008,5995.83959857333,"moving",29,-14.69295,145.44156,"run_day_11652_liz21_del_07_29.json","07",11652
145.441667,-14.693712,3724,3.55,2021-11-26 07:26:00,0.0567163754797642,6306.57321101763,"moving",29,-14.69295,145.44156,"run_day_11652_liz21_del_07_29.json","07",11652
145.441816,-14.694217,3724,3.55,2021-11-26 07:38:00,0.0583956073759736,6493.29527853584,"moving",29,-14.69295,145.44156,"run_day_11652_liz21_del_07_29.json","07",11652
145.441977,-14.694699,3724,3.55,2021-11-26 07:50:00,0.0563240553217381,6262.94919982474,"moving",29,-14.69295,145.44156,"run_day_11652_liz21_del_07_29.json","07",11652
145.441626,-14.693208,3725,3.55,2021-11-26 07:32:00,0.0509183103306811,5661.85778208496,"moving",29,-14.69295,145.44156,"run_day_11652_liz21_del_07_29.json","07",11652
145.441722,-14.693694,3725,3.55,2021-11-26 07:44:00,0.0550183541878521,6117.76185802256,"moving",29,-14.69295,145.44156,"run_day_11652_liz21_del_07_29.json","07",11652
145.441849,-14.694164,3725,3.55,2021-11-26 07:56:00,0.0540173054163547,6006.45031330828,"moving",29,-14.69295,145.44156,"run_day_11652_liz21_del_07_29.json","07",11652
145.441993,-14.694613,3725,3.55,2021-11-26 08:08:00,0.0522737676660754,5812.57776106396,"moving",29,-14.69295,145.44156,"run_day_11652_liz21_del_07_29.json","07",11652
145.44167,-14.693144,3726,3.55,2021-11-26 07:24:00,0.0493079508641063,5482.79397932781,"moving",29,-14.69295,145.44156,"run_day_11652_liz21_del_07_29.json","07",11652
145.441756,-14.693604,3726,3.55,2021-11-26 07:36:00,0.0519793370308205,5779.83856817488,"moving",29,-14.69295,145.44156,"run_day_11652_liz21_del_07_29.json","07",11652
145.441871,-14.694045,3726,3.55,2021-11-26 07:48:00,0.0505729270173318,5623.45290989283,"moving",29,-14.69295,145.44156,"run_day_11652_liz21_del_07_29.json","07",11652
145.442,-14.694478,3726,3.55,2021-11-26 08:00:00,0.0501067649579153,5571.61805389154,"moving",29,-14.69295,145.44156,"run_day_11652_liz21_del_07_29.json","07",11652
145.441467,-14.693529,3727,3.55,2021-11-26 07:12:00,0.0599395738699338,6664.9765195734,"moving",29,-14.69295,145.44156,"run_day_11652_liz21_del_07_29.json","07",11652
145.441629,-14.694066,3727,3.55,2021-11-26 07:24:00,0.0622020545539089,6916.55289326274,"moving",29,-14.69295,145.44156,"run_day_11652_liz21_del_07_29.json","07",11652
145.441811,-14.694601,3727,3.55,2021-11-26 07:36:00,0.0626272937117275,6963.83733022277,"moving",29,-14.69295,145.44156,"run_day_11652_liz21_del_07_29.json","07",11652
145.441602,-14.6933,3728,3.55,2021-11-26 08:09:00,0.0524423070776944,5831.31848857565,"moving",29,-14.69295,145.44156,"run_day_11652_liz21_del_07_29.json","07",11652
145.441696,-14.693783,3728,3.55,2021-11-26 08:21:00,0.0546505261066491,6076.86124151539,"moving",29,-14.69295,145.44156,"run_day_11652_liz21_del_07_29.json","07",11652
145.44182,-14.694251,3728,3.55,2021-11-26 08:33:00,0.0537211541410108,5973.51979397073,"moving",29,-14.69295,145.44156,"run_day_11652_liz21_del_07_29.json","07",11652
145.441968,-14.694692,3728,3.55,2021-11-26 08:45:00,0.0515560371871661,5732.76977311108,"moving",29,-14.69295,145.44156,"run_day_11652_liz21_del_07_29.json","07",11652
145.441764,-14.693183,3729,3.55,2021-11-26 08:03:00,0.0455142614569798,5060.95496399013,"moving",29,-14.69295,145.44156,"run_day_11652_liz21_del_07_29.json","07",11652
145.441826,-14.693559,3729,3.55,2021-11-26 08:15:00,0.0423377791571562,4707.74624767351,"moving",29,-14.69295,145.44156,"run_day_11652_liz21_del_07_29.json","07",11652
145.441903,-14.693917,3729,3.55,2021-11-26 08:27:00,0.0406601900324081,4521.20684800743,"moving",29,-14.69295,145.44156,"run_day_11652_liz21_del_07_29.json","07",11652
145.442,-14.694272,3729,3.55,2021-11-26 08:39:00,0.0408296810526678,4540.05338957213,"moving",29,-14.69295,145.44156,"run_day_11652_liz21_del_07_29.json","07",11652
145.442117,-14.694644,3729,3.55,2021-11-26 08:51:00,0.0432364100384684,4807.66944260155,"moving",29,-14.69295,145.44156,"run_day_11652_liz21_del_07_29.json","07",11652
145.441563,-14.69358,3730,3.55,2021-11-26 07:34:00,0.0569086056979521,6327.9482360279,"moving",29,-14.69295,145.44156,"run_day_11652_liz21_del_07_29.json","07",11652
145.441709,-14.694107,3730,3.55,2021-11-26 07:46:00,0.060667356967879,6745.90230776256,"moving",29,-14.69295,145.44156,"run_day_11652_liz21_del_07_29.json","07",11652
145.441879,-14.694615,3730,3.55,2021-11-26 07:58:00,0.0593727219537832,6601.9454623387,"moving",29,-14.69295,145.44156,"run_day_11652_liz21_del_07_29.json","07",11652
145.441531,-14.693231,3731,3.55,2021-11-26 07:12:00,0.0547787086432514,6091.11448927,"moving",29,-14.69295,145.44156,"run_day_11652_liz21_del_07_29.json","07",11652
145.441651,-14.693734,3731,3.55,2021-11-26 07:24:00,0.0574009863344035,6382.69846477931,"moving",29,-14.69295,145.44156,"run_day_11652_liz21_del_07_29.json","07",11652
145.441805,-14.694247,3731,3.55,2021-11-26 07:36:00,0.0593992301607846,6604.89304047171,"moving",29,-14.69295,145.44156,"run_day_11652_liz21_del_07_29.json","07",11652
145.441659,-14.693538,3732,3.55,2021-11-26 07:12:00,0.0557744402349879,6201.8347905708,"moving",29,-14.69295,145.44156,"run_day_11652_liz21_del_07_29.json","07",11652
145.441797,-14.694038,3732,3.55,2021-11-26 07:24:00,0.057544713300529,6398.68017423449,"moving",29,-14.69295,145.44156,"run_day_11652_liz21_del_07_29.json","07",11652
145.441944,-14.694517,3732,3.55,2021-11-26 07:36:00,0.0555595984427446,6177.94547324213,"moving",29,-14.69295,145.44156,"run_day_11652_liz21_del_07_29.json","07",11652
145.4415,-14.693551,3733,3.55,2021-11-26 07:24:00,0.0583503307729294,6488.26074998163,"moving",29,-14.69295,145.44156,"run_day_11652_liz21_del_07_29.json","07",11652
145.441656,-14.694083,3733,3.55,2021-11-26 07:36:00,0.0614893083267572,6837.29912881843,"moving",29,-14.69295,145.44156,"run_day_11652_liz21_del_07_29.json","07",11652
145.441835,-14.694612,3733,3.55,2021-11-26 07:48:00,0.0618927714967617,6882.16218641085,"moving",29,-14.69295,145.44156,"run_day_11652_liz21_del_07_29.json","07",11652
145.44175,-14.693147,3734,3.55,2021-11-26 08:03:00,0.0461900449283528,5136.09865751706,"moving",29,-14.69295,145.44156,"run_day_11652_liz21_del_07_29.json","07",11652
145.441813,-14.693532,3734,3.55,2021-11-26 08:15:00,0.0433430136560052,4819.5232240336,"moving",29,-14.69295,145.44156,"run_day_11652_liz21_del_07_29.json","07",11652
145.44189,-14.693897,3734,3.55,2021-11-26 08:27:00,0.0414225403590693,4605.97633665799,"moving",29,-14.69295,145.44156,"run_day_11652_liz21_del_07_29.json","07",11652
145.441987,-14.694257,3734,3.55,2021-11-26 08:39:00,0.0413674423512249,4599.84971771747,"moving",29,-14.69295,145.44156,"run_day_11652_liz21_del_07_29.json","07",11652
145.442105,-14.694632,3734,3.55,2021-11-26 08:51:00,0.0435868586298985,4846.63754801832,"moving",29,-14.69295,145.44156,"run_day_11652_liz21_del_07_29.json","07",11652
145.441593,-14.693462,3735,3.55,2021-11-26 07:39:00,0.0550181584423667,6117.74009211768,"moving",29,-14.69295,145.44156,"run_day_11652_liz21_del_07_29.json","07",11652
145.441718,-14.693976,3735,3.55,2021-11-26 07:51:00,0.0587142589789276,6528.72772015148,"moving",29,-14.69295,145.44156,"run_day_11652_liz21_del_07_29.json","07",11652
145.441871,-14.694469,3735,3.55,2021-11-26 08:03:00,0.057235883883783,6364.33990989373,"moving",29,-14.69295,145.44156,"run_day_11652_liz21_del_07_29.json","07",11652
145.441772,-14.693295,3736,3.55,2021-11-26 07:47:00,0.0464802992830695,5168.37346919805,"moving",29,-14.69295,145.44156,"run_day_11652_liz21_del_07_29.json","07",11652
145.441842,-14.693685,3736,3.55,2021-11-26 07:59:00,0.0440147594958379,4894.21795341759,"moving",29,-14.69295,145.44156,"run_day_11652_liz21_del_07_29.json","07",11652
145.441935,-14.694059,3736,3.55,2021-11-26 08:11:00,0.0427729924348646,4756.13975616303,"moving",29,-14.69295,145.44156,"run_day_11652_liz21_del_07_29.json","07",11652
145.442044,-14.694437,3736,3.55,2021-11-26 08:23:00,0.0436361154305391,4852.1146543523,"moving",29,-14.69295,145.44156,"run_day_11652_liz21_del_07_29.json","07",11652
145.441689,-14.693174,3737,3.55,2021-11-26 07:58:00,0.0491481466038017,5465.02455632575,"moving",29,-14.69295,145.44156,"run_day_11652_liz21_del_07_29.json","07",11652
145.441764,-14.693623,3737,3.55,2021-11-26 08:10:00,0.0505740279200821,5623.57532469339,"moving",29,-14.69295,145.44156,"run_day_11652_liz21_del_07_29.json","07",11652
145.441861,-14.694039,3737,3.55,2021-11-26 08:22:00,0.0474190790869198,5272.76102062258,"moving",29,-14.69295,145.44156,"run_day_11652_liz21_del_07_29.json","07",11652
145.44198,-14.694442,3737,3.55,2021-11-26 08:34:00,0.04660365334496,5182.08981506128,"moving",29,-14.69295,145.44156,"run_day_11652_liz21_del_07_29.json","07",11652
145.441636,-14.693499,3738,3.55,2021-11-26 07:20:00,0.0550577266687002,6122.13987814228,"moving",29,-14.69295,145.44156,"run_day_11652_liz21_del_07_29.json","07",11652
145.441769,-14.694002,3738,3.55,2021-11-26 07:32:00,0.0577314697366538,6419.44654244978,"moving",29,-14.69295,145.44156,"run_day_11652_liz21_del_07_29.json","07",11652
145.441918,-14.694487,3738,3.55,2021-11-26 07:44:00,0.0562604028659852,6255.87136967655,"moving",29,-14.69295,145.44156,"run_day_11652_liz21_del_07_29.json","07",11652
145.441506,-14.693387,3739,3.55,2021-11-26 08:07:00,0.0560525241523269,6232.75631136035,"moving",29,-14.69295,145.44156,"run_day_11652_liz21_del_07_29.json","07",11652
145.441621,-14.693892,3739,3.55,2021-11-26 08:19:00,0.0574996182114827,6393.66582911595,"moving",29,-14.69295,145.44156,"run_day_11652_liz21_del_07_29.json","07",11652
145.44177,-14.694393,3739,3.55,2021-11-26 08:31:00,0.0579680304305181,6445.75089145101,"moving",29,-14.69295,145.44156,"run_day_11652_liz21_del_07_29.json","07",11652
145.441598,-14.693254,3740,3.55,2021-11-26 07:17:00,0.0532114623994247,5916.84465815373,"moving",29,-14.69295,145.44156,"run_day_11652_liz21_del_07_29.json","07",11652
145.441708,-14.693748,3740,3.55,2021-11-26 07:29:00,0.0561900341726725,6248.04672798557,"moving",29,-14.69295,145.44156,"run_day_11652_liz21_del_07_29.json","07",11652
145.441851,-14.694236,3740,3.55,2021-11-26 07:41:00,0.0564008551537736,6271.48895151423,"moving",29,-14.69295,145.44156,"run_day_11652_liz21_del_07_29.json","07",11652
145.442008,-14.694706,3740,3.55,2021-11-26 07:53:00,0.0549220708083377,6107.05563470037,"moving",29,-14.69295,145.44156,"run_day_11652_liz21_del_07_29.json","07",11652
145.441525,-14.693324,3741,3.55,2021-11-26 07:59:00,0.0550890817171761,6125.6264004575,"moving",29,-14.69295,145.44156,"run_day_11652_liz21_del_07_29.json","07",11652
145.441637,-14.693828,3741,3.55,2021-11-26 08:11:00,0.0573223536610276,6373.95491043141,"moving",29,-14.69295,145.44156,"run_day_11652_liz21_del_07_29.json","07",11652
145.441778,-14.694327,3741,3.55,2021-11-26 08:23:00,0.057521513818416,6396.10050952274,"moving",29,-14.69295,145.44156,"run_day_11652_liz21_del_07_29.json","07",11652
145.441511,-14.69348,3742,3.55,2021-11-26 08:02:00,0.0570759967339543,6346.56126999712,"moving",29,-14.69295,145.44156,"run_day_11652_liz21_del_07_29.json","07",11652
145.441636,-14.693995,3742,3.55,2021-11-26 08:14:00,0.0588225046525438,6540.76408988882,"moving",29,-14.69295,145.44156,"run_day_11652_liz21_del_07_29.json","07",11652
145.441795,-14.694498,3742,3.55,2021-11-26 08:26:00,0.0584871915853988,6503.47897798468,"moving",29,-14.69295,145.44156,"run_day_11652_liz21_del_07_29.json","07",11652
145.441554,-14.693663,3743,3.55,2021-11-26 08:08:00,0.057631407544223,6408.32013430254,"moving",29,-14.69295,145.44156,"run_day_11652_liz21_del_07_29.json","07",11652
145.441689,-14.694177,3743,3.55,2021-11-26 08:20:00,0.0589698456949677,6557.14766629288,"moving",29,-14.69295,145.44156,"run_day_11652_liz21_del_07_29.json","07",11652
145.441857,-14.694667,3743,3.55,2021-11-26 08:32:00,0.0574037191393402,6383.00233882378,"moving",29,-14.69295,145.44156,"run_day_11652_liz21_del_07_29.json","07",11652
145.441606,-14.693482,3744,3.55,2021-11-26 08:02:00,0.0548162406977444,6095.28786331616,"moving",29,-14.69295,145.44156,"run_day_11652_liz21_del_07_29.json","07",11652
145.441718,-14.693982,3744,3.55,2021-11-26 08:14:00,0.0568875816525406,6325.61046884059,"moving",29,-14.69295,145.44156,"run_day_11652_liz21_del_07_29.json","07",11652
145.441861,-14.694453,3744,3.55,2021-11-26 08:26:00,0.0545846187108967,6069.53267347937,"moving",29,-14.69295,145.44156,"run_day_11652_liz21_del_07_29.json","07",11652
145.441518,-14.693438,3745,3.55,2021-11-26 08:04:00,0.0563533783423546,6266.20977095119,"moving",29,-14.69295,145.44156,"run_day_11652_liz21_del_07_29.json","07",11652
145.441637,-14.693947,3745,3.55,2021-11-26 08:16:00,0.0580274423747778,6452.35719823478,"moving",29,-14.69295,145.44156,"run_day_11652_liz21_del_07_29.json","07",11652
145.44179,-14.694447,3745,3.55,2021-11-26 08:28:00,0.0579818143729554,6447.2835959192,"moving",29,-14.69295,145.44156,"run_day_11652_liz21_del_07_29.json","07",11652
145.441577,-14.693404,3746,3.55,2021-11-26 07:15:00,0.0557032563762506,6193.91950662024,"moving",29,-14.69295,145.44156,"run_day_11652_liz21_del_07_29.json","07",11652
145.441709,-14.693915,3746,3.55,2021-11-26 07:27:00,0.058567536495824,6512.41292440566,"moving",29,-14.69295,145.44156,"run_day_11652_liz21_del_07_29.json","07",11652
145.441864,-14.694418,3746,3.55,2021-11-26 07:39:00,0.0583628429698962,6489.6520428055,"moving",29,-14.69295,145.44156,"run_day_11652_liz21_del_07_29.json","07",11652
145.441657,-14.693225,3747,3.55,2021-11-26 08:01:00,0.0504680518282872,5611.79132094019,"moving",29,-14.69295,145.44156,"run_day_11652_liz21_del_07_29.json","07",11652
145.44174,-14.693694,3747,3.55,2021-11-26 08:13:00,0.0529090164864683,5883.21420704859,"moving",29,-14.69295,145.44156,"run_day_11652_liz21_del_07_29.json","07",11652
145.441848,-14.694132,3747,3.55,2021-11-26 08:25:00,0.0500695243373726,5567.47708582209,"moving",29,-14.69295,145.44156,"run_day_11652_liz21_del_07_29.json","07",11652
145.441979,-14.694552,3747,3.55,2021-11-26 08:37:00,0.0487810992305121,5424.21075057773,"moving",29,-14.69295,145.44156,"run_day_11652_liz21_del_07_29.json","07",11652
145.441717,-14.693365,3748,3.55,2021-11-26 07:22:00,0.0513621625478614,5711.21189681535,"moving",29,-14.69295,145.44156,"run_day_11652_liz21_del_07_29.json","07",11652
145.441815,-14.693812,3748,3.55,2021-11-26 07:34:00,0.0508095232520999,5649.76121086225,"moving",29,-14.69295,145.44156,"run_day_11652_liz21_del_07_29.json","07",11652
145.44194,-14.694245,3748,3.55,2021-11-26 07:46:00,0.0499893432334301,5558.56135385092,"moving",29,-14.69295,145.44156,"run_day_11652_liz21_del_07_29.json","07",11652
145.442079,-14.69468,3748,3.55,2021-11-26 07:58:00,0.0506276225025421,5629.53477035858,"moving",29,-14.69295,145.44156,"run_day_11652_liz21_del_07_29.json","07",11652
145.441554,-14.693292,3749,3.55,2021-11-26 07:25:00,0.0539716323062195,6001.37169517718,"moving",29,-14.69295,145.44156,"run_day_11652_liz21_del_07_29.json","07",11652
145.441672,-14.693796,3749,3.55,2021-11-26 07:37:00,0.0574614413531618,6389.42075615544,"moving",29,-14.69295,145.44156,"run_day_11652_liz21_del_07_29.json","07",11652
145.441823,-14.694304,3749,3.55,2021-11-26 07:49:00,0.0587755320047244,6535.54096976024,"moving",29,-14.69295,145.44156,"run_day_11652_liz21_del_07_29.json","07",11652
145.441685,-14.693185,3750,3.55,2021-11-26 07:26:00,0.0495054507376211,5504.75496327559,"moving",29,-14.69295,145.44156,"run_day_11652_liz21_del_07_29.json","07",11652
145.441771,-14.69364,3750,3.55,2021-11-26 07:38:00,0.0514323314839663,5719.01432651826,"moving",29,-14.69295,145.44156,"run_day_11652_liz21_del_07_29.json","07",11652
145.441886,-14.694074,3750,3.55,2021-11-26 07:50:00,0.0498185657405574,5539.57176305841,"moving",29,-14.69295,145.44156,"run_day_11652_liz21_del_07_29.json","07",11652
145.442014,-14.694504,3750,3.55,2021-11-26 08:02:00,0.0497564415599945,5532.66386935787,"moving",29,-14.69295,145.44156,"run_day_11652_liz21_del_07_29.json","07",11652
145.441665,-14.693446,3751,3.55,2021-11-26 07:16:00,0.0542499888095052,6032.32352614106,"moving",29,-14.69295,145.44156,"run_day_11652_liz21_del_07_29.json","07",11652
145.441788,-14.693935,3751,3.55,2021-11-26 07:28:00,0.055960620188044,6222.53705679356,"moving",29,-14.69295,145.44156,"run_day_11652_liz21_del_07_29.json","07",11652
145.441928,-14.694406,3751,3.55,2021-11-26 07:40:00,0.0544945761563421,6059.52039823078,"moving",29,-14.69295,145.44156,"run_day_11652_liz21_del_07_29.json","07",11652
145.441647,-14.693351,3752,3.55,2021-11-26 07:47:00,0.0525085115892436,5838.68009438091,"moving",29,-14.69295,145.44156,"run_day_11652_liz21_del_07_29.json","07",11652
145.441747,-14.693843,3752,3.55,2021-11-26 07:59:00,0.0557552050132215,6199.6959314975,"moving",29,-14.69295,145.44156,"run_day_11652_liz21_del_07_29.json","07",11652
145.441876,-14.694301,3752,3.55,2021-11-26 08:11:00,0.0527835511485942,5869.26309800724,"moving",29,-14.69295,145.44156,"run_day_11652_liz21_del_07_29.json","07",11652
145.44168,-14.693505,3753,3.55,2021-11-26 07:29:00,0.0535320281664762,5952.48994510577,"moving",29,-14.69295,145.44156,"run_day_11652_liz21_del_07_29.json","07",11652
145.441802,-14.693991,3753,3.55,2021-11-26 07:41:00,0.0556110686154704,6183.66869532275,"moving",29,-14.69295,145.44156,"run_day_11652_liz21_del_07_29.json","07",11652
145.441942,-14.694454,3753,3.55,2021-11-26 07:53:00,0.0536402142566476,5964.51968946635,"moving",29,-14.69295,145.44156,"run_day_11652_liz21_del_07_29.json","07",11652
145.441599,-14.69366,3754,3.55,2021-11-26 07:53:00,0.0572593285210133,6366.94683461076,"moving",29,-14.69295,145.44156,"run_day_11652_liz21_del_07_29.json","07",11652
145.441737,-14.694179,3754,3.55,2021-11-26 08:05:00,0.0595884150032742,6625.9294351546,"moving",29,-14.69295,145.44156,"run_day_11652_liz21_del_07_29.json","07",11652
145.441901,-14.694662,3754,3.55,2021-11-26 08:17:00,0.056529730052581,6285.81918643346,"moving",29,-14.69295,145.44156,"run_day_11652_liz21_del_07_29.json","07",11652
145.441601,-14.693172,3755,3.55,2021-11-26 07:26:00,0.0511177098227306,5684.02999397637,"moving",29,-14.69295,145.44156,"run_day_11652_liz21_del_07_29.json","07",11652
145.441701,-14.693657,3755,3.55,2021-11-26 07:38:00,0.0549916680191279,6114.79449144885,"moving",29,-14.69295,145.44156,"run_day_11652_liz21_del_07_29.json","07",11652
145.441831,-14.694141,3755,3.55,2021-11-26 07:50:00,0.0556050952124923,6183.00448321679,"moving",29,-14.69295,145.44156,"run_day_11652_liz21_del_07_29.json","07",11652
145.441979,-14.694602,3755,3.55,2021-11-26 08:02:00,0.0536756684697376,5968.46201809013,"moving",29,-14.69295,145.44156,"run_day_11652_liz21_del_07_29.json","07",11652
145.441632,-14.693553,3756,3.55,2021-11-26 07:18:00,0.0561041293354194,6238.49454590879,"moving",29,-14.69295,145.44156,"run_day_11652_liz21_del_07_29.json","07",11652
145.441773,-14.69406,3756,3.55,2021-11-26 07:30:00,0.0583800745389458,6491.56810586195,"moving",29,-14.69295,145.44156,"run_day_11652_liz21_del_07_29.json","07",11652
145.441927,-14.694549,3756,3.55,2021-11-26 07:42:00,0.0568412771411349,6320.46164209153,"moving",29,-14.69295,145.44156,"run_day_11652_liz21_del_07_29.json","07",11652
145.441492,-14.693382,3757,3.55,2021-11-26 07:58:00,0.0566091052650061,6294.64530735646,"moving",29,-14.69295,145.44156,"run_day_11652_liz21_del_07_29.json","07",11652
145.441613,-14.693896,3757,3.55,2021-11-26 08:10:00,0.0586172383483281,6517.93951824896,"moving",29,-14.69295,145.44156,"run_day_11652_liz21_del_07_29.json","07",11652
145.441766,-14.694406,3757,3.55,2021-11-26 08:22:00,0.0590488819563369,6565.93609757809,"moving",29,-14.69295,145.44156,"run_day_11652_liz21_del_07_29.json","07",11652
145.441609,-14.693374,3758,3.55,2021-11-26 07:27:00,0.0536456007748137,5965.11864295869,"moving",29,-14.69295,145.44156,"run_day_11652_liz21_del_07_29.json","07",11652
145.441728,-14.693877,3758,3.55,2021-11-26 07:39:00,0.057376894900363,6380.01961953842,"moving",29,-14.69295,145.44156,"run_day_11652_liz21_del_07_29.json","07",11652
145.441874,-14.694364,3758,3.55,2021-11-26 07:51:00,0.0563828971690693,6269.49211472236,"moving",29,-14.69295,145.44156,"run_day_11652_liz21_del_07_29.json","07",11652
145.441548,-14.693489,3759,3.55,2021-11-26 07:53:00,0.0565463435868643,6287.66652715939,"moving",29,-14.69295,145.44156,"run_day_11652_liz21_del_07_29.json","07",11652
145.441674,-14.694006,3759,3.55,2021-11-26 08:05:00,0.0590636160815848,6567.5744575542,"moving",29,-14.69295,145.44156,"run_day_11652_liz21_del_07_29.json","07",11652
145.441832,-14.694504,3759,3.55,2021-11-26 08:17:00,0.0579240958907539,6440.86559352476,"moving",29,-14.69295,145.44156,"run_day_11652_liz21_del_07_29.json","07",11652
145.441581,-14.693442,3760,3.55,2021-11-26 07:35:00,0.0549567927589878,6110.91653945586,"moving",29,-14.69295,145.44156,"run_day_11652_liz21_del_07_29.json","07",11652
145.441708,-14.693956,3760,3.55,2021-11-26 07:47:00,0.058763891269653,6534.24657907789,"moving",29,-14.69295,145.44156,"run_day_11652_liz21_del_07_29.json","07",11652
145.441863,-14.694455,3760,3.55,2021-11-26 07:59:00,0.0579367342793722,6442.27091822008,"moving",29,-14.69295,145.44156,"run_day_11652_liz21_del_07_29.json","07",11652
145.441628,-14.693306,3761,3.55,2021-11-26 07:53:00,0.0524207939292201,5828.92633560916,"moving",29,-14.69295,145.44156,"run_day_11652_liz21_del_07_29.json","07",11652
145.441724,-14.693797,3761,3.55,2021-11-26 08:05:00,0.055564546809715,6178.49570654441,"moving",29,-14.69295,145.44156,"run_day_11652_liz21_del_07_29.json","07",11652
145.441849,-14.694258,3761,3.55,2021-11-26 08:17:00,0.0529946968036495,5892.74142363244,"moving",29,-14.69295,145.44156,"run_day_11652_liz21_del_07_29.json","07",11652
145.441996,-14.694695,3761,3.55,2021-11-26 08:29:00,0.0510997918154597,5682.03760247226,"moving",29,-14.69295,145.44156,"run_day_11652_liz21_del_07_29.json","07",11652
145.441495,-14.693553,3762,3.55,2021-11-26 08:06:00,0.0580155909716308,6451.03938233122,"moving",29,-14.69295,145.44156,"run_day_11652_liz21_del_07_29.json","07",11652
145.441627,-14.69407,3762,3.55,2021-11-26 08:18:00,0.0592150244900493,6584.41030442678,"moving",29,-14.69295,145.44156,"run_day_11652_liz21_del_07_29.json","07",11652
145.441794,-14.694576,3762,3.55,2021-11-26 08:30:00,0.0590622503080277,6567.4225904637,"moving",29,-14.69295,145.44156,"run_day_11652_liz21_del_07_29.json","07",11652
145.441687,-14.693426,3763,3.55,2021-11-26 07:16:00,0.0534900869660622,5947.82629640235,"moving",29,-14.69295,145.44156,"run_day_11652_liz21_del_07_29.json","07",11652
145.441803,-14.693902,3763,3.55,2021-11-26 07:28:00,0.0543794644195101,6046.72055709782,"moving",29,-14.69295,145.44156,"run_day_11652_liz21_del_07_29.json","07",11652
145.441938,-14.694361,3763,3.55,2021-11-26 07:40:00,0.0530637932293269,5900.42459561703,"moving",29,-14.69295,145.44156,"run_day_11652_liz21_del_07_29.json","07",11652
145.44161,-14.693671,3764,3.55,2021-11-26 07:20:00,0.0578237951246881,6429.71265719968,"moving",29,-14.69295,145.44156,"run_day_11652_liz21_del_07_29.json","07",11652
145.441765,-14.694192,3764,3.55,2021-11-26 07:32:00,0.0602836713452532,6703.23841310012,"moving",29,-14.69295,145.44156,"run_day_11652_liz21_del_07_29.json","07",11652
145.441934,-14.694691,3764,3.55,2021-11-26 07:44:00,0.0583878438660528,6492.43201561969,"moving",29,-14.69295,145.44156,"run_day_11652_liz21_del_07_29.json","07",11652
145.441692,-14.693376,3765,3.55,2021-11-26 07:43:00,0.0517098741649109,5749.87566456663,"moving",29,-14.69295,145.44156,"run_day_11652_liz21_del_07_29.json","07",11652
145.441789,-14.693846,3765,3.55,2021-11-26 07:55:00,0.0532928457698059,5925.89407605335,"moving",29,-14.69295,145.44156,"run_day_11652_liz21_del_07_29.json","07",11652
145.441912,-14.694285,3765,3.55,2021-11-26 08:07:00,0.050575550888074,5623.74467100753,"moving",29,-14.69295,145.44156,"run_day_11652_liz21_del_07_29.json","07",11652
145.441708,-14.693222,3766,3.55,2021-11-26 07:45:00,0.0493861252620553,5491.48657577322,"moving",29,-14.69295,145.44156,"run_day_11652_liz21_del_07_29.json","07",11652
145.441786,-14.693665,3766,3.55,2021-11-26 07:57:00,0.0499686758865532,5556.26324973102,"moving",29,-14.69295,145.44156,"run_day_11652_liz21_del_07_29.json","07",11652
145.441889,-14.69408,3766,3.55,2021-11-26 08:09:00,0.0474571050361285,5276.98931325542,"moving",29,-14.69295,145.44156,"run_day_11652_liz21_del_07_29.json","07",11652
145.44201,-14.694485,3766,3.55,2021-11-26 08:21:00,0.046876797730953,5212.46208502514,"moving",29,-14.69295,145.44156,"run_day_11652_liz21_del_07_29.json","07",11652
145.441563,-14.693277,3767,3.55,2021-11-26 08:06:00,0.0533366224209558,5930.76181756671,"moving",29,-14.69295,145.44156,"run_day_11652_liz21_del_07_29.json","07",11652
145.441663,-14.693766,3767,3.55,2021-11-26 08:18:00,0.055427924340128,6163.30398106068,"moving",29,-14.69295,145.44156,"run_day_11652_liz21_del_07_29.json","07",11652
145.441791,-14.69425,3767,3.55,2021-11-26 08:30:00,0.055551390019445,6177.03273821546,"moving",29,-14.69295,145.44156,"run_day_11652_liz21_del_07_29.json","07",11652
145.441945,-14.694702,3767,3.55,2021-11-26 08:42:00,0.0529192036556354,5884.34696857685,"moving",29,-14.69295,145.44156,"run_day_11652_liz21_del_07_29.json","07",11652
145.441668,-14.693168,3768,3.55,2021-11-26 07:40:00,0.0495941920531491,5514.62254734607,"moving",29,-14.69295,145.44156,"run_day_11652_liz21_del_07_29.json","07",11652
145.441752,-14.693635,3768,3.55,2021-11-26 07:52:00,0.0527081594411328,5860.87992262646,"moving",29,-14.69295,145.44156,"run_day_11652_liz21_del_07_29.json","07",11652
145.441861,-14.694075,3768,3.55,2021-11-26 08:04:00,0.050310828824353,5594.30892055088,"moving",29,-14.69295,145.44156,"run_day_11652_liz21_del_07_29.json","07",11652
145.441989,-14.694499,3768,3.55,2021-11-26 08:16:00,0.049115667022526,5461.41299166835,"moving",29,-14.69295,145.44156,"run_day_11652_liz21_del_07_29.json","07",11652
145.441654,-14.693533,3769,3.55,2021-11-26 07:12:00,0.0560141528580854,6228.4896181119,"moving",29,-14.69295,145.44156,"run_day_11652_liz21_del_07_29.json","07",11652
145.441792,-14.694035,3769,3.55,2021-11-26 07:24:00,0.0577596062786725,6422.57518317559,"moving",29,-14.69295,145.44156,"run_day_11652_liz21_del_07_29.json","07",11652
145.44194,-14.694515,3769,3.55,2021-11-26 07:36:00,0.0556968503474441,6193.20718871701,"moving",29,-14.69295,145.44156,"run_day_11652_liz21_del_07_29.json","07",11652
145.44171,-14.69356,3770,3.55,2021-11-26 07:15:00,0.0547999330535627,6093.47453601763,"moving",29,-14.69295,145.44156,"run_day_11652_liz21_del_07_29.json","07",11652
145.441839,-14.694031,3770,3.55,2021-11-26 07:27:00,0.0541795861148399,6024.49510367217,"moving",29,-14.69295,145.44156,"run_day_11652_liz21_del_07_29.json","07",11652
145.441977,-14.694493,3770,3.55,2021-11-26 07:39:00,0.0534733886524805,5945.96952864855,"moving",29,-14.69295,145.44156,"run_day_11652_liz21_del_07_29.json","07",11652
145.441669,-14.693467,3771,3.55,2021-11-26 07:49:00,0.0534287359414086,5941.00437371643,"moving",29,-14.69295,145.44156,"run_day_11652_liz21_del_07_29.json","07",11652
145.441778,-14.693955,3771,3.55,2021-11-26 08:01:00,0.0555151833206879,6173.00673700312,"moving",29,-14.69295,145.44156,"run_day_11652_liz21_del_07_29.json","07",11652
145.441911,-14.694406,3771,3.55,2021-11-26 08:13:00,0.0521493338125445,5798.74134784849,"moving",29,-14.69295,145.44156,"run_day_11652_liz21_del_07_29.json","07",11652
145.441595,-14.693535,3772,3.55,2021-11-26 07:20:00,0.0563533770956876,6266.20963232814,"moving",29,-14.69295,145.44156,"run_day_11652_liz21_del_07_29.json","07",11652
145.441739,-14.694052,3772,3.55,2021-11-26 07:32:00,0.0595376771485677,6620.2876431224,"moving",29,-14.69295,145.44156,"run_day_11652_liz21_del_07_29.json","07",11652
145.441898,-14.694552,3772,3.55,2021-11-26 07:44:00,0.0581682664080932,6468.01611628907,"moving",29,-14.69295,145.44156,"run_day_11652_liz21_del_07_29.json","07",11652
145.441576,-14.693596,3773,3.55,2021-11-26 07:58:00,0.057019094387161,6340.23401771954,"moving",29,-14.69295,145.44156,"run_day_11652_liz21_del_07_29.json","07",11652
145.441707,-14.694112,3773,3.55,2021-11-26 08:10:00,0.0590813348033105,6569.54468951672,"moving",29,-14.69295,145.44156,"run_day_11652_liz21_del_07_29.json","07",11652
145.441867,-14.694599,3773,3.55,2021-11-26 08:22:00,0.0568206917945731,6318.17265599064,"moving",29,-14.69295,145.44156,"run_day_11652_liz21_del_07_29.json","07",11652
145.441606,-14.693333,3774,3.55,2021-11-26 07:25:00,0.0533199799811635,5928.91126269481,"moving",29,-14.69295,145.44156,"run_day_11652_liz21_del_07_29.json","07",11652
145.441721,-14.693832,3774,3.55,2021-11-26 07:37:00,0.056848250285576,6321.23702037614,"moving",29,-14.69295,145.44156,"run_day_11652_liz21_del_07_29.json","07",11652
145.441865,-14.694319,3774,3.55,2021-11-26 07:49:00,0.0563233638224706,6262.87230861441,"moving",29,-14.69295,145.44156,"run_day_11652_liz21_del_07_29.json","07",11652
145.441736,-14.693594,3775,3.55,2021-11-26 07:31:00,0.0530412477434151,5897.91765196491,"moving",29,-14.69295,145.44156,"run_day_11652_liz21_del_07_29.json","07",11652
145.441857,-14.694049,3775,3.55,2021-11-26 07:43:00,0.0522407913785175,5808.91096518795,"moving",29,-14.69295,145.44156,"run_day_11652_liz21_del_07_29.json","07",11652
145.441991,-14.694495,3775,3.55,2021-11-26 07:55:00,0.0516448231849444,5742.6423256211,"moving",29,-14.69295,145.44156,"run_day_11652_liz21_del_07_29.json","07",11652
145.44149,-14.693562,3776,3.55,2021-11-26 07:41:00,0.0585937089297223,6515.3231662731,"moving",29,-14.69295,145.44156,"run_day_11652_liz21_del_07_29.json","07",11652
145.441639,-14.694097,3776,3.55,2021-11-26 07:53:00,0.0616101761373465,6850.73901615058,"moving",29,-14.69295,145.44156,"run_day_11652_liz21_del_07_29.json","07",11652
145.441819,-14.694624,3776,3.55,2021-11-26 08:05:00,0.0617151105333645,6862.4071886183,"moving",29,-14.69295,145.44156,"run_day_11652_liz21_del_07_29.json","07",11652
145.44163,-14.693284,3777,3.55,2021-11-26 07:24:00,0.0520955853753003,5792.76479431187,"moving",29,-14.69295,145.44156,"run_day_11652_liz21_del_07_29.json","07",11652
145.441736,-14.693774,3777,3.55,2021-11-26 07:36:00,0.055665595409862,6189.73179822529,"moving",29,-14.69295,145.44156,"run_day_11652_liz21_del_07_29.json","07",11652
145.441872,-14.694248,3777,3.55,2021-11-26 07:48:00,0.0546986294475259,6082.21008897555,"moving",29,-14.69295,145.44156,"run_day_11652_liz21_del_07_29.json","07",11652
145.441695,-14.693379,3778,3.55,2021-11-26 08:07:00,0.0511562891846712,5688.31982329735,"moving",29,-14.69295,145.44156,"run_day_11652_liz21_del_07_29.json","07",11652
145.441781,-14.693834,3778,3.55,2021-11-26 08:19:00,0.0514323300068951,5719.01416227544,"moving",29,-14.69295,145.44156,"run_day_11652_liz21_del_07_29.json","07",11652
145.441894,-14.694255,3778,3.55,2021-11-26 08:31:00,0.048365117054772,5377.95564306086,"moving",29,-14.69295,145.44156,"run_day_11652_liz21_del_07_29.json","07",11652
145.442029,-14.694667,3778,3.55,2021-11-26 08:43:00,0.0480583779107384,5343.84780644104,"moving",29,-14.69295,145.44156,"run_day_11652_liz21_del_07_29.json","07",11652
145.441686,-14.693241,3779,3.55,2021-11-26 07:26:00,0.0502015108788525,5582.15331962002,"moving",29,-14.69295,145.44156,"run_day_11652_liz21_del_07_29.json","07",11652
145.441776,-14.693702,3779,3.55,2021-11-26 07:38:00,0.052166880173024,5800.69241411489,"moving",29,-14.69295,145.44156,"run_day_11652_liz21_del_07_29.json","07",11652
145.441897,-14.69414,3779,3.55,2021-11-26 07:50:00,0.0504122754247199,5605.58926783702,"moving",29,-14.69295,145.44156,"run_day_11652_liz21_del_07_29.json","07",11652
145.44203,-14.694576,3779,3.55,2021-11-26 08:02:00,0.0505474580683428,5620.62089197828,"moving",29,-14.69295,145.44156,"run_day_11652_liz21_del_07_29.json","07",11652
145.441504,-14.693448,3780,3.55,2021-11-26 08:05:00,0.0568350712839419,6319.77158225619,"moving",29,-14.69295,145.44156,"run_day_11652_liz21_del_07_29.json","07",11652
145.441626,-14.693958,3780,3.55,2021-11-26 08:17:00,0.0582077961327335,6472.41162112073,"moving",29,-14.69295,145.44156,"run_day_11652_liz21_del_07_29.json","07",11652
145.441781,-14.694462,3780,3.55,2021-11-26 08:29:00,0.0584694124362338,6501.50202679747,"moving",29,-14.69295,145.44156,"run_day_11652_liz21_del_07_29.json","07",11652
145.441657,-14.69316,3781,3.55,2021-11-26 07:49:00,0.0498126050712709,5538.90896687434,"moving",29,-14.69295,145.44156,"run_day_11652_liz21_del_07_29.json","07",11652
145.44174,-14.693631,3781,3.55,2021-11-26 08:01:00,0.0531282314617504,5907.58980014447,"moving",29,-14.69295,145.44156,"run_day_11652_liz21_del_07_29.json","07",11652
145.441846,-14.694072,3781,3.55,2021-11-26 08:13:00,0.0503449162543834,5598.09926983262,"moving",29,-14.69295,145.44156,"run_day_11652_liz21_del_07_29.json","07",11652
145.441973,-14.694492,3781,3.55,2021-11-26 08:25:00,0.048658573862718,5410.58655129377,"moving",29,-14.69295,145.44156,"run_day_11652_liz21_del_07_29.json","07",11652
145.441746,-14.693319,3782,3.55,2021-11-26 07:26:00,0.0490387155889597,5452.85638265776,"moving",29,-14.69295,145.44156,"run_day_11652_liz21_del_07_29.json","07",11652
145.441831,-14.693735,3782,3.55,2021-11-26 07:38:00,0.0471519146942377,5243.05369557625,"moving",29,-14.69295,145.44156,"run_day_11652_liz21_del_07_29.json","07",11652
145.441944,-14.694141,3782,3.55,2021-11-26 07:50:00,0.0467525978417819,5198.65168745949,"moving",29,-14.69295,145.44156,"run_day_11652_liz21_del_07_29.json","07",11652
145.442068,-14.694558,3782,3.55,2021-11-26 08:02:00,0.0482483020607864,5364.96640837366,"moving",29,-14.69295,145.44156,"run_day_11652_liz21_del_07_29.json","07",11652
145.44157,-14.693318,3783,3.55,2021-11-26 07:44:00,0.0539095390436646,5994.46723940226,"moving",29,-14.69295,145.44156,"run_day_11652_liz21_del_07_29.json","07",11652
145.44168,-14.693823,3783,3.55,2021-11-26 07:56:00,0.0573863335003039,6381.06914396647,"moving",29,-14.69295,145.44156,"run_day_11652_liz21_del_07_29.json","07",11652
145.441822,-14.69432,3783,3.55,2021-11-26 08:08:00,0.057335580712857,6375.42569148931,"moving",29,-14.69295,145.44156,"run_day_11652_liz21_del_07_29.json","07",11652
145.441576,-14.693528,3784,3.55,2021-11-26 07:40:00,0.0561126113692668,6239.43770504025,"moving",29,-14.69295,145.44156,"run_day_11652_liz21_del_07_29.json","07",11652
145.441711,-14.694049,3784,3.55,2021-11-26 07:52:00,0.0597245543593861,6641.06744087089,"moving",29,-14.69295,145.44156,"run_day_11652_liz21_del_07_29.json","07",11652
145.441872,-14.69455,3784,3.55,2021-11-26 08:04:00,0.0583380484135335,6486.89501392958,"moving",29,-14.69295,145.44156,"run_day_11652_liz21_del_07_29.json","07",11652
145.441682,-14.693326,3785,3.55,2021-11-26 07:27:00,0.051354913751286,5710.40586741188,"moving",29,-14.69295,145.44156,"run_day_11652_liz21_del_07_29.json","07",11652
145.441781,-14.693797,3785,3.55,2021-11-26 07:39:00,0.0534443378971706,5942.73923204289,"moving",29,-14.69295,145.44156,"run_day_11652_liz21_del_07_29.json","07",11652
145.44191,-14.694245,3785,3.55,2021-11-26 07:51:00,0.0517115335068318,5750.0601749698,"moving",29,-14.69295,145.44156,"run_day_11652_liz21_del_07_29.json","07",11652
145.442053,-14.694686,3785,3.55,2021-11-26 08:03:00,0.051392533449425,5714.58898698685,"moving",29,-14.69295,145.44156,"run_day_11652_liz21_del_07_29.json","07",11652
145.441692,-14.693599,3786,3.55,2021-11-26 08:02:00,0.054244308573268,6031.69191268934,"moving",29,-14.69295,145.44156,"run_day_11652_liz21_del_07_29.json","07",11652
145.441803,-14.694071,3786,3.55,2021-11-26 08:14:00,0.053824807125383,5985.04547996449,"moving",29,-14.69295,145.44156,"run_day_11652_liz21_del_07_29.json","07",11652
145.441939,-14.694511,3786,3.55,2021-11-26 08:26:00,0.0510657043843166,5678.2472530668,"moving",29,-14.69295,145.44156,"run_day_11652_liz21_del_07_29.json","07",11652
145.441566,-14.69355,3787,3.55,2021-11-26 07:11:00,0.0581981549020234,6471.33956517916,"moving",29,-14.69295,145.44156,"run_day_11652_liz21_del_07_29.json","07",11652
145.441719,-14.694077,3787,3.55,2021-11-26 07:23:00,0.0608665897524326,6768.0559826262,"moving",29,-14.69295,145.44156,"run_day_11652_liz21_del_07_29.json","07",11652
145.441886,-14.694586,3787,3.55,2021-11-26 07:35:00,0.0593801205422275,6602.76814783804,"moving",29,-14.69295,145.44156,"run_day_11652_liz21_del_07_29.json","07",11652
145.441471,-14.693419,3788,3.55,2021-11-26 07:36:00,0.0571930092336474,6359.572466317,"moving",29,-14.69295,145.44156,"run_day_11652_liz21_del_07_29.json","07",11652
145.441611,-14.693948,3788,3.55,2021-11-26 07:48:00,0.0607189420240232,6751.63830429648,"moving",29,-14.69295,145.44156,"run_day_11652_liz21_del_07_29.json","07",11652
145.441781,-14.694479,3788,3.55,2021-11-26 08:00:00,0.0618109255760928,6873.06133526592,"moving",29,-14.69295,145.44156,"run_day_11652_liz21_del_07_29.json","07",11652
145.441552,-14.693261,3789,3.55,2021-11-26 08:04:00,0.0535138159374887,5950.46483763947,"moving",29,-14.69295,145.44156,"run_day_11652_liz21_del_07_29.json","07",11652
145.441653,-14.693752,3789,3.55,2021-11-26 08:16:00,0.0556669937840153,6189.88729033669,"moving",29,-14.69295,145.44156,"run_day_11652_liz21_del_07_29.json","07",11652
145.441782,-14.694241,3789,3.55,2021-11-26 08:28:00,0.0561166864999398,6239.89083889651,"moving",29,-14.69295,145.44156,"run_day_11652_liz21_del_07_29.json","07",11652
145.441937,-14.694696,3789,3.55,2021-11-26 08:40:00,0.053269692710197,5923.31957328854,"moving",29,-14.69295,145.44156,"run_day_11652_liz21_del_07_29.json","07",11652
145.441693,-14.693229,3790,3.55,2021-11-26 07:20:00,0.0503992052952542,5604.13593574984,"moving",29,-14.69295,145.44156,"run_day_11652_liz21_del_07_29.json","07",11652
145.441782,-14.693682,3790,3.55,2021-11-26 07:32:00,0.0512728459632708,5701.28034574365,"moving",29,-14.69295,145.44156,"run_day_11652_liz21_del_07_29.json","07",11652
145.441903,-14.694116,3790,3.55,2021-11-26 07:44:00,0.0499827052922543,5557.82324846882,"moving",29,-14.69295,145.44156,"run_day_11652_liz21_del_07_29.json","07",11652
145.442034,-14.694551,3790,3.55,2021-11-26 07:56:00,0.0503802337757297,5602.02639902798,"moving",29,-14.69295,145.44156,"run_day_11652_liz21_del_07_29.json","07",11652
145.441754,-14.693422,3791,3.55,2021-11-26 07:37:00,0.0495485998157632,5509.55292185439,"moving",29,-14.69295,145.44156,"run_day_11652_liz21_del_07_29.json","07",11652
145.441846,-14.693843,3791,3.55,2021-11-26 07:49:00,0.0478474803775083,5320.397070704,"moving",29,-14.69295,145.44156,"run_day_11652_liz21_del_07_29.json","07",11652
145.44196,-14.694252,3791,3.55,2021-11-26 08:01:00,0.0471026762391245,5237.57862917185,"moving",29,-14.69295,145.44156,"run_day_11652_liz21_del_07_29.json","07",11652
145.442091,-14.694662,3791,3.55,2021-11-26 08:13:00,0.0477176240599192,5305.95770699534,"moving",29,-14.69295,145.44156,"run_day_11652_liz21_del_07_29.json","07",11652
145.441521,-14.693362,3792,3.55,2021-11-26 07:58:00,0.055703256922917,6193.91956740676,"moving",29,-14.69295,145.44156,"run_day_11652_liz21_del_07_29.json","07",11652
145.441636,-14.693871,3792,3.55,2021-11-26 08:10:00,0.0579340640294045,6441.9739999708,"moving",29,-14.69295,145.44156,"run_day_11652_liz21_del_07_29.json","07",11652
145.441783,-14.694373,3792,3.55,2021-11-26 08:22:00,0.0580159055788281,6451.07436505544,"moving",29,-14.69295,145.44156,"run_day_11652_liz21_del_07_29.json","07",11652
145.441608,-14.693264,3793,3.55,2021-11-26 07:59:00,0.0523333865527227,5819.20707879133,"moving",29,-14.69295,145.44156,"run_day_11652_liz21_del_07_29.json","07",11652
145.441702,-14.69375,3793,3.55,2021-11-26 08:11:00,0.0549783874819319,6113.31776308955,"moving",29,-14.69295,145.44156,"run_day_11652_liz21_del_07_29.json","07",11652
145.441823,-14.694218,3793,3.55,2021-11-26 08:23:00,0.0536419556702255,5964.71332582139,"moving",29,-14.69295,145.44156,"run_day_11652_liz21_del_07_29.json","07",11652
145.441969,-14.694657,3793,3.55,2021-11-26 08:35:00,0.0512782746458613,5701.88398770609,"moving",29,-14.69295,145.44156,"run_day_11652_liz21_del_07_29.json","07",11652
145.441533,-14.693493,3794,3.55,2021-11-26 08:01:00,0.0567870122708397,6314.42766381968,"moving",29,-14.69295,145.44156,"run_day_11652_liz21_del_07_29.json","07",11652
145.441657,-14.694006,3794,3.55,2021-11-26 08:13:00,0.0585814422689001,6513.9591758228,"moving",29,-14.69295,145.44156,"run_day_11652_liz21_del_07_29.json","07",11652
145.441814,-14.694505,3794,3.55,2021-11-26 08:25:00,0.0579989995422297,6449.19449955603,"moving",29,-14.69295,145.44156,"run_day_11652_liz21_del_07_29.json","07",11652
145.441716,-14.693208,3795,3.55,2021-11-26 07:59:00,0.048964111071308,5444.56073879012,"moving",29,-14.69295,145.44156,"run_day_11652_liz21_del_07_29.json","07",11652
145.441789,-14.693634,3795,3.55,2021-11-26 08:11:00,0.0480153739866687,5339.06598825868,"moving",29,-14.69295,145.44156,"run_day_11652_liz21_del_07_29.json","07",11652
145.441881,-14.694032,3795,3.55,2021-11-26 08:23:00,0.0453483699715018,5042.50867243146,"moving",29,-14.69295,145.44156,"run_day_11652_liz21_del_07_29.json","07",11652
145.441996,-14.694424,3795,3.55,2021-11-26 08:35:00,0.045309450127867,5038.18098327346,"moving",29,-14.69295,145.44156,"run_day_11652_liz21_del_07_29.json","07",11652
145.441742,-14.693325,3796,3.55,2021-11-26 07:37:00,0.049129193178129,5462.91703154841,"moving",29,-14.69295,145.44156,"run_day_11652_liz21_del_07_29.json","07",11652
145.441825,-14.693747,3796,3.55,2021-11-26 07:49:00,0.047765926015913,5311.32863944887,"moving",29,-14.69295,145.44156,"run_day_11652_liz21_del_07_29.json","07",11652
145.441934,-14.694153,3796,3.55,2021-11-26 08:01:00,0.0466426019372628,5186.42070092529,"moving",29,-14.69295,145.44156,"run_day_11652_liz21_del_07_29.json","07",11652
145.442057,-14.69456,3796,3.55,2021-11-26 08:13:00,0.0471503895503457,5242.88410731306,"moving",29,-14.69295,145.44156,"run_day_11652_liz21_del_07_29.json","07",11652
145.441665,-14.69346,3797,3.55,2021-11-26 07:22:00,0.0537926819379588,5981.47332210541,"moving",29,-14.69295,145.44156,"run_day_11652_liz21_del_07_29.json","07",11652
145.441788,-14.69395,3797,3.55,2021-11-26 07:34:00,0.0560686690564064,6234.55154278515,"moving",29,-14.69295,145.44156,"run_day_11652_liz21_del_07_29.json","07",11652
145.441928,-14.694419,3797,3.55,2021-11-26 07:46:00,0.0542808796481793,6035.75843068142,"moving",29,-14.69295,145.44156,"run_day_11652_liz21_del_07_29.json","07",11652
145.441474,-14.693377,3798,3.55,2021-11-26 07:51:00,0.0569270626866545,6330.00055953275,"moving",29,-14.69295,145.44156,"run_day_11652_liz21_del_07_29.json","07",11652
145.441601,-14.693899,3798,3.55,2021-11-26 08:03:00,0.0596294427006853,6630.49150695862,"moving",29,-14.69295,145.44156,"run_day_11652_liz21_del_07_29.json","07",11652
145.441759,-14.694417,3798,3.55,2021-11-26 08:15:00,0.0600536756174162,6677.66405501472,"moving",29,-14.69295,145.44156,"run_day_11652_liz21_del_07_29.json","07",11652
145.441708,-14.693392,3799,3.55,2021-11-26 07:19:00,0.0522961745888128,5815.06929719407,"moving",29,-14.69295,145.44156,"run_day_11652_liz21_del_07_29.json","07",11652
145.441813,-14.693849,3799,3.55,2021-11-26 07:31:00,0.0520559341386938,5788.35577796604,"moving",29,-14.69295,145.44156,"run_day_11652_liz21_del_07_29.json","07",11652
145.441943,-14.694292,3799,3.55,2021-11-26 07:43:00,0.0512054285349897,5693.78386975137,"moving",29,-14.69295,145.44156,"run_day_11652_liz21_del_07_29.json","07",11652
145.441619,-14.69332,3800,3.55,2021-11-26 07:45:00,0.0527257135705312,5862.83185275723,"moving",29,-14.69295,145.44156,"run_day_11652_liz21_del_07_29.json","07",11652
145.441721,-14.693817,3800,3.55,2021-11-26 07:57:00,0.0563423307962699,6264.98133987469,"moving",29,-14.69295,145.44156,"run_day_11652_liz21_del_07_29.json","07",11652
145.441854,-14.694291,3800,3.55,2021-11-26 08:09:00,0.0546132217116211,6072.71318204672,"moving",29,-14.69295,145.44156,"run_day_11652_liz21_del_07_29.json","07",11652
145.441616,-14.693453,3801,3.55,2021-11-26 08:04:00,0.0542073217990098,6027.57917103889,"moving",29,-14.69295,145.44156,"run_day_11652_liz21_del_07_29.json","07",11652
145.441723,-14.693947,3801,3.55,2021-11-26 08:16:00,0.0561229756404896,6240.59015941859,"moving",29,-14.69295,145.44156,"run_day_11652_liz21_del_07_29.json","07",11652
145.441861,-14.694412,3801,3.55,2021-11-26 08:28:00,0.0537939458596665,5981.61386378698,"moving",29,-14.69295,145.44156,"run_day_11652_liz21_del_07_29.json","07",11652
145.441626,-14.69318,3802,3.55,2021-11-26 07:26:00,0.050831952210579,5652.25519725505,"moving",29,-14.69295,145.44156,"run_day_11652_liz21_del_07_29.json","07",11652
145.441722,-14.693662,3802,3.55,2021-11-26 07:38:00,0.0545815418604462,6069.19054331923,"moving",29,-14.69295,145.44156,"run_day_11652_liz21_del_07_29.json","07",11652
145.441849,-14.694132,3802,3.55,2021-11-26 07:50:00,0.054017305922266,6006.45036956305,"moving",29,-14.69295,145.44156,"run_day_11652_liz21_del_07_29.json","07",11652
145.441992,-14.694585,3802,3.55,2021-11-26 08:02:00,0.0526672294904185,5856.32871975923,"moving",29,-14.69295,145.44156,"run_day_11652_liz21_del_07_29.json","07",11652
145.441761,-14.693327,3803,3.55,2021-11-26 07:53:00,0.0477959933666929,5314.67197631323,"moving",29,-14.69295,145.44156,"run_day_11652_liz21_del_07_29.json","07",11652
145.441835,-14.693729,3803,3.55,2021-11-26 08:05:00,0.0454034480302822,5048.63307313727,"moving",29,-14.69295,145.44156,"run_day_11652_liz21_del_07_29.json","07",11652
145.441931,-14.694109,3803,3.55,2021-11-26 08:17:00,0.0434974077732926,4836.69106657973,"moving",29,-14.69295,145.44156,"run_day_11652_liz21_del_07_29.json","07",11652
145.442045,-14.694495,3803,3.55,2021-11-26 08:29:00,0.0446383279142746,4963.55559796353,"moving",29,-14.69295,145.44156,"run_day_11652_liz21_del_07_29.json","07",11652
145.441683,-14.693342,3804,3.55,2021-11-26 08:08:00,0.0509754687304004,5668.21350614887,"moving",29,-14.69295,145.44156,"run_day_11652_liz21_del_07_29.json","07",11652
145.441768,-14.693802,3804,3.55,2021-11-26 08:20:00,0.0519603026883451,5777.7220458596,"moving",29,-14.69295,145.44156,"run_day_11652_liz21_del_07_29.json","07",11652
145.44188,-14.694228,3804,3.55,2021-11-26 08:32:00,0.0488768296295275,5434.8554852739,"moving",29,-14.69295,145.44156,"run_day_11652_liz21_del_07_29.json","07",11652
145.442015,-14.694643,3804,3.55,2021-11-26 08:44:00,0.0483764776927802,5379.21888837082,"moving",29,-14.69295,145.44156,"run_day_11652_liz21_del_07_29.json","07",11652
145.441583,-14.69343,3805,3.55,2021-11-26 07:43:00,0.0548863327370961,6103.08174249025,"moving",29,-14.69295,145.44156,"run_day_11652_liz21_del_07_29.json","07",11652
145.441704,-14.693943,3805,3.55,2021-11-26 07:55:00,0.0585088233501791,6505.88432048261,"moving",29,-14.69295,145.44156,"run_day_11652_liz21_del_07_29.json","07",11652
145.441854,-14.694437,3805,3.55,2021-11-26 08:07:00,0.0572506250256347,6365.97905008059,"moving",29,-14.69295,145.44156,"run_day_11652_liz21_del_07_29.json","07",11652
145.441704,-14.69344,3806,3.55,2021-11-26 07:37:00,0.0521470304686663,5798.48522769492,"moving",29,-14.69295,145.44156,"run_day_11652_liz21_del_07_29.json","07",11652
145.441809,-14.693906,3806,3.55,2021-11-26 07:49:00,0.0530332966653912,5897.0335324273,"moving",29,-14.69295,145.44156,"run_day_11652_liz21_del_07_29.json","07",11652
145.441937,-14.694347,3806,3.55,2021-11-26 08:01:00,0.0509329581820135,5663.48654883936,"moving",29,-14.69295,145.44156,"run_day_11652_liz21_del_07_29.json","07",11652
145.441465,-14.693364,3807,3.55,2021-11-26 07:26:00,0.0568170724952719,6317.77020827033,"moving",29,-14.69295,145.44156,"run_day_11652_liz21_del_07_29.json","07",11652
145.441604,-14.693887,3807,3.55,2021-11-26 07:38:00,0.0600459724487239,6676.80750173705,"moving",29,-14.69295,145.44156,"run_day_11652_liz21_del_07_29.json","07",11652
145.441773,-14.694421,3807,3.55,2021-11-26 07:50:00,0.0620980907178521,6904.99264213872,"moving",29,-14.69295,145.44156,"run_day_11652_liz21_del_07_29.json","07",11652
145.441501,-14.693479,3808,3.55,2021-11-26 07:26:00,0.0574083561929668,6383.51795566164,"moving",29,-14.69295,145.44156,"run_day_11652_liz21_del_07_29.json","07",11652
145.441647,-14.694006,3808,3.55,2021-11-26 07:38:00,0.0606673588468437,6745.90251669391,"moving",29,-14.69295,145.44156,"run_day_11652_liz21_del_07_29.json","07",11652
145.44182,-14.694534,3808,3.55,2021-11-26 07:50:00,0.0615890669300601,6848.39177939485,"moving",29,-14.69295,145.44156,"run_day_11652_liz21_del_07_29.json","07",11652
145.441664,-14.69328,3809,3.55,2021-11-26 07:51:00,0.0512930394721173,5703.52576147854,"moving",29,-14.69295,145.44156,"run_day_11652_liz21_del_07_29.json","07",11652
145.441753,-14.693757,3809,3.55,2021-11-26 08:03:00,0.0538969026728651,5993.06213907816,"moving",29,-14.69295,145.44156,"run_day_11652_liz21_del_07_29.json","07",11652
145.441869,-14.694198,3809,3.55,2021-11-26 08:15:00,0.0505993391209075,5626.38980181246,"moving",29,-14.69295,145.44156,"run_day_11652_liz21_del_07_29.json","07",11652
145.442006,-14.694623,3809,3.55,2021-11-26 08:27:00,0.0495018913609995,5504.35917865326,"moving",29,-14.69295,145.44156,"run_day_11652_liz21_del_07_29.json","07",11652
145.441702,-14.693301,3810,3.55,2021-11-26 08:03:00,0.0503711077953436,5601.0116363084,"moving",29,-14.69295,145.44156,"run_day_11652_liz21_del_07_29.json","07",11652
145.441781,-14.693746,3810,3.55,2021-11-26 08:15:00,0.0502060139912419,5582.65404287184,"moving",29,-14.69295,145.44156,"run_day_11652_liz21_del_07_29.json","07",11652
145.441886,-14.69416,3810,3.55,2021-11-26 08:27:00,0.0473997819022596,5270.61527158984,"moving",29,-14.69295,145.44156,"run_day_11652_liz21_del_07_29.json","07",11652
145.442012,-14.694565,3810,3.55,2021-11-26 08:39:00,0.0470289424302721,5229.37980370528,"moving",29,-14.69295,145.44156,"run_day_11652_liz21_del_07_29.json","07",11652
145.441527,-14.693326,3811,3.55,2021-11-26 07:11:00,0.0562021667776089,6249.39581210147,"moving",29,-14.69295,145.44156,"run_day_11652_liz21_del_07_29.json","07",11652
145.441658,-14.69384,3811,3.55,2021-11-26 07:23:00,0.0588653899365367,6545.53271589654,"moving",29,-14.69295,145.44156,"run_day_11652_liz21_del_07_29.json","07",11652
145.441818,-14.694356,3811,3.55,2021-11-26 07:35:00,0.0599018568073552,6660.78257356672,"moving",29,-14.69295,145.44156,"run_day_11652_liz21_del_07_29.json","07",11652
145.441593,-14.693673,3812,3.55,2021-11-26 07:23:00,0.0579568543599124,6444.50816909983,"moving",29,-14.69295,145.44156,"run_day_11652_liz21_del_07_29.json","07",11652
145.44175,-14.694198,3812,3.55,2021-11-26 07:35:00,0.0607706526062588,6757.38825869491,"moving",29,-14.69295,145.44156,"run_day_11652_liz21_del_07_29.json","07",11652
145.441923,-14.694702,3812,3.55,2021-11-26 07:47:00,0.0590505996769741,6566.12709939834,"moving",29,-14.69295,145.44156,"run_day_11652_liz21_del_07_29.json","07",11652
145.441679,-14.693328,3813,3.55,2021-11-26 08:04:00,0.0512135858474396,5694.69092151086,"moving",29,-14.69295,145.44156,"run_day_11652_liz21_del_07_29.json","07",11652
145.441765,-14.693792,3813,3.55,2021-11-26 08:16:00,0.0524170757347564,5828.51289124851,"moving",29,-14.69295,145.44156,"run_day_11652_liz21_del_07_29.json","07",11652
145.441877,-14.69422,3813,3.55,2021-11-26 08:28:00,0.0490923897460349,5458.82467661643,"moving",29,-14.69295,145.44156,"run_day_11652_liz21_del_07_29.json","07",11652
145.442012,-14.694636,3813,3.55,2021-11-26 08:40:00,0.0484825571878998,5391.01439004914,"moving",29,-14.69295,145.44156,"run_day_11652_liz21_del_07_29.json","07",11652
145.44174,-14.693257,3814,3.55,2021-11-26 07:12:00,0.0500617795882717,5566.61590901394,"moving",29,-14.69295,145.44156,"run_day_11652_liz21_del_07_29.json","07",11652
145.441823,-14.693673,3814,3.55,2021-11-26 07:24:00,0.0471106779899883,5238.46838327218,"moving",29,-14.69295,145.44156,"run_day_11652_liz21_del_07_29.json","07",11652
145.441938,-14.694081,3814,3.55,2021-11-26 07:36:00,0.0470235042544936,5228.77510614851,"moving",29,-14.69295,145.44156,"run_day_11652_liz21_del_07_29.json","07",11652
145.442058,-14.694505,3814,3.55,2021-11-26 07:48:00,0.048881452072043,5435.36947743034,"moving",29,-14.69295,145.44156,"run_day_11652_liz21_del_07_29.json","07",11652
145.441593,-14.693522,3815,3.55,2021-11-26 07:41:00,0.0556927841186066,6192.75504469971,"moving",29,-14.69295,145.44156,"run_day_11652_liz21_del_07_29.json","07",11652
145.441724,-14.69404,3815,3.55,2021-11-26 07:53:00,0.0592973325817931,6593.56254665049,"moving",29,-14.69295,145.44156,"run_day_11652_liz21_del_07_29.json","07",11652
145.441882,-14.694533,3815,3.55,2021-11-26 08:05:00,0.0573928186880399,6381.79026394105,"moving",29,-14.69295,145.44156,"run_day_11652_liz21_del_07_29.json","07",11652
145.441481,-14.693341,3816,3.55,2021-11-26 07:37:00,0.0561167006315967,6239.89241026506,"moving",29,-14.69295,145.44156,"run_day_11652_liz21_del_07_29.json","07",11652
145.44161,-14.693862,3816,3.55,2021-11-26 07:49:00,0.0595709472335905,6623.98710778597,"moving",29,-14.69295,145.44156,"run_day_11652_liz21_del_07_29.json","07",11652
145.441772,-14.694389,3816,3.55,2021-11-26 08:01:00,0.0611354103810246,6797.94747270303,"moving",29,-14.69295,145.44156,"run_day_11652_liz21_del_07_29.json","07",11652
145.441755,-14.693426,3817,3.55,2021-11-26 07:12:00,0.0511751686631293,5690.41912551958,"moving",29,-14.69295,145.44156,"run_day_11652_liz21_del_07_29.json","07",11652
145.441856,-14.693849,3817,3.55,2021-11-26 07:24:00,0.0482736714363144,5367.78735422451,"moving",29,-14.69295,145.44156,"run_day_11652_liz21_del_07_29.json","07",11652
145.441979,-14.694272,3817,3.55,2021-11-26 07:36:00,0.0488605952533646,5433.05030500735,"moving",29,-14.69295,145.44156,"run_day_11652_liz21_del_07_29.json","07",11652
145.441536,-14.693372,3818,3.55,2021-11-26 07:55:00,0.0554382465834339,6164.45176214789,"moving",29,-14.69295,145.44156,"run_day_11652_liz21_del_07_29.json","07",11652
145.441651,-14.693881,3818,3.55,2021-11-26 08:07:00,0.0579340639085386,6441.97398653113,"moving",29,-14.69295,145.44156,"run_day_11652_liz21_del_07_29.json","07",11652
145.441798,-14.694381,3818,3.55,2021-11-26 08:19:00,0.0578019653546759,6427.28529752451,"moving",29,-14.69295,145.44156,"run_day_11652_liz21_del_07_29.json","07",11652
145.4417,-14.69355,3819,3.55,2021-11-26 07:45:00,0.0536973506239841,5970.87296364106,"moving",29,-14.69295,145.44156,"run_day_11652_liz21_del_07_29.json","07",11652
145.441815,-14.694025,3819,3.55,2021-11-26 07:57:00,0.0542466139300231,6031.94825666462,"moving",29,-14.69295,145.44156,"run_day_11652_liz21_del_07_29.json","07",11652
145.44195,-14.694471,3819,3.55,2021-11-26 08:09:00,0.0516749436356233,5745.99156692484,"moving",29,-14.69295,145.44156,"run_day_11652_liz21_del_07_29.json","07",11652
145.441735,-14.693412,3820,3.55,2021-11-26 07:54:00,0.0507540575538545,5643.59370661457,"moving",29,-14.69295,145.44156,"run_day_11652_liz21_del_07_29.json","07",11652
145.441822,-14.693845,3820,3.55,2021-11-26 08:06:00,0.0490483105042819,5453.92328856316,"moving",29,-14.69295,145.44156,"run_day_11652_liz21_del_07_29.json","07",11652
145.441932,-14.694251,3820,3.55,2021-11-26 08:18:00,0.0466697520015914,5189.4396503367,"moving",29,-14.69295,145.44156,"run_day_11652_liz21_del_07_29.json","07",11652
145.442062,-14.694655,3820,3.55,2021-11-26 08:30:00,0.047048537894783,5231.55871994414,"moving",29,-14.69295,145.44156,"run_day_11652_liz21_del_07_29.json","07",11652
145.441762,-14.693565,3821,3.55,2021-11-26 07:48:00,0.0508636854960482,5655.78377760498,"moving",29,-14.69295,145.44156,"run_day_11652_liz21_del_07_29.json","07",11652
145.441864,-14.693993,3821,3.55,2021-11-26 08:00:00,0.048839592675192,5430.7149248681,"moving",29,-14.69295,145.44156,"run_day_11652_liz21_del_07_29.json","07",11652
145.441984,-14.694407,3821,3.55,2021-11-26 08:12:00,0.0478098689213158,5316.21486759168,"moving",29,-14.69295,145.44156,"run_day_11652_liz21_del_07_29.json","07",11652
145.441578,-14.693333,3822,3.55,2021-11-26 07:14:00,0.0548964278269724,6104.20426526851,"moving",29,-14.69295,145.44156,"run_day_11652_liz21_del_07_29.json","07",11652
145.441701,-14.693839,3822,3.55,2021-11-26 07:26:00,0.0577990788148341,6426.96432893855,"moving",29,-14.69295,145.44156,"run_day_11652_liz21_del_07_29.json","07",11652
145.441853,-14.694339,3822,3.55,2021-11-26 07:38:00,0.0579513812901685,6443.89959151114,"moving",29,-14.69295,145.44156,"run_day_11652_liz21_del_07_29.json","07",11652
145.441593,-14.693677,3823,3.55,2021-11-26 07:49:00,0.0576783610113559,6413.5411216361,"moving",29,-14.69295,145.44156,"run_day_11652_liz21_del_07_29.json","07",11652
145.441736,-14.6942,3823,3.55,2021-11-26 08:01:00,0.0601545322295261,6688.8787985999,"moving",29,-14.69295,145.44156,"run_day_11652_liz21_del_07_29.json","07",11652
145.441904,-14.69469,3823,3.55,2021-11-26 08:13:00,0.0574037185403686,6383.00227222118,"moving",29,-14.69295,145.44156,"run_day_11652_liz21_del_07_29.json","07",11652
145.441506,-14.6933,3824,3.55,2021-11-26 07:41:00,0.0551534784759674,6132.78699332745,"moving",29,-14.69295,145.44156,"run_day_11652_liz21_del_07_29.json","07",11652
145.441626,-14.693813,3824,3.55,2021-11-26 07:53:00,0.0584849940269149,6503.23462063026,"moving",29,-14.69295,145.44156,"run_day_11652_liz21_del_07_29.json","07",11652
145.441777,-14.694331,3824,3.55,2021-11-26 08:05:00,0.0598449742875125,6654.45752594545,"moving",29,-14.69295,145.44156,"run_day_11652_liz21_del_07_29.json","07",11652
145.441591,-14.693248,3825,3.55,2021-11-26 07:11:00,0.0537775104535484,5979.78633000931,"moving",29,-14.69295,145.44156,"run_day_11652_liz21_del_07_29.json","07",11652
145.441703,-14.693745,3825,3.55,2021-11-26 07:23:00,0.0565616089123389,6289.36395390574,"moving",29,-14.69295,145.44156,"run_day_11652_liz21_del_07_29.json","07",11652
145.441849,-14.694236,3825,3.55,2021-11-26 07:35:00,0.0568102154022408,6317.00773431375,"moving",29,-14.69295,145.44156,"run_day_11652_liz21_del_07_29.json","07",11652
145.441528,-14.693235,3826,3.55,2021-11-26 07:46:00,0.0538973092532306,5993.10734875208,"moving",29,-14.69295,145.44156,"run_day_11652_liz21_del_07_29.json","07",11652
145.441637,-14.693739,3826,3.55,2021-11-26 07:58:00,0.0572554121142185,6366.5113500445,"moving",29,-14.69295,145.44156,"run_day_11652_liz21_del_07_29.json","07",11652
145.441775,-14.694246,3826,3.55,2021-11-26 08:10:00,0.0582970809703352,6482.33964208832,"moving",29,-14.69295,145.44156,"run_day_11652_liz21_del_07_29.json","07",11652
145.441937,-14.694715,3826,3.55,2021-11-26 08:22:00,0.0549843237377644,6113.97784462138,"moving",29,-14.69295,145.44156,"run_day_11652_liz21_del_07_29.json","07",11652
145.441565,-14.693636,3827,3.55,2021-11-26 08:04:00,0.0573679492249628,6379.0249058185,"moving",29,-14.69295,145.44156,"run_day_11652_liz21_del_07_29.json","07",11652
145.441698,-14.694149,3827,3.55,2021-11-26 08:16:00,0.058809384786323,6539.30522732681,"moving",29,-14.69295,145.44156,"run_day_11652_liz21_del_07_29.json","07",11652
145.441862,-14.694637,3827,3.55,2021-11-26 08:28:00,0.0570582087995713,6344.58334193825,"moving",29,-14.69295,145.44156,"run_day_11652_liz21_del_07_29.json","07",11652
145.441664,-14.693464,3828,3.55,2021-11-26 07:46:00,0.053469427860213,5945.52910864291,"moving",29,-14.69295,145.44156,"run_day_11652_liz21_del_07_29.json","07",11652
145.441774,-14.693955,3828,3.55,2021-11-26 07:58:00,0.0558639698917787,6211.79003419018,"moving",29,-14.69295,145.44156,"run_day_11652_liz21_del_07_29.json","07",11652
145.441909,-14.694411,3828,3.55,2021-11-26 08:10:00,0.0527430186548673,5864.75609034056,"moving",29,-14.69295,145.44156,"run_day_11652_liz21_del_07_29.json","07",11652
145.441576,-14.693423,3829,3.55,2021-11-26 07:53:00,0.0550805210756777,6124.67450055405,"moving",29,-14.69295,145.44156,"run_day_11652_liz21_del_07_29.json","07",11652
145.441692,-14.693932,3829,3.55,2021-11-26 08:05:00,0.057957122802309,6444.53801853243,"moving",29,-14.69295,145.44156,"run_day_11652_liz21_del_07_29.json","07",11652
145.441838,-14.69442,3829,3.55,2021-11-26 08:17:00,0.0564896996965517,6281.36801393121,"moving",29,-14.69295,145.44156,"run_day_11652_liz21_del_07_29.json","07",11652
145.441767,-14.693588,3830,3.55,2021-11-26 07:54:00,0.0507361600266192,5641.60359238652,"moving",29,-14.69295,145.44156,"run_day_11652_liz21_del_07_29.json","07",11652
145.441867,-14.694011,3830,3.55,2021-11-26 08:06:00,0.0482495787725366,5365.10837224307,"moving",29,-14.69295,145.44156,"run_day_11652_liz21_del_07_29.json","07",11652
145.441986,-14.69442,3830,3.55,2021-11-26 08:18:00,0.0472455232719113,5253.46249450397,"moving",29,-14.69295,145.44156,"run_day_11652_liz21_del_07_29.json","07",11652
145.44168,-14.693307,3831,3.55,2021-11-26 07:51:00,0.0511435983821206,5686.90867043867,"moving",29,-14.69295,145.44156,"run_day_11652_liz21_del_07_29.json","07",11652
145.441768,-14.693778,3831,3.55,2021-11-26 08:03:00,0.0532212383504022,5917.93169430554,"moving",29,-14.69295,145.44156,"run_day_11652_liz21_del_07_29.json","07",11652
145.441884,-14.694212,3831,3.55,2021-11-26 08:15:00,0.0498453777726903,5542.55312500462,"moving",29,-14.69295,145.44156,"run_day_11652_liz21_del_07_29.json","07",11652
145.442019,-14.694633,3831,3.55,2021-11-26 08:27:00,0.0490132941823297,5450.02965121233,"moving",29,-14.69295,145.44156,"run_day_11652_liz21_del_07_29.json","07",11652
145.441701,-14.69318,3832,3.55,2021-11-26 07:17:00,0.0498126049107522,5538.90894902548,"moving",29,-14.69295,145.44156,"run_day_11652_liz21_del_07_29.json","07",11652
145.441784,-14.693622,3832,3.55,2021-11-26 07:29:00,0.0499523682427657,5554.44992247632,"moving",29,-14.69295,145.44156,"run_day_11652_liz21_del_07_29.json","07",11652
145.441899,-14.694047,3832,3.55,2021-11-26 07:41:00,0.0488497802455216,5431.84773100359,"moving",29,-14.69295,145.44156,"run_day_11652_liz21_del_07_29.json","07",11652
145.442024,-14.694475,3832,3.55,2021-11-26 07:53:00,0.0494540765790598,5499.04241748295,"moving",29,-14.69295,145.44156,"run_day_11652_liz21_del_07_29.json","07",11652
145.441667,-14.693547,3833,3.55,2021-11-26 07:13:00,0.0556219369280366,6184.87719654131,"moving",29,-14.69295,145.44156,"run_day_11652_liz21_del_07_29.json","07",11652
145.441804,-14.694043,3833,3.55,2021-11-26 07:25:00,0.0570872418216462,6347.81166669813,"moving",29,-14.69295,145.44156,"run_day_11652_liz21_del_07_29.json","07",11652
145.44195,-14.69452,3833,3.55,2021-11-26 07:37:00,0.0553158093573169,6150.83736377124,"moving",29,-14.69295,145.44156,"run_day_11652_liz21_del_07_29.json","07",11652
145.441709,-14.693598,3834,3.55,2021-11-26 07:15:00,0.0551889267699822,6136.7286637801,"moving",29,-14.69295,145.44156,"run_day_11652_liz21_del_07_29.json","07",11652
145.441843,-14.694073,3834,3.55,2021-11-26 07:27:00,0.0547487624819099,6087.78462805634,"moving",29,-14.69295,145.44156,"run_day_11652_liz21_del_07_29.json","07",11652
145.441983,-14.694539,3834,3.55,2021-11-26 07:39:00,0.0539604646834019,6000.12991217718,"moving",29,-14.69295,145.44156,"run_day_11652_liz21_del_07_29.json","07",11652
145.441774,-14.693504,3835,3.55,2021-11-26 07:22:00,0.0494576549628855,5499.44031560994,"moving",29,-14.69295,145.44156,"run_day_11652_liz21_del_07_29.json","07",11652
145.441879,-14.69392,3835,3.55,2021-11-26 07:34:00,0.047615799511546,5294.63533380837,"moving",29,-14.69295,145.44156,"run_day_11652_liz21_del_07_29.json","07",11652
145.441999,-14.69434,3835,3.55,2021-11-26 07:46:00,0.0484526024988347,5387.68358059589,"moving",29,-14.69295,145.44156,"run_day_11652_liz21_del_07_29.json","07",11652
145.441503,-14.693591,3836,3.55,2021-11-26 07:59:00,0.0585226200237481,6507.41844058806,"moving",29,-14.69295,145.44156,"run_day_11652_liz21_del_07_29.json","07",11652
145.441642,-14.694116,3836,3.55,2021-11-26 08:11:00,0.060261380154169,6700.75974574269,"moving",29,-14.69295,145.44156,"run_day_11652_liz21_del_07_29.json","07",11652
145.441814,-14.694625,3836,3.55,2021-11-26 08:23:00,0.0595450048333258,6621.10244449155,"moving",29,-14.69295,145.44156,"run_day_11652_liz21_del_07_29.json","07",11652
145.44159,-14.693352,3837,3.55,2021-11-26 08:03:00,0.0537493179421026,5976.65146576716,"moving",29,-14.69295,145.44156,"run_day_11652_liz21_del_07_29.json","07",11652
145.441692,-14.693845,3837,3.55,2021-11-26 08:15:00,0.0559061314358315,6216.47818398834,"moving",29,-14.69295,145.44156,"run_day_11652_liz21_del_07_29.json","07",11652
145.441824,-14.694321,3837,3.55,2021-11-26 08:27:00,0.0547999124241838,6093.47224213536,"moving",29,-14.69295,145.44156,"run_day_11652_liz21_del_07_29.json","07",11652
145.441713,-14.69344,3838,3.55,2021-11-26 07:54:00,0.0520509916089523,5787.80619373399,"moving",29,-14.69295,145.44156,"run_day_11652_liz21_del_07_29.json","07",11652
145.441807,-14.693894,3838,3.55,2021-11-26 08:06:00,0.0514849924169607,5724.8699550996,"moving",29,-14.69295,145.44156,"run_day_11652_liz21_del_07_29.json","07",11652
145.441925,-14.694316,3838,3.55,2021-11-26 08:18:00,0.0486103846747777,5405.22815807569,"moving",29,-14.69295,145.44156,"run_day_11652_liz21_del_07_29.json","07",11652
145.44166,-14.693513,3839,3.55,2021-11-26 07:31:00,0.0540538489080235,6010.51376418373,"moving",29,-14.69295,145.44156,"run_day_11652_liz21_del_07_29.json","07",11652
145.441786,-14.694009,3839,3.55,2021-11-26 07:43:00,0.0567933510095584,6315.13249940653,"moving",29,-14.69295,145.44156,"run_day_11652_liz21_del_07_29.json","07",11652
145.44193,-14.69448,3839,3.55,2021-11-26 07:55:00,0.054615023311119,6072.91351077074,"moving",29,-14.69295,145.44156,"run_day_11652_liz21_del_07_29.json","07",11652
145.441597,-14.693388,3840,3.55,2021-11-26 07:32:00,0.0538860346446973,5991.85366948327,"moving",29,-14.69295,145.44156,"run_day_11652_liz21_del_07_29.json","07",11652
145.441717,-14.693895,3840,3.55,2021-11-26 07:44:00,0.0578344603936895,6430.89858100394,"moving",29,-14.69295,145.44156,"run_day_11652_liz21_del_07_29.json","07",11652
145.441865,-14.694387,3840,3.55,2021-11-26 07:56:00,0.0569768091529577,6335.53211420416,"moving",29,-14.69295,145.44156,"run_day_11652_liz21_del_07_29.json","07",11652
145.441591,-14.693416,3841,3.55,2021-11-26 07:20:00,0.0550890805671954,6125.62627258548,"moving",29,-14.69295,145.44156,"run_day_11652_liz21_del_07_29.json","07",11652
145.441721,-14.693925,3841,3.55,2021-11-26 07:32:00,0.0582998375706894,6482.64616206249,"moving",29,-14.69295,145.44156,"run_day_11652_liz21_del_07_29.json","07",11652
145.441874,-14.694422,3841,3.55,2021-11-26 07:44:00,0.0576620256311755,6411.72471023523,"moving",29,-14.69295,145.44156,"run_day_11652_liz21_del_07_29.json","07",11652
145.441593,-14.693462,3842,3.55,2021-11-26 07:49:00,0.055035134307252,6119.62772216833,"moving",29,-14.69295,145.44156,"run_day_11652_liz21_del_07_29.json","07",11652
145.441713,-14.693974,3842,3.55,2021-11-26 08:01:00,0.0583765437524942,6491.17550032146,"moving",29,-14.69295,145.44156,"run_day_11652_liz21_del_07_29.json","07",11652
145.441861,-14.694458,3842,3.55,2021-11-26 08:13:00,0.0561232221224467,6240.61756696174,"moving",29,-14.69295,145.44156,"run_day_11652_liz21_del_07_29.json","07",11652
145.441653,-14.693445,3843,3.55,2021-11-26 07:25:00,0.0536184034117084,5962.09443416327,"moving",29,-14.69295,145.44156,"run_day_11652_liz21_del_07_29.json","07",11652
145.441774,-14.69394,3843,3.55,2021-11-26 07:37:00,0.056559210822597,6289.09729849281,"moving",29,-14.69295,145.44156,"run_day_11652_liz21_del_07_29.json","07",11652
145.441916,-14.694412,3843,3.55,2021-11-26 07:49:00,0.0546611666656268,6078.04441769037,"moving",29,-14.69295,145.44156,"run_day_11652_liz21_del_07_29.json","07",11652
145.441787,-14.693583,3844,3.55,2021-11-26 07:22:00,0.0495148133677281,5505.79604024354,"moving",29,-14.69295,145.44156,"run_day_11652_liz21_del_07_29.json","07",11652
145.4419,-14.694001,3844,3.55,2021-11-26 07:34:00,0.0480423138137226,5342.06156035176,"moving",29,-14.69295,145.44156,"run_day_11652_liz21_del_07_29.json","07",11652
145.442021,-14.69443,3844,3.55,2021-11-26 07:46:00,0.049446115445044,5498.15717977005,"moving",29,-14.69295,145.44156,"run_day_11652_liz21_del_07_29.json","07",11652
145.4415,-14.693546,3845,3.55,2021-11-26 07:33:00,0.0579736042367596,6446.37067042717,"moving",29,-14.69295,145.44156,"run_day_11652_liz21_del_07_29.json","07",11652
145.44165,-14.69408,3845,3.55,2021-11-26 07:45:00,0.0615309309345595,6841.92735163975,"moving",29,-14.69295,145.44156,"run_day_11652_liz21_del_07_29.json","07",11652
145.441828,-14.694607,3845,3.55,2021-11-26 07:57:00,0.0616479660041299,6854.94105761547,"moving",29,-14.69295,145.44156,"run_day_11652_liz21_del_07_29.json","07",11652
145.441587,-14.693269,3846,3.55,2021-11-26 07:19:00,0.0534756929230992,5946.22575185096,"moving",29,-14.69295,145.44156,"run_day_11652_liz21_del_07_29.json","07",11652
145.441699,-14.693765,3846,3.55,2021-11-26 07:31:00,0.056452969930743,6277.28385031644,"moving",29,-14.69295,145.44156,"run_day_11652_liz21_del_07_29.json","07",11652
145.441844,-14.694259,3846,3.55,2021-11-26 07:43:00,0.0571014058903991,6349.38663928411,"moving",29,-14.69295,145.44156,"run_day_11652_liz21_del_07_29.json","07",11652
145.441703,-14.693409,3847,3.55,2021-11-26 07:45:00,0.0518892112136527,5769.81703454612,"moving",29,-14.69295,145.44156,"run_day_11652_liz21_del_07_29.json","07",11652
145.4418,-14.693873,3847,3.55,2021-11-26 07:57:00,0.0526387478718176,5853.16170826818,"moving",29,-14.69295,145.44156,"run_day_11652_liz21_del_07_29.json","07",11652
145.441922,-14.694306,3847,3.55,2021-11-26 08:09:00,0.0499035257647408,5549.0188867152,"moving",29,-14.69295,145.44156,"run_day_11652_liz21_del_07_29.json","07",11652
145.441674,-14.693174,3848,3.55,2021-11-26 08:08:00,0.0491867350790666,5469.31539900215,"moving",29,-14.69295,145.44156,"run_day_11652_liz21_del_07_29.json","07",11652
145.44175,-14.693625,3848,3.55,2021-11-26 08:20:00,0.0508107759688413,5649.90050660842,"moving",29,-14.69295,145.44156,"run_day_11652_liz21_del_07_29.json","07",11652
145.441846,-14.694048,3848,3.55,2021-11-26 08:32:00,0.0481554969087769,5354.64694630373,"moving",29,-14.69295,145.44156,"run_day_11652_liz21_del_07_29.json","07",11652
145.441968,-14.694456,3848,3.55,2021-11-26 08:44:00,0.0472271317560001,5251.41745124134,"moving",29,-14.69295,145.44156,"run_day_11652_liz21_del_07_29.json","07",11652
145.44167,-14.693356,3849,3.55,2021-11-26 07:52:00,0.0520576233826811,5788.54361332729,"moving",29,-14.69295,145.44156,"run_day_11652_liz21_del_07_29.json","07",11652
145.441764,-14.693835,3849,3.55,2021-11-26 08:04:00,0.0542134861612463,6028.26461684558,"moving",29,-14.69295,145.44156,"run_day_11652_liz21_del_07_29.json","07",11652
145.441886,-14.694277,3849,3.55,2021-11-26 08:16:00,0.0508697443603341,5656.4574925748,"moving",29,-14.69295,145.44156,"run_day_11652_liz21_del_07_29.json","07",11652
145.44169,-14.693532,3850,3.55,2021-11-26 08:02:00,0.0534211539247532,5940.16129193061,"moving",29,-14.69295,145.44156,"run_day_11652_liz21_del_07_29.json","07",11652
145.441794,-14.694002,3850,3.55,2021-11-26 08:14:00,0.0534453417069082,5942.85085059303,"moving",29,-14.69295,145.44156,"run_day_11652_liz21_del_07_29.json","07",11652
145.441925,-14.694438,3850,3.55,2021-11-26 08:26:00,0.0504870030508453,5613.89860074235,"moving",29,-14.69295,145.44156,"run_day_11652_liz21_del_07_29.json","07",11652
145.441712,-14.693494,3851,3.55,2021-11-26 07:57:00,0.0527081604398019,5860.88003367341,"moving",29,-14.69295,145.44156,"run_day_11652_liz21_del_07_29.json","07",11652
145.44181,-14.69395,3851,3.55,2021-11-26 08:09:00,0.0517889204239924,5758.66520754673,"moving",29,-14.69295,145.44156,"run_day_11652_liz21_del_07_29.json","07",11652
145.441933,-14.694375,3851,3.55,2021-11-26 08:21:00,0.0490747132215869,5456.85913677711,"moving",29,-14.69295,145.44156,"run_day_11652_liz21_del_07_29.json","07",11652
145.441751,-14.693221,3852,3.55,2021-11-26 08:00:00,0.0471202191241316,5239.52930898335,"moving",29,-14.69295,145.44156,"run_day_11652_liz21_del_07_29.json","07",11652
145.441818,-14.693615,3852,3.55,2021-11-26 08:12:00,0.0443995358326736,4937.0031299666,"moving",29,-14.69295,145.44156,"run_day_11652_liz21_del_07_29.json","07",11652
145.441903,-14.693988,3852,3.55,2021-11-26 08:24:00,0.0424713885554395,4722.60293491464,"moving",29,-14.69295,145.44156,"run_day_11652_liz21_del_07_29.json","07",11652
145.442008,-14.69436,3852,3.55,2021-11-26 08:36:00,0.042878530852683,4767.87509279054,"moving",29,-14.69295,145.44156,"run_day_11652_liz21_del_07_29.json","07",11652
145.44165,-14.693389,3853,3.55,2021-11-26 07:36:00,0.0527907160307199,5870.05979654963,"moving",29,-14.69295,145.44156,"run_day_11652_liz21_del_07_29.json","07",11652
145.441759,-14.693882,3853,3.55,2021-11-26 07:48:00,0.0560587426097796,6233.44777228064,"moving",29,-14.69295,145.44156,"run_day_11652_liz21_del_07_29.json","07",11652
145.441895,-14.694348,3853,3.55,2021-11-26 08:00:00,0.0538419932362513,5986.95648830179,"moving",29,-14.69295,145.44156,"run_day_11652_liz21_del_07_29.json","07",11652
145.441598,-14.693309,3854,3.55,2021-11-26 07:30:00,0.0528859729822257,5880.65188628471,"moving",29,-14.69295,145.44156,"run_day_11652_liz21_del_07_29.json","07",11652
145.441709,-14.693809,3854,3.55,2021-11-26 07:42:00,0.0568649042006997,6323.08885124667,"moving",29,-14.69295,145.44156,"run_day_11652_liz21_del_07_29.json","07",11652
145.441851,-14.694299,3854,3.55,2021-11-26 07:54:00,0.0565857210208932,6292.04509804769,"moving",29,-14.69295,145.44156,"run_day_11652_liz21_del_07_29.json","07",11652
145.441557,-14.693415,3855,3.55,2021-11-26 07:55:00,0.0554756812235571,6168.61430421036,"moving",29,-14.69295,145.44156,"run_day_11652_liz21_del_07_29.json","07",11652
145.441673,-14.693924,3855,3.55,2021-11-26 08:07:00,0.0579571229013099,6444.53802954082,"moving",29,-14.69295,145.44156,"run_day_11652_liz21_del_07_29.json","07",11652
145.441821,-14.694417,3855,3.55,2021-11-26 08:19:00,0.0570835839784954,6347.40493309731,"moving",29,-14.69295,145.44156,"run_day_11652_liz21_del_07_29.json","07",11652
145.441727,-14.693551,3856,3.55,2021-11-26 08:05:00,0.0525264225898627,5840.67170678087,"moving",29,-14.69295,145.44156,"run_day_11652_liz21_del_07_29.json","07",11652
145.441825,-14.693992,3856,3.55,2021-11-26 08:17:00,0.0501570574721902,5577.2103263271,"moving",29,-14.69295,145.44156,"run_day_11652_liz21_del_07_29.json","07",11652
145.441947,-14.694409,3856,3.55,2021-11-26 08:29:00,0.0481892837624081,5358.40387301479,"moving",29,-14.69295,145.44156,"run_day_11652_liz21_del_07_29.json","07",11652
145.441751,-14.693231,3857,3.55,2021-11-26 07:35:00,0.04743054335915,5274.03578953225,"moving",29,-14.69295,145.44156,"run_day_11652_liz21_del_07_29.json","07",11652
145.441823,-14.693634,3857,3.55,2021-11-26 07:47:00,0.0454757992858828,5056.67816569641,"moving",29,-14.69295,145.44156,"run_day_11652_liz21_del_07_29.json","07",11652
145.441921,-14.694023,3857,3.55,2021-11-26 07:59:00,0.0445206318781392,4950.46839585909,"moving",29,-14.69295,145.44156,"run_day_11652_liz21_del_07_29.json","07",11652
145.442033,-14.694415,3857,3.55,2021-11-26 08:11:00,0.0452224276914973,5028.50452984491,"moving",29,-14.69295,145.44156,"run_day_11652_liz21_del_07_29.json","07",11652
145.441536,-14.693566,3858,3.55,2021-11-26 07:54:00,0.0576177051113525,6406.79649328466,"moving",29,-14.69295,145.44156,"run_day_11652_liz21_del_07_29.json","07",11652
145.441671,-14.694089,3858,3.55,2021-11-26 08:06:00,0.0599402953030481,6665.05673927563,"moving",29,-14.69295,145.44156,"run_day_11652_liz21_del_07_29.json","07",11652
145.441837,-14.694591,3858,3.55,2021-11-26 08:18:00,0.0586058364646301,6516.67168662755,"moving",29,-14.69295,145.44156,"run_day_11652_liz21_del_07_29.json","07",11652
145.441681,-14.693587,3859,3.55,2021-11-26 07:49:00,0.054541256181205,6064.71098017118,"moving",29,-14.69295,145.44156,"run_day_11652_liz21_del_07_29.json","07",11652
145.441801,-14.694075,3859,3.55,2021-11-26 08:01:00,0.0557770311791351,6202.12289041519,"moving",29,-14.69295,145.44156,"run_day_11652_liz21_del_07_29.json","07",11652
145.441942,-14.694527,3859,3.55,2021-11-26 08:13:00,0.0524983470298207,5837.5498469415,"moving",29,-14.69295,145.44156,"run_day_11652_liz21_del_07_29.json","07",11652
145.441733,-14.693418,3860,3.55,2021-11-26 08:09:00,0.0502621243244919,5588.89322726156,"moving",29,-14.69295,145.44156,"run_day_11652_liz21_del_07_29.json","07",11652
145.441816,-14.693842,3860,3.55,2021-11-26 08:21:00,0.0479844145009936,5335.62345052008,"moving",29,-14.69295,145.44156,"run_day_11652_liz21_del_07_29.json","07",11652
145.441922,-14.694242,3860,3.55,2021-11-26 08:33:00,0.0459159725360052,5105.62319795467,"moving",29,-14.69295,145.44156,"run_day_11652_liz21_del_07_29.json","07",11652
145.442051,-14.694641,3860,3.55,2021-11-26 08:45:00,0.0464857604817405,5168.98072678366,"moving",29,-14.69295,145.44156,"run_day_11652_liz21_del_07_29.json","07",11652
145.441674,-14.693532,3861,3.55,2021-11-26 07:40:00,0.0540563664050888,6010.79369708524,"moving",29,-14.69295,145.44156,"run_day_11652_liz21_del_07_29.json","07",11652
145.441794,-14.694023,3861,3.55,2021-11-26 07:52:00,0.0561016155932564,6238.21503053337,"moving",29,-14.69295,145.44156,"run_day_11652_liz21_del_07_29.json","07",11652
145.441936,-14.694484,3861,3.55,2021-11-26 08:04:00,0.0534878308099184,5947.57542328545,"moving",29,-14.69295,145.44156,"run_day_11652_liz21_del_07_29.json","07",11652
145.441516,-14.693621,3862,3.55,2021-11-26 08:00:00,0.0586060290915353,6516.69310576214,"moving",29,-14.69295,145.44156,"run_day_11652_liz21_del_07_29.json","07",11652
145.441656,-14.694146,3862,3.55,2021-11-26 08:12:00,0.0602881544519695,6703.73691182257,"moving",29,-14.69295,145.44156,"run_day_11652_liz21_del_07_29.json","07",11652
145.441828,-14.694651,3862,3.55,2021-11-26 08:24:00,0.0591223973175155,6574.11063277159,"moving",29,-14.69295,145.44156,"run_day_11652_liz21_del_07_29.json","07",11652
145.441736,-14.693622,3863,3.55,2021-11-26 07:38:00,0.0534981927332275,5948.7276165877,"moving",29,-14.69295,145.44156,"run_day_11652_liz21_del_07_29.json","07",11652
145.441856,-14.694079,3863,3.55,2021-11-26 07:50:00,0.0524296163046891,5829.90733900226,"moving",29,-14.69295,145.44156,"run_day_11652_liz21_del_07_29.json","07",11652
145.441991,-14.694522,3863,3.55,2021-11-26 08:02:00,0.051354883692508,5710.40252502828,"moving",29,-14.69295,145.44156,"run_day_11652_liz21_del_07_29.json","07",11652
145.441464,-14.693491,3864,3.55,2021-11-26 07:18:00,0.0590246041490858,6563.23652858172,"moving",29,-14.69295,145.44156,"run_day_11652_liz21_del_07_29.json","07",11652
145.44162,-14.694023,3864,3.55,2021-11-26 07:30:00,0.0614893095840815,6837.29926862651,"moving",29,-14.69295,145.44156,"run_day_11652_liz21_del_07_29.json","07",11652
145.4418,-14.694559,3864,3.55,2021-11-26 07:42:00,0.0626661350073297,6968.15628523804,"moving",29,-14.69295,145.44156,"run_day_11652_liz21_del_07_29.json","07",11652
145.441714,-14.693203,3865,3.55,2021-11-26 07:44:00,0.0489102571984685,5438.57246135021,"moving",29,-14.69295,145.44156,"run_day_11652_liz21_del_07_29.json","07",11652
145.44179,-14.693638,3865,3.55,2021-11-26 07:56:00,0.0490556669395539,5454.7412868436,"moving",29,-14.69295,145.44156,"run_day_11652_liz21_del_07_29.json","07",11652
145.44189,-14.694047,3865,3.55,2021-11-26 08:08:00,0.0467333104260237,5196.50702467909,"moving",29,-14.69295,145.44156,"run_day_11652_liz21_del_07_29.json","07",11652
145.442008,-14.694448,3865,3.55,2021-11-26 08:20:00,0.0463602943131099,5155.02952536641,"moving",29,-14.69295,145.44156,"run_day_11652_liz21_del_07_29.json","07",11652
145.441727,-14.693609,3866,3.55,2021-11-26 07:44:00,0.053678064341668,5968.72842689367,"moving",29,-14.69295,145.44156,"run_day_11652_liz21_del_07_29.json","07",11652
145.441843,-14.694069,3866,3.55,2021-11-26 07:56:00,0.0526493871672942,5854.34474394825,"moving",29,-14.69295,145.44156,"run_day_11652_liz21_del_07_29.json","07",11652
145.441978,-14.69451,3866,3.55,2021-11-26 08:08:00,0.0511416072996553,5686.68727217,"moving",29,-14.69295,145.44156,"run_day_11652_liz21_del_07_29.json","07",11652
145.441715,-14.693175,3867,3.55,2021-11-26 07:28:00,0.0485111270481879,5394.19121356813,"moving",29,-14.69295,145.44156,"run_day_11652_liz21_del_07_29.json","07",11652
145.441793,-14.693604,3867,3.55,2021-11-26 07:40:00,0.0484347508230248,5385.69856481372,"moving",29,-14.69295,145.44156,"run_day_11652_liz21_del_07_29.json","07",11652
145.441898,-14.694016,3867,3.55,2021-11-26 07:52:00,0.0471838282506239,5246.60232113758,"moving",29,-14.69295,145.44156,"run_day_11652_liz21_del_07_29.json","07",11652
145.442017,-14.694427,3867,3.55,2021-11-26 08:04:00,0.0474596347580802,5277.27060550227,"moving",29,-14.69295,145.44156,"run_day_11652_liz21_del_07_29.json","07",11652
145.441657,-14.693565,3868,3.55,2021-11-26 07:22:00,0.0553391268597531,6153.43015174418,"moving",29,-14.69295,145.44156,"run_day_11652_liz21_del_07_29.json","07",11652
145.441794,-14.694064,3868,3.55,2021-11-26 07:34:00,0.0574095863989532,6383.65474832606,"moving",29,-14.69295,145.44156,"run_day_11652_liz21_del_07_29.json","07",11652
145.441943,-14.694544,3868,3.55,2021-11-26 07:46:00,0.0557276859993988,6196.63595677415,"moving",29,-14.69295,145.44156,"run_day_11652_liz21_del_07_29.json","07",11652
145.441565,-14.693202,3869,3.55,2021-11-26 08:09:00,0.0521817946963979,5802.35083344739,"moving",29,-14.69295,145.44156,"run_day_11652_liz21_del_07_29.json","07",11652
145.441659,-14.693682,3869,3.55,2021-11-26 08:21:00,0.0543227355741907,6040.41259730389,"moving",29,-14.69295,145.44156,"run_day_11652_liz21_del_07_29.json","07",11652
145.441778,-14.694165,3869,3.55,2021-11-26 08:33:00,0.0552112614832276,6139.21217058105,"moving",29,-14.69295,145.44156,"run_day_11652_liz21_del_07_29.json","07",11652
145.441925,-14.694614,3869,3.55,2021-11-26 08:45:00,0.0523702805490658,5823.30950400834,"moving",29,-14.69295,145.44156,"run_day_11652_liz21_del_07_29.json","07",11652
145.441562,-14.693227,3870,3.55,2021-11-26 07:18:00,0.0535480099211682,5954.26703514641,"moving",29,-14.69295,145.44156,"run_day_11652_liz21_del_07_29.json","07",11652
145.441675,-14.693723,3870,3.55,2021-11-26 07:30:00,0.056476020183347,6279.84692146388,"moving",29,-14.69295,145.44156,"run_day_11652_liz21_del_07_29.json","07",11652
145.441821,-14.694226,3870,3.55,2021-11-26 07:42:00,0.0580937356369775,6459.7286726621,"moving",29,-14.69295,145.44156,"run_day_11652_liz21_del_07_29.json","07",11652
145.441983,-14.694704,3870,3.55,2021-11-26 07:54:00,0.0559343984385089,6219.62133127751,"moving",29,-14.69295,145.44156,"run_day_11652_liz21_del_07_29.json","07",11652
145.441519,-14.69339,3871,3.55,2021-11-26 08:04:00,0.0558958123805491,6215.33075739318,"moving",29,-14.69295,145.44156,"run_day_11652_liz21_del_07_29.json","07",11652
145.441634,-14.693895,3871,3.55,2021-11-26 08:16:00,0.057499618174756,6393.66582503213,"moving",29,-14.69295,145.44156,"run_day_11652_liz21_del_07_29.json","07",11652
145.441782,-14.694395,3871,3.55,2021-11-26 08:28:00,0.0578314788822547,6430.56705205866,"moving",29,-14.69295,145.44156,"run_day_11652_liz21_del_07_29.json","07",11652
145.44174,-14.693475,3872,3.55,2021-11-26 08:06:00,0.0508281917876913,5651.83705730789,"moving",29,-14.69295,145.44156,"run_day_11652_liz21_del_07_29.json","07",11652
145.441827,-14.6939,3872,3.55,2021-11-26 08:18:00,0.0481753887415275,5356.85881718725,"moving",29,-14.69295,145.44156,"run_day_11652_liz21_del_07_29.json","07",11652
145.441939,-14.694302,3872,3.55,2021-11-26 08:30:00,0.0462951483210135,5147.78562155406,"moving",29,-14.69295,145.44156,"run_day_11652_liz21_del_07_29.json","07",11652
145.441693,-14.693326,3873,3.55,2021-11-26 08:08:00,0.0506089392861757,5627.45729148523,"moving",29,-14.69295,145.44156,"run_day_11652_liz21_del_07_29.json","07",11652
145.441775,-14.693778,3873,3.55,2021-11-26 08:20:00,0.0510281008325626,5674.06592888794,"moving",29,-14.69295,145.44156,"run_day_11652_liz21_del_07_29.json","07",11652
145.441882,-14.694197,3873,3.55,2021-11-26 08:32:00,0.0479910596022406,5336.36235206579,"moving",29,-14.69295,145.44156,"run_day_11652_liz21_del_07_29.json","07",11652
145.442013,-14.694607,3873,3.55,2021-11-26 08:44:00,0.0477176251072653,5305.95782345492,"moving",29,-14.69295,145.44156,"run_day_11652_liz21_del_07_29.json","07",11652
145.441712,-14.693331,3874,3.55,2021-11-26 07:32:00,0.0505773220051535,5623.94161024127,"moving",29,-14.69295,145.44156,"run_day_11652_liz21_del_07_29.json","07",11652
145.441803,-14.693781,3874,3.55,2021-11-26 07:44:00,0.0509860226226846,5669.38704542722,"moving",29,-14.69295,145.44156,"run_day_11652_liz21_del_07_29.json","07",11652
145.441923,-14.694209,3874,3.55,2021-11-26 07:56:00,0.0493105910067657,5483.08754979715,"moving",29,-14.69295,145.44156,"run_day_11652_liz21_del_07_29.json","07",11652
145.442057,-14.694635,3874,3.55,2021-11-26 08:08:00,0.0495131687565737,5505.61316782687,"moving",29,-14.69295,145.44156,"run_day_11652_liz21_del_07_29.json","07",11652
145.441675,-14.693134,3875,3.55,2021-11-26 08:09:00,0.0484724783546152,5389.8936749214,"moving",29,-14.69295,145.44156,"run_day_11652_liz21_del_07_29.json","07",11652
145.441749,-14.69358,3875,3.55,2021-11-26 08:21:00,0.0502275859541712,5585.05273570733,"moving",29,-14.69295,145.44156,"run_day_11652_liz21_del_07_29.json","07",11652
145.441841,-14.694,3875,3.55,2021-11-26 08:33:00,0.0477386934386437,5308.30051501706,"moving",29,-14.69295,145.44156,"run_day_11652_liz21_del_07_29.json","07",11652
145.441959,-14.694404,3875,3.55,2021-11-26 08:45:00,0.0466812250124997,5190.71539094305,"moving",29,-14.69295,145.44156,"run_day_11652_liz21_del_07_29.json","07",11652
145.441632,-14.693406,3876,3.55,2021-11-26 07:58:00,0.0534018975921793,5938.02008544261,"moving",29,-14.69295,145.44156,"run_day_11652_liz21_del_07_29.json","07",11652
145.441735,-14.693899,3876,3.55,2021-11-26 08:10:00,0.0559273374855703,6218.83618913346,"moving",29,-14.69295,145.44156,"run_day_11652_liz21_del_07_29.json","07",11652
145.441867,-14.694359,3876,3.55,2021-11-26 08:22:00,0.0530835415606792,5902.62050987311,"moving",29,-14.69295,145.44156,"run_day_11652_liz21_del_07_29.json","07",11652
145.441546,-14.693389,3877,3.55,2021-11-26 07:13:00,0.0563928976571053,6270.60411825593,"moving",29,-14.69295,145.44156,"run_day_11652_liz21_del_07_29.json","07",11652
145.441681,-14.693904,3877,3.55,2021-11-26 07:25:00,0.0590776277950561,6569.13248900581,"moving",29,-14.69295,145.44156,"run_day_11652_liz21_del_07_29.json","07",11652
145.441841,-14.694417,3877,3.55,2021-11-26 07:37:00,0.0595824105694197,6625.2617725726,"moving",29,-14.69295,145.44156,"run_day_11652_liz21_del_07_29.json","07",11652
145.441626,-14.693529,3878,3.55,2021-11-26 07:20:00,0.0556696177531267,6190.17906238955,"moving",29,-14.69295,145.44156,"run_day_11652_liz21_del_07_29.json","07",11652
145.441764,-14.694037,3878,3.55,2021-11-26 07:32:00,0.0584046218074043,6494.29763757751,"moving",29,-14.69295,145.44156,"run_day_11652_liz21_del_07_29.json","07",11652
145.441918,-14.694527,3878,3.55,2021-11-26 07:44:00,0.0569476558316655,6332.29041278163,"moving",29,-14.69295,145.44156,"run_day_11652_liz21_del_07_29.json","07",11652
145.441699,-14.693677,3879,3.55,2021-11-26 07:25:00,0.0556655964465183,6189.73191349622,"moving",29,-14.69295,145.44156,"run_day_11652_liz21_del_07_29.json","07",11652
145.441839,-14.694164,3879,3.55,2021-11-26 07:37:00,0.0562065789678924,6249.88642527639,"moving",29,-14.69295,145.44156,"run_day_11652_liz21_del_07_29.json","07",11652
145.44199,-14.694635,3879,3.55,2021-11-26 07:49:00,0.0548332914889073,6097.18382478876,"moving",29,-14.69295,145.44156,"run_day_11652_liz21_del_07_29.json","07",11652
145.441515,-14.693352,3880,3.55,2021-11-26 07:36:00,0.055420569875696,6162.48620192765,"moving",29,-14.69295,145.44156,"run_day_11652_liz21_del_07_29.json","07",11652
145.441641,-14.693868,3880,3.55,2021-11-26 07:48:00,0.0589553953577129,6555.54086210184,"moving",29,-14.69295,145.44156,"run_day_11652_liz21_del_07_29.json","07",11652
145.441799,-14.694388,3880,3.55,2021-11-26 08:00:00,0.0602670087658851,6701.38561880957,"moving",29,-14.69295,145.44156,"run_day_11652_liz21_del_07_29.json","07",11652
145.441548,-14.693428,3881,3.55,2021-11-26 07:25:00,0.0557191377894722,6195.68543919842,"moving",29,-14.69295,145.44156,"run_day_11652_liz21_del_07_29.json","07",11652
145.441683,-14.693945,3881,3.55,2021-11-26 07:37:00,0.059293220253647,6593.10527662394,"moving",29,-14.69295,145.44156,"run_day_11652_liz21_del_07_29.json","07",11652
145.441844,-14.694459,3881,3.55,2021-11-26 07:49:00,0.059719973655227,6640.55808980794,"moving",29,-14.69295,145.44156,"run_day_11652_liz21_del_07_29.json","07",11652
145.441736,-14.693148,3882,3.55,2021-11-26 07:14:00,0.0485819111651743,5402.06204826403,"moving",29,-14.69295,145.44156,"run_day_11652_liz21_del_07_29.json","07",11652
145.441811,-14.693553,3882,3.55,2021-11-26 07:26:00,0.0457507481006978,5087.25107899078,"moving",29,-14.69295,145.44156,"run_day_11652_liz21_del_07_29.json","07",11652
145.441914,-14.693948,3882,3.55,2021-11-26 07:38:00,0.0452976280367035,5036.86642671375,"moving",29,-14.69295,145.44156,"run_day_11652_liz21_del_07_29.json","07",11652
145.442028,-14.694352,3882,3.55,2021-11-26 07:50:00,0.0465660932514192,5177.91332321524,"moving",29,-14.69295,145.44156,"run_day_11652_liz21_del_07_29.json","07",11652
145.441653,-14.693419,3883,3.55,2021-11-26 07:50:00,0.0531420295558428,5909.12407820491,"moving",29,-14.69295,145.44156,"run_day_11652_liz21_del_07_29.json","07",11652
145.441757,-14.693912,3883,3.55,2021-11-26 08:02:00,0.0559487426713481,6221.21633719585,"moving",29,-14.69295,145.44156,"run_day_11652_liz21_del_07_29.json","07",11652
145.441889,-14.694367,3883,3.55,2021-11-26 08:14:00,0.0525480317345212,5843.07453403603,"moving",29,-14.69295,145.44156,"run_day_11652_liz21_del_07_29.json","07",11652
145.441593,-14.693211,3884,3.55,2021-11-26 07:22:00,0.0521878855976687,5803.0281107674,"moving",29,-14.69295,145.44156,"run_day_11652_liz21_del_07_29.json","07",11652
145.441698,-14.693701,3884,3.55,2021-11-26 07:34:00,0.055643666094178,6187.29336957644,"moving",29,-14.69295,145.44156,"run_day_11652_liz21_del_07_29.json","07",11652
145.441836,-14.69419,3884,3.55,2021-11-26 07:46:00,0.0563638391524668,6267.37295996426,"moving",29,-14.69295,145.44156,"run_day_11652_liz21_del_07_29.json","07",11652
145.441989,-14.694657,3884,3.55,2021-11-26 07:58:00,0.05447322907119,6057.14671066321,"moving",29,-14.69295,145.44156,"run_day_11652_liz21_del_07_29.json","07",11652
145.441663,-14.69354,3885,3.55,2021-11-26 07:47:00,0.054363185100729,6044.91037944013,"moving",29,-14.69295,145.44156,"run_day_11652_liz21_del_07_29.json","07",11652
145.441782,-14.694035,3885,3.55,2021-11-26 07:59:00,0.0565100978647151,6283.63618674383,"moving",29,-14.69295,145.44156,"run_day_11652_liz21_del_07_29.json","07",11652
145.441924,-14.694495,3885,3.55,2021-11-26 08:11:00,0.053381274704866,5935.72692500061,"moving",29,-14.69295,145.44156,"run_day_11652_liz21_del_07_29.json","07",11652
145.441617,-14.693613,3886,3.55,2021-11-26 08:07:00,0.0556880850915591,6192.23253673186,"moving",29,-14.69295,145.44156,"run_day_11652_liz21_del_07_29.json","07",11652
145.441739,-14.694113,3886,3.55,2021-11-26 08:19:00,0.0571250184259523,6352.01223344283,"moving",29,-14.69295,145.44156,"run_day_11652_liz21_del_07_29.json","07",11652
145.441891,-14.69458,3886,3.55,2021-11-26 08:31:00,0.0544408340523514,6053.54454891981,"moving",29,-14.69295,145.44156,"run_day_11652_liz21_del_07_29.json","07",11652
145.441754,-14.693515,3887,3.55,2021-11-26 08:01:00,0.0505912962883946,5625.49547964118,"moving",29,-14.69295,145.44156,"run_day_11652_liz21_del_07_29.json","07",11652
145.441844,-14.693935,3887,3.55,2021-11-26 08:13:00,0.0476945685191097,5303.39404782629,"moving",29,-14.69295,145.44156,"run_day_11652_liz21_del_07_29.json","07",11652
145.441958,-14.694336,3887,3.55,2021-11-26 08:25:00,0.0462443644985728,5142.13871814304,"moving",29,-14.69295,145.44156,"run_day_11652_liz21_del_07_29.json","07",11652
145.441769,-14.693377,3888,3.55,2021-11-26 07:39:00,0.0477405033642332,5308.50176956022,"moving",29,-14.69295,145.44156,"run_day_11652_liz21_del_07_29.json","07",11652
145.441851,-14.693781,3888,3.55,2021-11-26 07:51:00,0.0457803693274386,5090.54480912534,"moving",29,-14.69295,145.44156,"run_day_11652_liz21_del_07_29.json","07",11652
145.441957,-14.694173,3888,3.55,2021-11-26 08:03:00,0.0450548147504867,5009.86682116455,"moving",29,-14.69295,145.44156,"run_day_11652_liz21_del_07_29.json","07",11652
145.442077,-14.694571,3888,3.55,2021-11-26 08:15:00,0.0460993076555441,5126.00913312318,"moving",29,-14.69295,145.44156,"run_day_11652_liz21_del_07_29.json","07",11652
145.441615,-14.693373,3889,3.55,2021-11-26 07:32:00,0.0532506123242476,5921.19793117255,"moving",29,-14.69295,145.44156,"run_day_11652_liz21_del_07_29.json","07",11652
145.44173,-14.693875,3889,3.55,2021-11-26 07:44:00,0.0571738885375016,6357.44634191167,"moving",29,-14.69295,145.44156,"run_day_11652_liz21_del_07_29.json","07",11652
145.441873,-14.694358,3889,3.55,2021-11-26 07:56:00,0.0558661566514235,6212.03319076847,"moving",29,-14.69295,145.44156,"run_day_11652_liz21_del_07_29.json","07",11652
145.441613,-14.693584,3890,3.55,2021-11-26 07:53:00,0.0559921520877258,6226.04324406564,"moving",29,-14.69295,145.44156,"run_day_11652_liz21_del_07_29.json","07",11652
145.441741,-14.694096,3890,3.55,2021-11-26 08:05:00,0.0585728021326587,6512.99843650724,"moving",29,-14.69295,145.44156,"run_day_11652_liz21_del_07_29.json","07",11652
145.441895,-14.694572,3890,3.55,2021-11-26 08:17:00,0.0554600795395722,6166.87947610413,"moving",29,-14.69295,145.44156,"run_day_11652_liz21_del_07_29.json","07",11652
145.441574,-14.693492,3891,3.55,2021-11-26 07:16:00,0.0567511033052801,6310.4347690284,"moving",29,-14.69295,145.44156,"run_day_11652_liz21_del_07_29.json","07",11652
145.441717,-14.69401,3891,3.55,2021-11-26 07:28:00,0.059617211536536,6629.13146355826,"moving",29,-14.69295,145.44156,"run_day_11652_liz21_del_07_29.json","07",11652
145.441878,-14.694516,3891,3.55,2021-11-26 07:40:00,0.0588691965492736,6545.95599192059,"moving",29,-14.69295,145.44156,"run_day_11652_liz21_del_07_29.json","07",11652
145.441706,-14.693637,3892,3.55,2021-11-26 07:42:00,0.0546907331970077,6081.3320659784,"moving",29,-14.69295,145.44156,"run_day_11652_liz21_del_07_29.json","07",11652
145.441831,-14.694114,3892,3.55,2021-11-26 07:54:00,0.0547174718987064,6084.30527395236,"moving",29,-14.69295,145.44156,"run_day_11652_liz21_del_07_29.json","07",11652
145.441974,-14.694568,3892,3.55,2021-11-26 08:06:00,0.0527735874345588,5868.15518355597,"moving",29,-14.69295,145.44156,"run_day_11652_liz21_del_07_29.json","07",11652
145.441624,-14.693492,3893,3.55,2021-11-26 08:06:00,0.0542745921560255,6035.05929345259,"moving",29,-14.69295,145.44156,"run_day_11652_liz21_del_07_29.json","07",11652
145.441733,-14.693985,3893,3.55,2021-11-26 08:18:00,0.0560587414544046,6233.4476438088,"moving",29,-14.69295,145.44156,"run_day_11652_liz21_del_07_29.json","07",11652
145.441873,-14.694447,3893,3.55,2021-11-26 08:30:00,0.0535334998909454,5952.65359340016,"moving",29,-14.69295,145.44156,"run_day_11652_liz21_del_07_29.json","07",11652
145.441762,-14.693279,3894,3.55,2021-11-26 07:31:00,0.0470833260141913,5235.42698232985,"moving",29,-14.69295,145.44156,"run_day_11652_liz21_del_07_29.json","07",11652
145.441838,-14.693676,3894,3.55,2021-11-26 07:43:00,0.0448948587802807,4992.08052879113,"moving",29,-14.69295,145.44156,"run_day_11652_liz21_del_07_29.json","07",11652
145.44194,-14.694064,3894,3.55,2021-11-26 07:55:00,0.0445166775280569,4950.02869219176,"moving",29,-14.69295,145.44156,"run_day_11652_liz21_del_07_29.json","07",11652
145.442054,-14.69446,3894,3.55,2021-11-26 08:07:00,0.0457085253720552,5082.55612577663,"moving",29,-14.69295,145.44156,"run_day_11652_liz21_del_07_29.json","07",11652
145.441522,-14.693479,3895,3.55,2021-11-26 07:51:00,0.056967687828683,6334.51786922052,"moving",29,-14.69295,145.44156,"run_day_11652_liz21_del_07_29.json","07",11652
145.441652,-14.694001,3895,3.55,2021-11-26 08:03:00,0.0597041858352369,6638.80256432227,"moving",29,-14.69295,145.44156,"run_day_11652_liz21_del_07_29.json","07",11652
145.441813,-14.694508,3895,3.55,2021-11-26 08:15:00,0.0589754811211069,6557.77429708904,"moving",29,-14.69295,145.44156,"run_day_11652_liz21_del_07_29.json","07",11652
145.441689,-14.69345,3896,3.55,2021-11-26 07:21:00,0.0532511536475227,5921.25812357441,"moving",29,-14.69295,145.44156,"run_day_11652_liz21_del_07_29.json","07",11652
145.441806,-14.693925,3896,3.55,2021-11-26 07:33:00,0.0542960697292417,6037.44749063087,"moving",29,-14.69295,145.44156,"run_day_11652_liz21_del_07_29.json","07",11652
145.441941,-14.694384,3896,3.55,2021-11-26 07:45:00,0.0530637928108703,5900.42454908679,"moving",29,-14.69295,145.44156,"run_day_11652_liz21_del_07_29.json","07",11652
145.441659,-14.693643,3897,3.55,2021-11-26 07:41:00,0.0557525518203177,6199.40090990719,"moving",29,-14.69295,145.44156,"run_day_11652_liz21_del_07_29.json","07",11652
145.441795,-14.694147,3897,3.55,2021-11-26 07:53:00,0.0579198514874884,6440.39363741501,"moving",29,-14.69295,145.44156,"run_day_11652_liz21_del_07_29.json","07",11652
145.441949,-14.69462,3897,3.55,2021-11-26 08:05:00,0.0551418090270825,6131.4894098147,"moving",29,-14.69295,145.44156,"run_day_11652_liz21_del_07_29.json","07",11652
145.441536,-14.693248,3898,3.55,2021-11-26 07:27:00,0.0536726316592721,5968.12434017318,"moving",29,-14.69295,145.44156,"run_day_11652_liz21_del_07_29.json","07",11652
145.441652,-14.693751,3898,3.55,2021-11-26 07:39:00,0.0573057783860668,6372.11182394803,"moving",29,-14.69295,145.44156,"run_day_11652_liz21_del_07_29.json","07",11652
145.441801,-14.694264,3898,3.55,2021-11-26 07:51:00,0.059251513181399,6588.46766178476,"moving",29,-14.69295,145.44156,"run_day_11652_liz21_del_07_29.json","07",11652
145.441672,-14.693687,3899,3.55,2021-11-26 07:13:00,0.0573679486140973,6379.02483789336,"moving",29,-14.69295,145.44156,"run_day_11652_liz21_del_07_29.json","07",11652
145.441822,-14.69419,3899,3.55,2021-11-26 07:25:00,0.0582115077451519,6472.82433359133,"moving",29,-14.69295,145.44156,"run_day_11652_liz21_del_07_29.json","07",11652
145.44198,-14.694672,3899,3.55,2021-11-26 07:37:00,0.056225688184632,6252.01127322998,"moving",29,-14.69295,145.44156,"run_day_11652_liz21_del_07_29.json","07",11652
145.441644,-14.693163,3900,3.55,2021-11-26 07:37:00,0.0500254208459947,5562.57300133357,"moving",29,-14.69295,145.44156,"run_day_11652_liz21_del_07_29.json","07",11652
145.441732,-14.69364,3900,3.55,2021-11-26 07:49:00,0.053877903932876,5990.94957557873,"moving",29,-14.69295,145.44156,"run_day_11652_liz21_del_07_29.json","07",11652
145.441848,-14.694097,3900,3.55,2021-11-26 08:01:00,0.0523253638826025,5818.31499857583,"moving",29,-14.69295,145.44156,"run_day_11652_liz21_del_07_29.json","07",11652
145.441983,-14.694532,3900,3.55,2021-11-26 08:13:00,0.0505022487283086,5615.59384272953,"moving",29,-14.69295,145.44156,"run_day_11652_liz21_del_07_29.json","07",11652
145.441612,-14.693594,3901,3.55,2021-11-26 07:49:00,0.056276237138861,6257.63206048744,"moving",29,-14.69295,145.44156,"run_day_11652_liz21_del_07_29.json","07",11652
145.441743,-14.694108,3901,3.55,2021-11-26 08:01:00,0.0588653858006846,6545.53225601077,"moving",29,-14.69295,145.44156,"run_day_11652_liz21_del_07_29.json","07",11652
145.4419,-14.694588,3901,3.55,2021-11-26 08:13:00,0.055981203491014,6224.82581565741,"moving",29,-14.69295,145.44156,"run_day_11652_liz21_del_07_29.json","07",11652
145.441674,-14.693671,3902,3.55,2021-11-26 07:26:00,0.0559500137698591,6221.35767690154,"moving",29,-14.69295,145.44156,"run_day_11652_liz21_del_07_29.json","07",11652
145.441818,-14.694171,3902,3.55,2021-11-26 07:38:00,0.0577145400667986,6417.56404905212,"moving",29,-14.69295,145.44156,"run_day_11652_liz21_del_07_29.json","07",11652
145.441974,-14.694649,3902,3.55,2021-11-26 07:50:00,0.0557367378792471,6197.64247988988,"moving",29,-14.69295,145.44156,"run_day_11652_liz21_del_07_29.json","07",11652
145.441698,-14.693687,3903,3.55,2021-11-26 07:13:00,0.0569511848343999,6332.68281998181,"moving",29,-14.69295,145.44156,"run_day_11652_liz21_del_07_29.json","07",11652
145.441843,-14.694178,3903,3.55,2021-11-26 07:25:00,0.0567805793433195,6313.71235491596,"moving",29,-14.69295,145.44156,"run_day_11652_liz21_del_07_29.json","07",11652
145.441996,-14.694652,3903,3.55,2021-11-26 07:37:00,0.0552157262712134,6139.70863235361,"moving",29,-14.69295,145.44156,"run_day_11652_liz21_del_07_29.json","07",11652
145.441554,-14.693539,3904,3.55,2021-11-26 07:31:00,0.0566091030434637,6294.64506033221,"moving",29,-14.69295,145.44156,"run_day_11652_liz21_del_07_29.json","07",11652
145.441698,-14.694064,3904,3.55,2021-11-26 07:43:00,0.0603970519572061,6715.84576192914,"moving",29,-14.69295,145.44156,"run_day_11652_liz21_del_07_29.json","07",11652
145.441866,-14.694576,3904,3.55,2021-11-26 07:55:00,0.0597306132837922,6641.74116252578,"moving",29,-14.69295,145.44156,"run_day_11652_liz21_del_07_29.json","07",11652
145.441528,-14.693251,3905,3.55,2021-11-26 07:33:00,0.0537553977623485,5977.32751093342,"moving",29,-14.69295,145.44156,"run_day_11652_liz21_del_07_29.json","07",11652
145.441644,-14.693756,3905,3.55,2021-11-26 07:45:00,0.0575228535727083,6396.249483403,"moving",29,-14.69295,145.44156,"run_day_11652_liz21_del_07_29.json","07",11652
145.441791,-14.694271,3905,3.55,2021-11-26 07:57:00,0.0594080307159084,6605.87161755313,"moving",29,-14.69295,145.44156,"run_day_11652_liz21_del_07_29.json","07",11652
145.441654,-14.693495,3906,3.55,2021-11-26 07:15:00,0.05518631761555,6136.43853904441,"moving",29,-14.69295,145.44156,"run_day_11652_liz21_del_07_29.json","07",11652
145.441786,-14.693992,3906,3.55,2021-11-26 07:27:00,0.0570584876184393,6344.61434518182,"moving",29,-14.69295,145.44156,"run_day_11652_liz21_del_07_29.json","07",11652
145.441931,-14.69447,3906,3.55,2021-11-26 07:39:00,0.0553920598221142,6159.31602861099,"moving",29,-14.69295,145.44156,"run_day_11652_liz21_del_07_29.json","07",11652
145.441601,-14.6934,3907,3.55,2021-11-26 07:21:00,0.0545840632895545,6069.47091344396,"moving",29,-14.69295,145.44156,"run_day_11652_liz21_del_07_29.json","07",11652
145.441727,-14.693905,3907,3.55,2021-11-26 07:33:00,0.0577656903837981,6423.25170479872,"moving",29,-14.69295,145.44156,"run_day_11652_liz21_del_07_29.json","07",11652
145.441877,-14.694398,3907,3.55,2021-11-26 07:45:00,0.0571439461525717,6354.11690061582,"moving",29,-14.69295,145.44156,"run_day_11652_liz21_del_07_29.json","07",11652
145.441761,-14.693618,3908,3.55,2021-11-26 07:35:00,0.0518699206125585,5767.67201757253,"moving",29,-14.69295,145.44156,"run_day_11652_liz21_del_07_29.json","07",11652
145.441877,-14.694057,3908,3.55,2021-11-26 07:47:00,0.0503838479112952,5602.42827256708,"moving",29,-14.69295,145.44156,"run_day_11652_liz21_del_07_29.json","07",11652
145.442006,-14.694491,3908,3.55,2021-11-26 07:59:00,0.0502136209674381,5583.49990003195,"moving",29,-14.69295,145.44156,"run_day_11652_liz21_del_07_29.json","07",11652
145.441754,-14.69327,3909,3.55,2021-11-26 08:08:00,0.0469929406865205,5225.37659244975,"moving",29,-14.69295,145.44156,"run_day_11652_liz21_del_07_29.json","07",11652
145.441821,-14.693662,3909,3.55,2021-11-26 08:20:00,0.0441801093403663,4912.60401725062,"moving",29,-14.69295,145.44156,"run_day_11652_liz21_del_07_29.json","07",11652
145.441908,-14.694035,3909,3.55,2021-11-26 08:32:00,0.0425182134223506,4727.80962255597,"moving",29,-14.69295,145.44156,"run_day_11652_liz21_del_07_29.json","07",11652
145.442016,-14.69441,3909,3.55,2021-11-26 08:44:00,0.043285900747718,4813.17255838615,"moving",29,-14.69295,145.44156,"run_day_11652_liz21_del_07_29.json","07",11652
145.441783,-14.693469,3910,3.55,2021-11-26 07:18:00,0.0484347517203371,5385.6986645903,"moving",29,-14.69295,145.44156,"run_day_11652_liz21_del_07_29.json","07",11652
145.441882,-14.693872,3910,3.55,2021-11-26 07:30:00,0.0460593244253007,5121.56320076924,"moving",29,-14.69295,145.44156,"run_day_11652_liz21_del_07_29.json","07",11652
145.442,-14.694283,3910,3.55,2021-11-26 07:42:00,0.0474307426743198,5274.05795236794,"moving",29,-14.69295,145.44156,"run_day_11652_liz21_del_07_29.json","07",11652
145.441783,-14.69357,3911,3.55,2021-11-26 07:19:00,0.0499332581789825,5552.32498033577,"moving",29,-14.69295,145.44156,"run_day_11652_liz21_del_07_29.json","07",11652
145.441897,-14.693989,3911,3.55,2021-11-26 07:31:00,0.0481771624191238,5357.05604113746,"moving",29,-14.69295,145.44156,"run_day_11652_liz21_del_07_29.json","07",11652
145.442018,-14.694418,3911,3.55,2021-11-26 07:43:00,0.0494461156323779,5498.15720060063,"moving",29,-14.69295,145.44156,"run_day_11652_liz21_del_07_29.json","07",11652
145.441538,-14.693382,3912,3.55,2021-11-26 07:48:00,0.0554866391326751,6169.83276811091,"moving",29,-14.69295,145.44156,"run_day_11652_liz21_del_07_29.json","07",11652
145.441657,-14.693897,3912,3.55,2021-11-26 08:00:00,0.0586783646602507,6524.73645401925,"moving",29,-14.69295,145.44156,"run_day_11652_liz21_del_07_29.json","07",11652
145.441809,-14.694402,3912,3.55,2021-11-26 08:12:00,0.0584849819337049,6503.23327592665,"moving",29,-14.69295,145.44156,"run_day_11652_liz21_del_07_29.json","07",11652
145.441653,-14.693251,3913,3.55,2021-11-26 08:04:00,0.0508359583006304,5652.70065414444,"moving",29,-14.69295,145.44156,"run_day_11652_liz21_del_07_29.json","07",11652
145.441737,-14.693722,3913,3.55,2021-11-26 08:16:00,0.0531464100916855,5909.61117156661,"moving",29,-14.69295,145.44156,"run_day_11652_liz21_del_07_29.json","07",11652
145.441848,-14.694162,3913,3.55,2021-11-26 08:28:00,0.0503613904645117,5599.93111841936,"moving",29,-14.69295,145.44156,"run_day_11652_liz21_del_07_29.json","07",11652
145.441982,-14.694584,3913,3.55,2021-11-26 08:40:00,0.0490878215872247,5458.31672053264,"moving",29,-14.69295,145.44156,"run_day_11652_liz21_del_07_29.json","07",11652
145.441554,-14.693615,3914,3.55,2021-11-26 07:42:00,0.0576908446007706,6414.92923344532,"moving",29,-14.69295,145.44156,"run_day_11652_liz21_del_07_29.json","07",11652
145.4417,-14.694145,3914,3.55,2021-11-26 07:54:00,0.0609896331480343,6781.73778397423,"moving",29,-14.69295,145.44156,"run_day_11652_liz21_del_07_29.json","07",11652
145.441873,-14.694653,3914,3.55,2021-11-26 08:06:00,0.0594728864077401,6613.08324144883,"moving",29,-14.69295,145.44156,"run_day_11652_liz21_del_07_29.json","07",11652
145.441756,-14.693334,3915,3.55,2021-11-26 07:53:00,0.0483799044294181,5379.59992409991,"moving",29,-14.69295,145.44156,"run_day_11652_liz21_del_07_29.json","07",11652
145.441831,-14.693741,3915,3.55,2021-11-26 08:05:00,0.045969669159235,5111.59399003577,"moving",29,-14.69295,145.44156,"run_day_11652_liz21_del_07_29.json","07",11652
145.441929,-14.694126,3915,3.55,2021-11-26 08:17:00,0.0440886226472277,4902.43116111811,"moving",29,-14.69295,145.44156,"run_day_11652_liz21_del_07_29.json","07",11652
145.442045,-14.694514,3915,3.55,2021-11-26 08:29:00,0.0449114892630078,4993.92975409804,"moving",29,-14.69295,145.44156,"run_day_11652_liz21_del_07_29.json","07",11652
145.441594,-14.693462,3916,3.55,2021-11-26 07:55:00,0.0550127425459268,6117.13787191033,"moving",29,-14.69295,145.44156,"run_day_11652_liz21_del_07_29.json","07",11652
145.44171,-14.69397,3916,3.55,2021-11-26 08:07:00,0.0578485395117201,6432.46410750058,"moving",29,-14.69295,145.44156,"run_day_11652_liz21_del_07_29.json","07",11652
145.441856,-14.694449,3916,3.55,2021-11-26 08:19:00,0.0555290868948721,6174.55274391463,"moving",29,-14.69295,145.44156,"run_day_11652_liz21_del_07_29.json","07",11652
145.441668,-14.69333,3917,3.55,2021-11-26 07:44:00,0.0516614401845129,5744.49005166917,"moving",29,-14.69295,145.44156,"run_day_11652_liz21_del_07_29.json","07",11652
145.441764,-14.693812,3917,3.55,2021-11-26 07:56:00,0.0545815405200313,6069.1903942719,"moving",29,-14.69295,145.44156,"run_day_11652_liz21_del_07_29.json","07",11652
145.441887,-14.694259,3917,3.55,2021-11-26 08:08:00,0.0514346637698643,5719.2736648776,"moving",29,-14.69295,145.44156,"run_day_11652_liz21_del_07_29.json","07",11652
145.44203,-14.69469,3917,3.55,2021-11-26 08:20:00,0.0503326502056198,5596.73534744012,"moving",29,-14.69295,145.44156,"run_day_11652_liz21_del_07_29.json","07",11652
145.441662,-14.693268,3918,3.55,2021-11-26 07:54:00,0.0510543867263832,5676.98878692311,"moving",29,-14.69295,145.44156,"run_day_11652_liz21_del_07_29.json","07",11652
145.441749,-14.693744,3918,3.55,2021-11-26 08:06:00,0.053749611285448,5976.68408405894,"moving",29,-14.69295,145.44156,"run_day_11652_liz21_del_07_29.json","07",11652
145.441863,-14.694184,3918,3.55,2021-11-26 08:18:00,0.0504388594616612,5608.54527787463,"moving",29,-14.69295,145.44156,"run_day_11652_liz21_del_07_29.json","07",11652
145.441998,-14.694607,3918,3.55,2021-11-26 08:30:00,0.0492257454680564,5473.65315634425,"moving",29,-14.69295,145.44156,"run_day_11652_liz21_del_07_29.json","07",11652
145.44172,-14.69322,3919,3.55,2021-11-26 07:11:00,0.0505575333101859,5621.74120775595,"moving",29,-14.69295,145.44156,"run_day_11652_liz21_del_07_29.json","07",11652
145.441804,-14.693651,3919,3.55,2021-11-26 07:23:00,0.0487692175166614,5422.8895642777,"moving",29,-14.69295,145.44156,"run_day_11652_liz21_del_07_29.json","07",11652
145.441921,-14.694068,3919,3.55,2021-11-26 07:35:00,0.0480456335998876,5342.43070373085,"moving",29,-14.69295,145.44156,"run_day_11652_liz21_del_07_29.json","07",11652
145.442044,-14.694498,3919,3.55,2021-11-26 07:47:00,0.0496103287357576,5516.41686458501,"moving",29,-14.69295,145.44156,"run_day_11652_liz21_del_07_29.json","07",11652
145.441515,-14.69355,3920,3.55,2021-11-26 07:44:00,0.0577656955503146,6423.25227928914,"moving",29,-14.69295,145.44156,"run_day_11652_liz21_del_07_29.json","07",11652
145.441658,-14.694081,3920,3.55,2021-11-26 07:56:00,0.0610149480901849,6784.55267710967,"moving",29,-14.69295,145.44156,"run_day_11652_liz21_del_07_29.json","07",11652
145.441831,-14.694598,3920,3.55,2021-11-26 08:08:00,0.0604242102297132,6718.86562404836,"moving",29,-14.69295,145.44156,"run_day_11652_liz21_del_07_29.json","07",11652
145.441532,-14.693637,3921,3.55,2021-11-26 08:07:00,0.0579428596077905,6442.95202366423,"moving",29,-14.69295,145.44156,"run_day_11652_liz21_del_07_29.json","07",11652
145.441667,-14.694154,3921,3.55,2021-11-26 08:19:00,0.0592932168522652,6593.10489840755,"moving",29,-14.69295,145.44156,"run_day_11652_liz21_del_07_29.json","07",11652
145.441837,-14.694651,3921,3.55,2021-11-26 08:31:00,0.0582102441090446,6472.68382366707,"moving",29,-14.69295,145.44156,"run_day_11652_liz21_del_07_29.json","07",11652
145.441623,-14.69362,3922,3.55,2021-11-26 07:47:00,0.056253927828168,6255.15137832144,"moving",29,-14.69295,145.44156,"run_day_11652_liz21_del_07_29.json","07",11652
145.441758,-14.694134,3922,3.55,2021-11-26 07:59:00,0.0589698463988071,6557.14774455625,"moving",29,-14.69295,145.44156,"run_day_11652_liz21_del_07_29.json","07",11652
145.441916,-14.694614,3922,3.55,2021-11-26 08:11:00,0.0560137414103757,6228.44386721401,"moving",29,-14.69295,145.44156,"run_day_11652_liz21_del_07_29.json","07",11652
145.441766,-14.693517,3923,3.55,2021-11-26 07:56:00,0.0496787147929151,5524.02104719415,"moving",29,-14.69295,145.44156,"run_day_11652_liz21_del_07_29.json","07",11652
145.441857,-14.69393,3923,3.55,2021-11-26 08:08:00,0.0469549733122123,5221.15481304866,"moving",29,-14.69295,145.44156,"run_day_11652_liz21_del_07_29.json","07",11652
145.441969,-14.694327,3923,3.55,2021-11-26 08:20:00,0.0457585543503198,5088.11909434487,"moving",29,-14.69295,145.44156,"run_day_11652_liz21_del_07_29.json","07",11652
145.441643,-14.693541,3924,3.55,2021-11-26 07:28:00,0.0547951995793498,6092.94819769976,"moving",29,-14.69295,145.44156,"run_day_11652_liz21_del_07_29.json","07",11652
145.441777,-14.694045,3924,3.55,2021-11-26 07:40:00,0.057865898834359,6434.39437610801,"moving",29,-14.69295,145.44156,"run_day_11652_liz21_del_07_29.json","07",11652
145.441927,-14.694525,3924,3.55,2021-11-26 07:52:00,0.0557587130849614,6200.08601127728,"moving",29,-14.69295,145.44156,"run_day_11652_liz21_del_07_29.json","07",11652
145.441653,-14.693296,3925,3.55,2021-11-26 07:40:00,0.0515062279732663,5727.23124122526,"moving",29,-14.69295,145.44156,"run_day_11652_liz21_del_07_29.json","07",11652
145.441749,-14.693782,3925,3.55,2021-11-26 07:52:00,0.0550183534073822,6117.76177123827,"moving",29,-14.69295,145.44156,"run_day_11652_liz21_del_07_29.json","07",11652
145.441876,-14.694239,3925,3.55,2021-11-26 08:04:00,0.0526200230414181,5851.07960212548,"moving",29,-14.69295,145.44156,"run_day_11652_liz21_del_07_29.json","07",11652
145.44202,-14.694677,3925,3.55,2021-11-26 08:16:00,0.0511068297200387,5682.82018175565,"moving",29,-14.69295,145.44156,"run_day_11652_liz21_del_07_29.json","07",11652
145.441749,-14.69357,3926,3.55,2021-11-26 07:16:00,0.0531505792245173,5910.07475798601,"moving",29,-14.69295,145.44156,"run_day_11652_liz21_del_07_29.json","07",11652
145.441871,-14.694014,3926,3.55,2021-11-26 07:28:00,0.0510846441481911,5680.3532587215,"moving",29,-14.69295,145.44156,"run_day_11652_liz21_del_07_29.json","07",11652
145.442,-14.694461,3926,3.55,2021-11-26 07:40:00,0.0516044209068338,5738.14979727032,"moving",29,-14.69295,145.44156,"run_day_11652_liz21_del_07_29.json","07",11652
145.441667,-14.693322,3927,3.55,2021-11-26 08:08:00,0.0512528764629831,5699.05983862404,"moving",29,-14.69295,145.44156,"run_day_11652_liz21_del_07_29.json","07",11652
145.441753,-14.69379,3927,3.55,2021-11-26 08:20:00,0.0528549334098754,5877.20044331414,"moving",29,-14.69295,145.44156,"run_day_11652_liz21_del_07_29.json","07",11652
145.441866,-14.694224,3927,3.55,2021-11-26 08:32:00,0.0497655897494651,5533.68110161497,"moving",29,-14.69295,145.44156,"run_day_11652_liz21_del_07_29.json","07",11652
145.442003,-14.694644,3927,3.55,2021-11-26 08:44:00,0.0489713996596784,5445.37119283931,"moving",29,-14.69295,145.44156,"run_day_11652_liz21_del_07_29.json","07",11652
145.441768,-14.693298,3928,3.55,2021-11-26 07:22:00,0.0474494423121799,5276.13725722807,"moving",29,-14.69295,145.44156,"run_day_11652_liz21_del_07_29.json","07",11652
145.441846,-14.693691,3928,3.55,2021-11-26 07:34:00,0.0444976438416783,4947.91224283112,"moving",29,-14.69295,145.44156,"run_day_11652_liz21_del_07_29.json","07",11652
145.441953,-14.694082,3928,3.55,2021-11-26 07:46:00,0.0449746521348262,5000.95314499655,"moving",29,-14.69295,145.44156,"run_day_11652_liz21_del_07_29.json","07",11652
145.442069,-14.694487,3928,3.55,2021-11-26 07:58:00,0.0467303456495729,5196.17735657913,"moving",29,-14.69295,145.44156,"run_day_11652_liz21_del_07_29.json","07",11652
145.441678,-14.693142,3929,3.55,2021-11-26 08:07:00,0.048691352099131,5414.23132488725,"moving",29,-14.69295,145.44156,"run_day_11652_liz21_del_07_29.json","07",11652
145.441752,-14.693588,3929,3.55,2021-11-26 08:19:00,0.0502275859084764,5585.05273062631,"moving",29,-14.69295,145.44156,"run_day_11652_liz21_del_07_29.json","07",11652
145.441845,-14.694006,3929,3.55,2021-11-26 08:31:00,0.047543669242645,5286.61481384907,"moving",29,-14.69295,145.44156,"run_day_11652_liz21_del_07_29.json","07",11652
145.441962,-14.69441,3929,3.55,2021-11-26 08:43:00,0.0466520964570537,5187.47644335696,"moving",29,-14.69295,145.44156,"run_day_11652_liz21_del_07_29.json","07",11652
145.441536,-14.693332,3930,3.55,2021-11-26 07:17:00,0.0556110779540398,6183.66973372429,"moving",29,-14.69295,145.44156,"run_day_11652_liz21_del_07_29.json","07",11652
145.441664,-14.693841,3930,3.55,2021-11-26 07:29:00,0.0582486197487836,6476.95100011279,"moving",29,-14.69295,145.44156,"run_day_11652_liz21_del_07_29.json","07",11652
145.441823,-14.694356,3930,3.55,2021-11-26 07:41:00,0.0597644911928033,6645.50821413314,"moving",29,-14.69295,145.44156,"run_day_11652_liz21_del_07_29.json","07",11652
145.441595,-14.693607,3931,3.55,2021-11-26 07:47:00,0.0567163767536393,6306.57335266608,"moving",29,-14.69295,145.44156,"run_day_11652_liz21_del_07_29.json","07",11652
145.441732,-14.694127,3931,3.55,2021-11-26 07:59:00,0.0596694596294414,6634.94118641619,"moving",29,-14.69295,145.44156,"run_day_11652_liz21_del_07_29.json","07",11652
145.441894,-14.694617,3931,3.55,2021-11-26 08:11:00,0.0572038550447853,6360.77846549087,"moving",29,-14.69295,145.44156,"run_day_11652_liz21_del_07_29.json","07",11652
145.441744,-14.693591,3932,3.55,2021-11-26 07:17:00,0.0537365470270588,5975.23140480568,"moving",29,-14.69295,145.44156,"run_day_11652_liz21_del_07_29.json","07",11652
145.441869,-14.694041,3932,3.55,2021-11-26 07:29:00,0.0518125030433411,5761.28747517529,"moving",29,-14.69295,145.44156,"run_day_11652_liz21_del_07_29.json","07",11652
145.442001,-14.694493,3932,3.55,2021-11-26 07:41:00,0.052226928990052,5807.36953791941,"moving",29,-14.69295,145.44156,"run_day_11652_liz21_del_07_29.json","07",11652
145.441486,-14.693488,3933,3.55,2021-11-26 07:59:00,0.0578737937803536,6435.27225404874,"moving",29,-14.69295,145.44156,"run_day_11652_liz21_del_07_29.json","07",11652
145.441617,-14.69401,3933,3.55,2021-11-26 08:11:00,0.0597294671521635,6641.6137185034,"moving",29,-14.69295,145.44156,"run_day_11652_liz21_del_07_29.json","07",11652
145.441782,-14.694522,3933,3.55,2021-11-26 08:23:00,0.0596337920188637,6630.97512907442,"moving",29,-14.69295,145.44156,"run_day_11652_liz21_del_07_29.json","07",11652
145.441452,-14.693387,3934,3.55,2021-11-26 08:06:00,0.0573589468594575,6378.02388844652,"moving",29,-14.69295,145.44156,"run_day_11652_liz21_del_07_29.json","07",11652
145.441576,-14.6939,3934,3.55,2021-11-26 08:18:00,0.0585814437420034,6513.95933962442,"moving",29,-14.69295,145.44156,"run_day_11652_liz21_del_07_29.json","07",11652
145.441732,-14.694413,3934,3.55,2021-11-26 08:30:00,0.059459572438501,6611.60279561595,"moving",29,-14.69295,145.44156,"run_day_11652_liz21_del_07_29.json","07",11652
145.441773,-14.693308,3935,3.55,2021-11-26 07:53:00,0.0465541291205607,5176.58297256207,"moving",29,-14.69295,145.44156,"run_day_11652_liz21_del_07_29.json","07",11652
145.441843,-14.693696,3935,3.55,2021-11-26 08:05:00,0.0437956639198239,4869.85563691456,"moving",29,-14.69295,145.44156,"run_day_11652_liz21_del_07_29.json","07",11652
145.441934,-14.694066,3935,3.55,2021-11-26 08:17:00,0.0422903697030855,4702.47455690586,"moving",29,-14.69295,145.44156,"run_day_11652_liz21_del_07_29.json","07",11652
145.442043,-14.694442,3935,3.55,2021-11-26 08:29:00,0.043421943533825,4828.29982600784,"moving",29,-14.69295,145.44156,"run_day_11652_liz21_del_07_29.json","07",11652
145.441683,-14.693186,3936,3.55,2021-11-26 07:30:00,0.0493963116779882,5492.61925354566,"moving",29,-14.69295,145.44156,"run_day_11652_liz21_del_07_29.json","07",11652
145.441767,-14.693645,3936,3.55,2021-11-26 07:42:00,0.0518319905076455,5763.45438233911,"moving",29,-14.69295,145.44156,"run_day_11652_liz21_del_07_29.json","07",11652
145.441881,-14.69408,3936,3.55,2021-11-26 07:54:00,0.0498997476914413,5548.5987841318,"moving",29,-14.69295,145.44156,"run_day_11652_liz21_del_07_29.json","07",11652
145.44201,-14.694508,3936,3.55,2021-11-26 08:06:00,0.0495727694945359,5512.24046751253,"moving",29,-14.69295,145.44156,"run_day_11652_liz21_del_07_29.json","07",11652
145.441485,-14.693384,3937,3.55,2021-11-26 07:27:00,0.0566278151888186,6296.72575596231,"moving",29,-14.69295,145.44156,"run_day_11652_liz21_del_07_29.json","07",11652
145.441623,-14.693906,3937,3.55,2021-11-26 07:39:00,0.0599115473147446,6661.86010882504,"moving",29,-14.69295,145.44156,"run_day_11652_liz21_del_07_29.json","07",11652
145.44179,-14.694436,3937,3.55,2021-11-26 07:51:00,0.0616098702065315,6850.70499819606,"moving",29,-14.69295,145.44156,"run_day_11652_liz21_del_07_29.json","07",11652
145.441697,-14.693355,3938,3.55,2021-11-26 07:52:00,0.0514130982291193,5716.87568615641,"moving",29,-14.69295,145.44156,"run_day_11652_liz21_del_07_29.json","07",11652
145.441786,-14.693817,3938,3.55,2021-11-26 08:04:00,0.0522563367510607,5810.63953174756,"moving",29,-14.69295,145.44156,"run_day_11652_liz21_del_07_29.json","07",11652
145.441902,-14.694243,3938,3.55,2021-11-26 08:16:00,0.0489846421938648,5446.84369545675,"moving",29,-14.69295,145.44156,"run_day_11652_liz21_del_07_29.json","07",11652
145.442037,-14.69466,3938,3.55,2021-11-26 08:28:00,0.0485886589420698,5402.81236682094,"moving",29,-14.69295,145.44156,"run_day_11652_liz21_del_07_29.json","07",11652
145.44169,-14.693321,3939,3.55,2021-11-26 07:41:00,0.0510343283501636,5674.75839725076,"moving",29,-14.69295,145.44156,"run_day_11652_liz21_del_07_29.json","07",11652
145.441782,-14.693788,3939,3.55,2021-11-26 07:53:00,0.052862452205598,5878.03649525296,"moving",29,-14.69295,145.44156,"run_day_11652_liz21_del_07_29.json","07",11652
145.441902,-14.694225,3939,3.55,2021-11-26 08:05:00,0.0502771372947884,5590.56259339241,"moving",29,-14.69295,145.44156,"run_day_11652_liz21_del_07_29.json","07",11652
145.442039,-14.69465,3939,3.55,2021-11-26 08:17:00,0.0495018908189403,5504.35911837902,"moving",29,-14.69295,145.44156,"run_day_11652_liz21_del_07_29.json","07",11652
145.44152,-14.693242,3940,3.55,2021-11-26 07:20:00,0.0545053778038482,6060.72148663286,"moving",29,-14.69295,145.44156,"run_day_11652_liz21_del_07_29.json","07",11652
145.441641,-14.693745,3940,3.55,2021-11-26 07:32:00,0.0574252671053563,6385.39836332429,"moving",29,-14.69295,145.44156,"run_day_11652_liz21_del_07_29.json","07",11652
145.441794,-14.694262,3940,3.55,2021-11-26 07:44:00,0.0597968047869819,6649.10132186745,"moving",29,-14.69295,145.44156,"run_day_11652_liz21_del_07_29.json","07",11652
145.441559,-14.69341,3941,3.55,2021-11-26 07:24:00,0.0553194433895021,6151.24144971351,"moving",29,-14.69295,145.44156,"run_day_11652_liz21_del_07_29.json","07",11652
145.441691,-14.693924,3941,3.55,2021-11-26 07:36:00,0.0588912266451593,6548.40562681658,"moving",29,-14.69295,145.44156,"run_day_11652_liz21_del_07_29.json","07",11652
145.441849,-14.694433,3941,3.55,2021-11-26 07:48:00,0.0590945053944411,6571.00919243136,"moving",29,-14.69295,145.44156,"run_day_11652_liz21_del_07_29.json","07",11652
145.441703,-14.693331,3942,3.55,2021-11-26 07:51:00,0.0509562879569929,5666.08070145683,"moving",29,-14.69295,145.44156,"run_day_11652_liz21_del_07_29.json","07",11652
145.441789,-14.693787,3942,3.55,2021-11-26 08:03:00,0.0515417160672503,5731.17733723257,"moving",29,-14.69295,145.44156,"run_day_11652_liz21_del_07_29.json","07",11652
145.441901,-14.694208,3942,3.55,2021-11-26 08:15:00,0.0483382006053755,5374.96267044469,"moving",29,-14.69295,145.44156,"run_day_11652_liz21_del_07_29.json","07",11652
145.442033,-14.694622,3942,3.55,2021-11-26 08:27:00,0.0481743403573167,5356.74224218184,"moving",29,-14.69295,145.44156,"run_day_11652_liz21_del_07_29.json","07",11652
145.441672,-14.693273,3943,3.55,2021-11-26 07:34:00,0.0506795786068586,5635.31202556678,"moving",29,-14.69295,145.44156,"run_day_11652_liz21_del_07_29.json","07",11652
145.441765,-14.693748,3943,3.55,2021-11-26 07:46:00,0.0537564561506757,5977.44519834583,"moving",29,-14.69295,145.44156,"run_day_11652_liz21_del_07_29.json","07",11652
145.441888,-14.694195,3943,3.55,2021-11-26 07:58:00,0.0514346647666151,5719.27377571123,"moving",29,-14.69295,145.44156,"run_day_11652_liz21_del_07_29.json","07",11652
145.442027,-14.694631,3943,3.55,2021-11-26 08:10:00,0.0507338701159522,5641.34896593788,"moving",29,-14.69295,145.44156,"run_day_11652_liz21_del_07_29.json","07",11652
145.441737,-14.693624,3944,3.55,2021-11-26 08:08:00,0.0526538080892329,5854.83632803893,"moving",29,-14.69295,145.44156,"run_day_11652_liz21_del_07_29.json","07",11652
145.441839,-14.694062,3944,3.55,2021-11-26 08:20:00,0.049923748673204,5551.2675715383,"moving",29,-14.69295,145.44156,"run_day_11652_liz21_del_07_29.json","07",11652
145.441966,-14.694479,3944,3.55,2021-11-26 08:32:00,0.0483384944258558,5374.99534179144,"moving",29,-14.69295,145.44156,"run_day_11652_liz21_del_07_29.json","07",11652
145.441508,-14.693249,3945,3.55,2021-11-26 07:47:00,0.0545124372856348,6061.50646519227,"moving",29,-14.69295,145.44156,"run_day_11652_liz21_del_07_29.json","07",11652
145.441622,-14.693756,3945,3.55,2021-11-26 07:59:00,0.0576938678945798,6415.26540837866,"moving",29,-14.69295,145.44156,"run_day_11652_liz21_del_07_29.json","07",11652
145.441763,-14.694267,3945,3.55,2021-11-26 08:11:00,0.0588096943441832,6539.33964859037,"moving",29,-14.69295,145.44156,"run_day_11652_liz21_del_07_29.json","07",11652
145.441684,-14.693693,3946,3.55,2021-11-26 07:12:00,0.0574310717280428,6386.04380791811,"moving",29,-14.69295,145.44156,"run_day_11652_liz21_del_07_29.json","07",11652
145.441833,-14.694192,3946,3.55,2021-11-26 07:24:00,0.0577543452804254,6421.99018686142,"moving",29,-14.69295,145.44156,"run_day_11652_liz21_del_07_29.json","07",11652
145.441989,-14.69467,3946,3.55,2021-11-26 07:36:00,0.0557367373948544,6197.64242602787,"moving",29,-14.69295,145.44156,"run_day_11652_liz21_del_07_29.json","07",11652
145.441693,-14.693293,3947,3.55,2021-11-26 07:28:00,0.0505288756112235,5618.55461702203,"moving",29,-14.69295,145.44156,"run_day_11652_liz21_del_07_29.json","07",11652
145.441786,-14.693755,3947,3.55,2021-11-26 07:40:00,0.0523368597129045,5819.59327658298,"moving",29,-14.69295,145.44156,"run_day_11652_liz21_del_07_29.json","07",11652
145.441909,-14.694193,3947,3.55,2021-11-26 07:52:00,0.0504682374653858,5611.81196284374,"moving",29,-14.69295,145.44156,"run_day_11652_liz21_del_07_29.json","07",11652
145.442046,-14.694627,3947,3.55,2021-11-26 08:04:00,0.0504581583409009,5610.691215336,"moving",29,-14.69295,145.44156,"run_day_11652_liz21_del_07_29.json","07",11652
145.441597,-14.693648,3948,3.55,2021-11-26 07:44:00,0.0571123487727029,6350.60343227915,"moving",29,-14.69295,145.44156,"run_day_11652_liz21_del_07_29.json","07",11652
145.44174,-14.694171,3948,3.55,2021-11-26 07:56:00,0.0601545327522853,6688.87885672807,"moving",29,-14.69295,145.44156,"run_day_11652_liz21_del_07_29.json","07",11652
145.441908,-14.694664,3948,3.55,2021-11-26 08:08:00,0.0577204412638033,6418.22023222017,"moving",29,-14.69295,145.44156,"run_day_11652_liz21_del_07_29.json","07",11652
145.441524,-14.693452,3949,3.55,2021-11-26 07:18:00,0.0571947838760842,6359.76979755258,"moving",29,-14.69295,145.44156,"run_day_11652_liz21_del_07_29.json","07",11652
145.441668,-14.693974,3949,3.55,2021-11-26 07:30:00,0.0600746849877183,6680.00019040431,"moving",29,-14.69295,145.44156,"run_day_11652_liz21_del_07_29.json","07",11652
145.441835,-14.694495,3949,3.55,2021-11-26 07:42:00,0.0606532925309249,6744.33841372716,"moving",29,-14.69295,145.44156,"run_day_11652_liz21_del_07_29.json","07",11652
145.441681,-14.693199,3950,3.55,2021-11-26 07:42:00,0.0497033938712676,5526.76523550121,"moving",29,-14.69295,145.44156,"run_day_11652_liz21_del_07_29.json","07",11652
145.441764,-14.693662,3950,3.55,2021-11-26 07:54:00,0.0522515340982487,5810.10550112042,"moving",29,-14.69295,145.44156,"run_day_11652_liz21_del_07_29.json","07",11652
145.441873,-14.694095,3950,3.55,2021-11-26 08:06:00,0.0495542244271482,5510.17835010474,"moving",29,-14.69295,145.44156,"run_day_11652_liz21_del_07_29.json","07",11652
145.442,-14.694514,3950,3.55,2021-11-26 08:18:00,0.0485518600515949,5398.72051689397,"moving",29,-14.69295,145.44156,"run_day_11652_liz21_del_07_29.json","07",11652
145.441513,-14.693342,3951,3.55,2021-11-26 07:19:00,0.0560377899732843,6231.11794540253,"moving",29,-14.69295,145.44156,"run_day_11652_liz21_del_07_29.json","07",11652
145.441646,-14.693855,3951,3.55,2021-11-26 07:31:00,0.058809389468516,6539.30574796292,"moving",29,-14.69295,145.44156,"run_day_11652_liz21_del_07_29.json","07",11652
145.441807,-14.694377,3951,3.55,2021-11-26 07:43:00,0.0605718656226721,6735.28415463709,"moving",29,-14.69295,145.44156,"run_day_11652_liz21_del_07_29.json","07",11652
145.441742,-14.693226,3952,3.55,2021-11-26 07:41:00,0.0479780748366578,5334.91851200931,"moving",29,-14.69295,145.44156,"run_day_11652_liz21_del_07_29.json","07",11652
145.441815,-14.693637,3952,3.55,2021-11-26 07:53:00,0.0463707041098246,5156.18704194848,"moving",29,-14.69295,145.44156,"run_day_11652_liz21_del_07_29.json","07",11652
145.441911,-14.69403,3952,3.55,2021-11-26 08:05:00,0.0449029345902809,4992.97851789171,"moving",29,-14.69295,145.44156,"run_day_11652_liz21_del_07_29.json","07",11652
145.442023,-14.69442,3952,3.55,2021-11-26 08:17:00,0.0450081123223686,5004.67374809584,"moving",29,-14.69295,145.44156,"run_day_11652_liz21_del_07_29.json","07",11652
145.441591,-14.693205,3953,3.55,2021-11-26 07:49:00,0.0519419188091725,5775.67785176356,"moving",29,-14.69295,145.44156,"run_day_11652_liz21_del_07_29.json","07",11652
145.441688,-14.693696,3953,3.55,2021-11-26 08:01:00,0.0555846358699065,6180.72950811876,"moving",29,-14.69295,145.44156,"run_day_11652_liz21_del_07_29.json","07",11652
145.441811,-14.694177,3953,3.55,2021-11-26 08:13:00,0.0550966746622938,6126.47069743288,"moving",29,-14.69295,145.44156,"run_day_11652_liz21_del_07_29.json","07",11652
145.441958,-14.694625,3953,3.55,2021-11-26 08:25:00,0.0522642848499301,5811.5233200183,"moving",29,-14.69295,145.44156,"run_day_11652_liz21_del_07_29.json","07",11652
145.441685,-14.693538,3954,3.55,2021-11-26 08:00:00,0.053787480996499,5980.89500380131,"moving",29,-14.69295,145.44156,"run_day_11652_liz21_del_07_29.json","07",11652
145.441791,-14.694012,3954,3.55,2021-11-26 08:12:00,0.0539254214245406,5996.2332795787,"moving",29,-14.69295,145.44156,"run_day_11652_liz21_del_07_29.json","07",11652
145.441924,-14.694452,3954,3.55,2021-11-26 08:24:00,0.0509742121226956,5668.07377774731,"moving",29,-14.69295,145.44156,"run_day_11652_liz21_del_07_29.json","07",11652
145.44177,-14.693424,3955,3.55,2021-11-26 07:33:00,0.0481971402523988,5359.277474843,"moving",29,-14.69295,145.44156,"run_day_11652_liz21_del_07_29.json","07",11652
145.44186,-14.693832,3955,3.55,2021-11-26 07:45:00,0.0463887933477584,5158.19847343359,"moving",29,-14.69295,145.44156,"run_day_11652_liz21_del_07_29.json","07",11652
145.441973,-14.694234,3955,3.55,2021-11-26 07:57:00,0.0463232535670799,5150.91078232874,"moving",29,-14.69295,145.44156,"run_day_11652_liz21_del_07_29.json","07",11652
145.4421,-14.694643,3955,3.55,2021-11-26 08:09:00,0.0474858545740142,5280.1861160117,"moving",29,-14.69295,145.44156,"run_day_11652_liz21_del_07_29.json","07",11652
145.441766,-14.69321,3956,3.55,2021-11-26 07:50:00,0.0458961281071342,5103.41659814205,"moving",29,-14.69295,145.44156,"run_day_11652_liz21_del_07_29.json","07",11652
145.441831,-14.693595,3956,3.55,2021-11-26 08:02:00,0.0433771648208305,4823.32066030118,"moving",29,-14.69295,145.44156,"run_day_11652_liz21_del_07_29.json","07",11652
145.441916,-14.693961,3956,3.55,2021-11-26 08:14:00,0.041711608448039,4638.11924160625,"moving",29,-14.69295,145.44156,"run_day_11652_liz21_del_07_29.json","07",11652
145.442017,-14.694326,3956,3.55,2021-11-26 08:26:00,0.0420148581442734,4671.83906933402,"moving",29,-14.69295,145.44156,"run_day_11652_liz21_del_07_29.json","07",11652
145.441652,-14.693652,3957,3.55,2021-11-26 07:28:00,0.0560185165954495,6228.974843568,"moving",29,-14.69295,145.44156,"run_day_11652_liz21_del_07_29.json","07",11652
145.441796,-14.69416,3957,3.55,2021-11-26 07:40:00,0.0585719555563348,6512.904301515,"moving",29,-14.69295,145.44156,"run_day_11652_liz21_del_07_29.json","07",11652
145.441955,-14.694643,3957,3.55,2021-11-26 07:52:00,0.0563642345597792,6267.41692725135,"moving",29,-14.69295,145.44156,"run_day_11652_liz21_del_07_29.json","07",11652
145.441736,-14.693561,3958,3.55,2021-11-26 07:34:00,0.0525648400784877,5844.9435366104,"moving",29,-14.69295,145.44156,"run_day_11652_liz21_del_07_29.json","07",11652
145.441851,-14.694013,3958,3.55,2021-11-26 07:46:00,0.0517597878052283,5755.42580814028,"moving",29,-14.69295,145.44156,"run_day_11652_liz21_del_07_29.json","07",11652
145.441981,-14.694453,3958,3.55,2021-11-26 07:58:00,0.0508846004092304,5658.10940984206,"moving",29,-14.69295,145.44156,"run_day_11652_liz21_del_07_29.json","07",11652
145.441541,-14.693242,3959,3.55,2021-11-26 07:52:00,0.05369259423311,5970.34407710673,"moving",29,-14.69295,145.44156,"run_day_11652_liz21_del_07_29.json","07",11652
145.441647,-14.693742,3959,3.55,2021-11-26 08:04:00,0.0567544292748903,6310.80459997522,"moving",29,-14.69295,145.44156,"run_day_11652_liz21_del_07_29.json","07",11652
145.44178,-14.69424,3959,3.55,2021-11-26 08:16:00,0.0571929957891536,6359.57097135749,"moving",29,-14.69295,145.44156,"run_day_11652_liz21_del_07_29.json","07",11652
145.441938,-14.694702,3959,3.55,2021-11-26 08:28:00,0.0541099778318568,6016.75501575201,"moving",29,-14.69295,145.44156,"run_day_11652_liz21_del_07_29.json","07",11652
145.441726,-14.693283,3960,3.55,2021-11-26 07:32:00,0.0494054469518177,5493.63504964901,"moving",29,-14.69295,145.44156,"run_day_11652_liz21_del_07_29.json","07",11652
145.441809,-14.693715,3960,3.55,2021-11-26 07:44:00,0.0488587242692224,5432.8422610629,"moving",29,-14.69295,145.44156,"run_day_11652_liz21_del_07_29.json","07",11652
145.441921,-14.694129,3960,3.55,2021-11-26 07:56:00,0.0475847910168866,5291.18734651936,"moving",29,-14.69295,145.44156,"run_day_11652_liz21_del_07_29.json","07",11652
145.442046,-14.694545,3960,3.55,2021-11-26 08:08:00,0.048171358871236,5356.4107160558,"moving",29,-14.69295,145.44156,"run_day_11652_liz21_del_07_29.json","07",11652
145.441658,-14.693567,3961,3.55,2021-11-26 07:30:00,0.0547508443063351,6088.01611637059,"moving",29,-14.69295,145.44156,"run_day_11652_liz21_del_07_29.json","07",11652
145.441791,-14.694067,3961,3.55,2021-11-26 07:42:00,0.0574083466009394,6383.51688907687,"moving",29,-14.69295,145.44156,"run_day_11652_liz21_del_07_29.json","07",11652
145.441941,-14.694543,3961,3.55,2021-11-26 07:54:00,0.0553331086179242,6152.76095378548,"moving",29,-14.69295,145.44156,"run_day_11652_liz21_del_07_29.json","07",11652
145.441489,-14.693524,3962,3.55,2021-11-26 08:02:00,0.0580650238176957,6456.53606402323,"moving",29,-14.69295,145.44156,"run_day_11652_liz21_del_07_29.json","07",11652
145.441621,-14.694045,3962,3.55,2021-11-26 08:14:00,0.0596469261352654,6632.43557618425,"moving",29,-14.69295,145.44156,"run_day_11652_liz21_del_07_29.json","07",11652
145.441788,-14.694554,3962,3.55,2021-11-26 08:26:00,0.0593801213382132,6602.76823634761,"moving",29,-14.69295,145.44156,"run_day_11652_liz21_del_07_29.json","07",11652
145.441502,-14.693395,3963,3.55,2021-11-26 07:47:00,0.0565262769141879,6285.43521496314,"moving",29,-14.69295,145.44156,"run_day_11652_liz21_del_07_29.json","07",11652
145.441628,-14.693915,3963,3.55,2021-11-26 07:59:00,0.0593883513314756,6603.68336984471,"moving",29,-14.69295,145.44156,"run_day_11652_liz21_del_07_29.json","07",11652
145.441787,-14.694431,3963,3.55,2021-11-26 08:11:00,0.0598710431965953,6657.35625637862,"moving",29,-14.69295,145.44156,"run_day_11652_liz21_del_07_29.json","07",11652
145.44171,-14.693327,3964,3.55,2021-11-26 07:15:00,0.0517298942037118,5752.10179131252,"moving",29,-14.69295,145.44156,"run_day_11652_liz21_del_07_29.json","07",11652
145.441807,-14.693777,3964,3.55,2021-11-26 07:27:00,0.051113835050272,5683.59913893707,"moving",29,-14.69295,145.44156,"run_day_11652_liz21_del_07_29.json","07",11652
145.441934,-14.694212,3964,3.55,2021-11-26 07:39:00,0.0502616115848218,5588.83621321156,"moving",29,-14.69295,145.44156,"run_day_11652_liz21_del_07_29.json","07",11652
145.442071,-14.694652,3964,3.55,2021-11-26 07:51:00,0.0510966158373772,5681.68444982235,"moving",29,-14.69295,145.44156,"run_day_11652_liz21_del_07_29.json","07",11652
145.441602,-14.69365,3965,3.55,2021-11-26 07:21:00,0.0577156044486168,6417.68240291031,"moving",29,-14.69295,145.44156,"run_day_11652_liz21_del_07_29.json","07",11652
145.441756,-14.694172,3965,3.55,2021-11-26 07:33:00,0.0603609336162805,6711.82958565939,"moving",29,-14.69295,145.44156,"run_day_11652_liz21_del_07_29.json","07",11652
145.441925,-14.694673,3965,3.55,2021-11-26 07:45:00,0.0585992234777761,6515.93635603941,"moving",29,-14.69295,145.44156,"run_day_11652_liz21_del_07_29.json","07",11652
145.441741,-14.693575,3966,3.55,2021-11-26 07:32:00,0.0524361650763471,5830.63552918639,"moving",29,-14.69295,145.44156,"run_day_11652_liz21_del_07_29.json","07",11652
145.441858,-14.694024,3966,3.55,2021-11-26 07:44:00,0.0514880840687749,5725.2137310963,"moving",29,-14.69295,145.44156,"run_day_11652_liz21_del_07_29.json","07",11652
145.441989,-14.694464,3966,3.55,2021-11-26 07:56:00,0.0509142610833572,5661.40752632581,"moving",29,-14.69295,145.44156,"run_day_11652_liz21_del_07_29.json","07",11652
145.441615,-14.693234,3967,3.55,2021-11-26 07:23:00,0.0519010570937009,5771.13423630912,"moving",29,-14.69295,145.44156,"run_day_11652_liz21_del_07_29.json","07",11652
145.441718,-14.693723,3967,3.55,2021-11-26 07:35:00,0.0554914430997401,6170.3669448763,"moving",29,-14.69295,145.44156,"run_day_11652_liz21_del_07_29.json","07",11652
145.441854,-14.694201,3967,3.55,2021-11-26 07:47:00,0.055127338575295,6129.88036898968,"moving",29,-14.69295,145.44156,"run_day_11652_liz21_del_07_29.json","07",11652
145.442005,-14.694662,3967,3.55,2021-11-26 07:59:00,0.0537722455639907,5979.20090100114,"moving",29,-14.69295,145.44156,"run_day_11652_liz21_del_07_29.json","07",11652
145.441545,-14.693603,3968,3.55,2021-11-26 08:00:00,0.057702125203507,6416.1835792391,"moving",29,-14.69295,145.44156,"run_day_11652_liz21_del_07_29.json","07",11652
145.441679,-14.694121,3968,3.55,2021-11-26 08:12:00,0.0593748321151336,6602.18010157527,"moving",29,-14.69295,145.44156,"run_day_11652_liz21_del_07_29.json","07",11652
145.441845,-14.694618,3968,3.55,2021-11-26 08:24:00,0.0580765378162661,6457.81636224965,"moving",29,-14.69295,145.44156,"run_day_11652_liz21_del_07_29.json","07",11652
145.441759,-14.693398,3969,3.55,2021-11-26 07:29:00,0.0490387150293476,5452.85632043172,"moving",29,-14.69295,145.44156,"run_day_11652_liz21_del_07_29.json","07",11652
145.441849,-14.693813,3969,3.55,2021-11-26 07:41:00,0.0471503018795327,5242.87435876344,"moving",29,-14.69295,145.44156,"run_day_11652_liz21_del_07_29.json","07",11652
145.441964,-14.694221,3969,3.55,2021-11-26 07:53:00,0.0470235021705212,5228.77487442135,"moving",29,-14.69295,145.44156,"run_day_11652_liz21_del_07_29.json","07",11652
145.442093,-14.694637,3969,3.55,2021-11-26 08:05:00,0.0482932033347985,5369.95920224368,"moving",29,-14.69295,145.44156,"run_day_11652_liz21_del_07_29.json","07",11652
145.441706,-14.693577,3970,3.55,2021-11-26 07:18:00,0.0548408730465948,6098.02685553967,"moving",29,-14.69295,145.44156,"run_day_11652_liz21_del_07_29.json","07",11652
145.441837,-14.694051,3970,3.55,2021-11-26 07:30:00,0.054557273701815,6066.49204720043,"moving",29,-14.69295,145.44156,"run_day_11652_liz21_del_07_29.json","07",11652
145.441976,-14.694515,3970,3.55,2021-11-26 07:42:00,0.053716910728152,5973.04794798918,"moving",29,-14.69295,145.44156,"run_day_11652_liz21_del_07_29.json","07",11652
145.441488,-14.693528,3971,3.55,2021-11-26 07:50:00,0.0582741404017868,6479.7887672514,"moving",29,-14.69295,145.44156,"run_day_11652_liz21_del_07_29.json","07",11652
145.441628,-14.694058,3971,3.55,2021-11-26 08:02:00,0.0608266676666552,6763.61684922668,"moving",29,-14.69295,145.44156,"run_day_11652_liz21_del_07_29.json","07",11652
145.4418,-14.694576,3971,3.55,2021-11-26 08:14:00,0.0604970338226845,6726.96323812679,"moving",29,-14.69295,145.44156,"run_day_11652_liz21_del_07_29.json","07",11652
145.441513,-14.693497,3972,3.55,2021-11-26 07:20:00,0.0577863829410287,6425.55261218206,"moving",29,-14.69295,145.44156,"run_day_11652_liz21_del_07_29.json","07",11652
145.441663,-14.694023,3972,3.55,2021-11-26 07:32:00,0.0606729447499106,6746.52364077567,"moving",29,-14.69295,145.44156,"run_day_11652_liz21_del_07_29.json","07",11652
145.441835,-14.694547,3972,3.55,2021-11-26 07:44:00,0.0611325844245682,6797.63324068215,"moving",29,-14.69295,145.44156,"run_day_11652_liz21_del_07_29.json","07",11652
145.44151,-14.693384,3973,3.55,2021-11-26 07:40:00,0.0559606280751146,6222.5379337958,"moving",29,-14.69295,145.44156,"run_day_11652_liz21_del_07_29.json","07",11652
145.441638,-14.693903,3973,3.55,2021-11-26 07:52:00,0.0593296445987901,6597.1554790102,"moving",29,-14.69295,145.44156,"run_day_11652_liz21_del_07_29.json","07",11652
145.441798,-14.694423,3973,3.55,2021-11-26 08:04:00,0.0603280198611479,6708.16974307182,"moving",29,-14.69295,145.44156,"run_day_11652_liz21_del_07_29.json","07",11652
145.441548,-14.693499,3974,3.55,2021-11-26 08:09:00,0.0559954868827683,6226.41405635577,"moving",29,-14.69295,145.44156,"run_day_11652_liz21_del_07_29.json","07",11652
145.441667,-14.694004,3974,3.55,2021-11-26 08:21:00,0.0575937004523641,6404.12729698932,"moving",29,-14.69295,145.44156,"run_day_11652_liz21_del_07_29.json","07",11652
145.441821,-14.694494,3974,3.55,2021-11-26 08:33:00,0.0569476565602321,6332.29049379453,"moving",29,-14.69295,145.44156,"run_day_11652_liz21_del_07_29.json","07",11652
145.441677,-14.69327,3975,3.55,2021-11-26 07:50:00,0.0507958895726369,5648.24521487447,"moving",29,-14.69295,145.44156,"run_day_11652_liz21_del_07_29.json","07",11652
145.441764,-14.69374,3975,3.55,2021-11-26 08:02:00,0.0530927573300842,5903.64525667607,"moving",29,-14.69295,145.44156,"run_day_11652_liz21_del_07_29.json","07",11652
145.441876,-14.694175,3975,3.55,2021-11-26 08:14:00,0.0498473229216203,5542.7694156972,"moving",29,-14.69295,145.44156,"run_day_11652_liz21_del_07_29.json","07",11652
145.442009,-14.694595,3975,3.55,2021-11-26 08:26:00,0.0488436674861164,5431.16802316993,"moving",29,-14.69295,145.44156,"run_day_11652_liz21_del_07_29.json","07",11652
145.441709,-14.693455,3976,3.55,2021-11-26 07:46:00,0.0523076320927989,5816.34331350934,"moving",29,-14.69295,145.44156,"run_day_11652_liz21_del_07_29.json","07",11652
145.44181,-14.693917,3976,3.55,2021-11-26 07:58:00,0.0525081090907225,5838.63533858737,"moving",29,-14.69295,145.44156,"run_day_11652_liz21_del_07_29.json","07",11652
145.441934,-14.694349,3976,3.55,2021-11-26 08:10:00,0.0498533701359678,5543.44183525297,"moving",29,-14.69295,145.44156,"run_day_11652_liz21_del_07_29.json","07",11652
145.441641,-14.693463,3977,3.55,2021-11-26 07:20:00,0.0545776973945301,6068.7630582137,"moving",29,-14.69295,145.44156,"run_day_11652_liz21_del_07_29.json","07",11652
145.441769,-14.693962,3977,3.55,2021-11-26 07:32:00,0.0571687783845735,6356.87811883168,"moving",29,-14.69295,145.44156,"run_day_11652_liz21_del_07_29.json","07",11652
145.441915,-14.694443,3977,3.55,2021-11-26 07:44:00,0.0557424343355021,6198.27589692529,"moving",29,-14.69295,145.44156,"run_day_11652_liz21_del_07_29.json","07",11652
145.441639,-14.693322,3978,3.55,2021-11-26 07:41:00,0.0522244746982299,5807.09663312029,"moving",29,-14.69295,145.44156,"run_day_11652_liz21_del_07_29.json","07",11652
145.44174,-14.693814,3978,3.55,2021-11-26 07:53:00,0.0557760544402284,6202.01428200411,"moving",29,-14.69295,145.44156,"run_day_11652_liz21_del_07_29.json","07",11652
145.441871,-14.69428,3978,3.55,2021-11-26 08:05:00,0.0536983804808313,5970.98747849764,"moving",29,-14.69295,145.44156,"run_day_11652_liz21_del_07_29.json","07",11652
145.441546,-14.693309,3979,3.55,2021-11-26 07:28:00,0.0542129968974007,6028.21021318816,"moving",29,-14.69295,145.44156,"run_day_11652_liz21_del_07_29.json","07",11652
145.441666,-14.693816,3979,3.55,2021-11-26 07:40:00,0.0578344614353463,6430.8986968309,"moving",29,-14.69295,145.44156,"run_day_11652_liz21_del_07_29.json","07",11652
145.441818,-14.694327,3979,3.55,2021-11-26 07:52:00,0.0591258500725876,6574.49456161855,"moving",29,-14.69295,145.44156,"run_day_11652_liz21_del_07_29.json","07",11652
145.441726,-14.693322,3980,3.55,2021-11-26 07:38:00,0.0499332599471394,5552.32517694585,"moving",29,-14.69295,145.44156,"run_day_11652_liz21_del_07_29.json","07",11652
145.441812,-14.693758,3980,3.55,2021-11-26 07:50:00,0.0493555385859886,5488.08549257169,"moving",29,-14.69295,145.44156,"run_day_11652_liz21_del_07_29.json","07",11652
145.441924,-14.694173,3980,3.55,2021-11-26 08:02:00,0.0476923714310781,5303.14974278378,"moving",29,-14.69295,145.44156,"run_day_11652_liz21_del_07_29.json","07",11652
145.442051,-14.694586,3980,3.55,2021-11-26 08:14:00,0.047912006242996,5327.57201958358,"moving",29,-14.69295,145.44156,"run_day_11652_liz21_del_07_29.json","07",11652
145.44169,-14.693395,3981,3.55,2021-11-26 07:25:00,0.0521393402264904,5797.63011178029,"moving",29,-14.69295,145.44156,"run_day_11652_liz21_del_07_29.json","07",11652
145.441797,-14.693867,3981,3.55,2021-11-26 07:37:00,0.0537310164240399,5974.6164298087,"moving",29,-14.69295,145.44156,"run_day_11652_liz21_del_07_29.json","07",11652
145.441929,-14.694318,3981,3.55,2021-11-26 07:49:00,0.052119933424544,5795.47217386146,"moving",29,-14.69295,145.44156,"run_day_11652_liz21_del_07_29.json","07",11652
145.441667,-14.693262,3982,3.55,2021-11-26 08:08:00,0.0504482191035466,5609.58602256749,"moving",29,-14.69295,145.44156,"run_day_11652_liz21_del_07_29.json","07",11652
145.441748,-14.693725,3982,3.55,2021-11-26 08:20:00,0.0522152103813048,5806.06648807939,"moving",29,-14.69295,145.44156,"run_day_11652_liz21_del_07_29.json","07",11652
145.441856,-14.694156,3982,3.55,2021-11-26 08:32:00,0.049312727822873,5483.32515290746,"moving",29,-14.69295,145.44156,"run_day_11652_liz21_del_07_29.json","07",11652
145.441987,-14.694573,3982,3.55,2021-11-26 08:44:00,0.048461828427582,5388.70945706617,"moving",29,-14.69295,145.44156,"run_day_11652_liz21_del_07_29.json","07",11652
145.441566,-14.693353,3983,3.55,2021-11-26 07:23:00,0.0547288427934836,6085.569659763,"moving",29,-14.69295,145.44156,"run_day_11652_liz21_del_07_29.json","07",11652
145.44169,-14.69386,3983,3.55,2021-11-26 07:35:00,0.0579319948170223,6441.74391405175,"moving",29,-14.69295,145.44156,"run_day_11652_liz21_del_07_29.json","07",11652
145.441843,-14.694365,3983,3.55,2021-11-26 07:47:00,0.0585151405516347,6506.58676123506,"moving",29,-14.69295,145.44156,"run_day_11652_liz21_del_07_29.json","07",11652
145.441729,-14.693476,3984,3.55,2021-11-26 07:36:00,0.0517413995545571,5753.38112795578,"moving",29,-14.69295,145.44156,"run_day_11652_liz21_del_07_29.json","07",11652
145.441834,-14.693925,3984,3.55,2021-11-26 07:48:00,0.0511879248881582,5691.83755302594,"moving",29,-14.69295,145.44156,"run_day_11652_liz21_del_07_29.json","07",11652
145.441959,-14.694356,3984,3.55,2021-11-26 08:00:00,0.0497751817771579,5534.74768643064,"moving",29,-14.69295,145.44156,"run_day_11652_liz21_del_07_29.json","07",11652
145.441671,-14.693643,3985,3.55,2021-11-26 07:58:00,0.055366214839591,6156.44219767521,"moving",29,-14.69295,145.44156,"run_day_11652_liz21_del_07_29.json","07",11652
145.441793,-14.694133,3985,3.55,2021-11-26 08:10:00,0.05604338502216,6231.74008645185,"moving",29,-14.69295,145.44156,"run_day_11652_liz21_del_07_29.json","07",11652
145.441939,-14.694586,3985,3.55,2021-11-26 08:22:00,0.0527623649144417,5866.90729625478,"moving",29,-14.69295,145.44156,"run_day_11652_liz21_del_07_29.json","07",11652
145.441737,-14.693351,3986,3.55,2021-11-26 07:52:00,0.0498590649327711,5544.07506776578,"moving",29,-14.69295,145.44156,"run_day_11652_liz21_del_07_29.json","07",11652
145.441818,-14.693778,3986,3.55,2021-11-26 08:04:00,0.048272928217127,5367.70471202149,"moving",29,-14.69295,145.44156,"run_day_11652_liz21_del_07_29.json","07",11652
145.441923,-14.694179,3986,3.55,2021-11-26 08:16:00,0.0459971674341664,5114.65165869962,"moving",29,-14.69295,145.44156,"run_day_11652_liz21_del_07_29.json","07",11652
145.442047,-14.694579,3986,3.55,2021-11-26 08:28:00,0.0464345849377184,5163.29026592013,"moving",29,-14.69295,145.44156,"run_day_11652_liz21_del_07_29.json","07",11652
145.441585,-14.693678,3987,3.55,2021-11-26 08:00:00,0.0575852190367903,6403.18420660674,"moving",29,-14.69295,145.44156,"run_day_11652_liz21_del_07_29.json","07",11652
145.441722,-14.694193,3987,3.55,2021-11-26 08:12:00,0.0591308630346036,6575.0519775622,"moving",29,-14.69295,145.44156,"run_day_11652_liz21_del_07_29.json","07",11652
145.441888,-14.694677,3987,3.55,2021-11-26 08:24:00,0.0567027511355361,6305.0582530606,"moving",29,-14.69295,145.44156,"run_day_11652_liz21_del_07_29.json","07",11652
145.441559,-14.69319,3988,3.55,2021-11-26 08:03:00,0.0525530437666448,5843.63184658036,"moving",29,-14.69295,145.44156,"run_day_11652_liz21_del_07_29.json","07",11652
145.441655,-14.693674,3988,3.55,2021-11-26 08:15:00,0.0547999320379011,6093.47442308121,"moving",29,-14.69295,145.44156,"run_day_11652_liz21_del_07_29.json","07",11652
145.441775,-14.69416,3988,3.55,2021-11-26 08:27:00,0.0555607001109678,6178.06797315939,"moving",29,-14.69295,145.44156,"run_day_11652_liz21_del_07_29.json","07",11652
145.441923,-14.694611,3988,3.55,2021-11-26 08:39:00,0.0526147776807448,5850.49634463018,"moving",29,-14.69295,145.44156,"run_day_11652_liz21_del_07_29.json","07",11652
145.441509,-14.693431,3989,3.55,2021-11-26 07:47:00,0.0567172262555646,6306.66781297035,"moving",29,-14.69295,145.44156,"run_day_11652_liz21_del_07_29.json","07",11652
145.441638,-14.693953,3989,3.55,2021-11-26 07:59:00,0.0596790882306559,6636.01183802193,"moving",29,-14.69295,145.44156,"run_day_11652_liz21_del_07_29.json","07",11652
145.441799,-14.694468,3989,3.55,2021-11-26 08:11:00,0.0598263997478559,6652.39213137089,"moving",29,-14.69295,145.44156,"run_day_11652_liz21_del_07_29.json","07",11652
145.441504,-14.693368,3990,3.55,2021-11-26 08:02:00,0.0560769766712206,6235.47530740501,"moving",29,-14.69295,145.44156,"run_day_11652_liz21_del_07_29.json","07",11652
145.44162,-14.693876,3990,3.55,2021-11-26 08:14:00,0.0578485406694166,6432.46423623055,"moving",29,-14.69295,145.44156,"run_day_11652_liz21_del_07_29.json","07",11652
145.441768,-14.69438,3990,3.55,2021-11-26 08:26:00,0.0582592058389218,6478.12811962916,"moving",29,-14.69295,145.44156,"run_day_11652_liz21_del_07_29.json","07",11652
145.441555,-14.693221,3991,3.55,2021-11-26 08:06:00,0.0529246651388874,5884.95425780642,"moving",29,-14.69295,145.44156,"run_day_11652_liz21_del_07_29.json","07",11652
145.441653,-14.693707,3991,3.55,2021-11-26 08:18:00,0.0550591317589028,6122.29611704429,"moving",29,-14.69295,145.44156,"run_day_11652_liz21_del_07_29.json","07",11652
145.441776,-14.694194,3991,3.55,2021-11-26 08:30:00,0.055744555418644,6198.51175060966,"moving",29,-14.69295,145.44156,"run_day_11652_liz21_del_07_29.json","07",11652
145.441927,-14.694647,3991,3.55,2021-11-26 08:42:00,0.0529249144763406,5884.98198286623,"moving",29,-14.69295,145.44156,"run_day_11652_liz21_del_07_29.json","07",11652
145.441724,-14.693652,3992,3.55,2021-11-26 08:00:00,0.0541876546521971,6025.39228409174,"moving",29,-14.69295,145.44156,"run_day_11652_liz21_del_07_29.json","07",11652
145.441836,-14.694107,3992,3.55,2021-11-26 08:12:00,0.0520080806657973,5783.03471455763,"moving",29,-14.69295,145.44156,"run_day_11652_liz21_del_07_29.json","07",11652
145.44197,-14.694537,3992,3.55,2021-11-26 08:24:00,0.049938857353521,5552.94758013785,"moving",29,-14.69295,145.44156,"run_day_11652_liz21_del_07_29.json","07",11652
145.441682,-14.69319,3993,3.55,2021-11-26 07:15:00,0.0506586878728337,5632.98908192934,"moving",29,-14.69295,145.44156,"run_day_11652_liz21_del_07_29.json","07",11652
145.441771,-14.693648,3993,3.55,2021-11-26 07:27:00,0.0518191490052895,5762.02647242663,"moving",29,-14.69295,145.44156,"run_day_11652_liz21_del_07_29.json","07",11652
145.441892,-14.694086,3993,3.55,2021-11-26 07:39:00,0.0504122762551012,5605.58936017121,"moving",29,-14.69295,145.44156,"run_day_11652_liz21_del_07_29.json","07",11652
145.442023,-14.694526,3993,3.55,2021-11-26 07:51:00,0.0509142599768495,5661.40740328777,"moving",29,-14.69295,145.44156,"run_day_11652_liz21_del_07_29.json","07",11652
145.441608,-14.693334,3994,3.55,2021-11-26 07:19:00,0.0537541633592032,5977.19025156623,"moving",29,-14.69295,145.44156,"run_day_11652_liz21_del_07_29.json","07",11652
145.441725,-14.693832,3994,3.55,2021-11-26 07:31:00,0.0567870079441193,6314.42718271032,"moving",29,-14.69295,145.44156,"run_day_11652_liz21_del_07_29.json","07",11652
145.44187,-14.694319,3994,3.55,2021-11-26 07:43:00,0.0563530361627007,6266.17172230967,"moving",29,-14.69295,145.44156,"run_day_11652_liz21_del_07_29.json","07",11652
145.441573,-14.693441,3995,3.55,2021-11-26 07:16:00,0.0561608360280413,6244.80004243514,"moving",29,-14.69295,145.44156,"run_day_11652_liz21_del_07_29.json","07",11652
145.44171,-14.693955,3995,3.55,2021-11-26 07:28:00,0.059023186617794,6563.07890629371,"moving",29,-14.69295,145.44156,"run_day_11652_liz21_del_07_29.json","07",11652
145.441868,-14.69446,3995,3.55,2021-11-26 07:40:00,0.0586686529829988,6523.65656477963,"moving",29,-14.69295,145.44156,"run_day_11652_liz21_del_07_29.json","07",11652
145.44162,-14.693433,3996,3.55,2021-11-26 07:35:00,0.0539027896875171,5993.71674524054,"moving",29,-14.69295,145.44156,"run_day_11652_liz21_del_07_29.json","07",11652
145.44174,-14.693939,3996,3.55,2021-11-26 07:47:00,0.0577260746406487,6418.84663514525,"moving",29,-14.69295,145.44156,"run_day_11652_liz21_del_07_29.json","07",11652
145.441886,-14.694421,3996,3.55,2021-11-26 07:59:00,0.0558491348959662,6210.14045791903,"moving",29,-14.69295,145.44156,"run_day_11652_liz21_del_07_29.json","07",11652
145.441694,-14.693303,3997,3.55,2021-11-26 07:15:00,0.0517912471755174,5758.92393051186,"moving",29,-14.69295,145.44156,"run_day_11652_liz21_del_07_29.json","07",11652
145.441792,-14.693764,3997,3.55,2021-11-26 07:27:00,0.0523333816938973,5819.2065385146,"moving",29,-14.69295,145.44156,"run_day_11652_liz21_del_07_29.json","07",11652
145.44192,-14.694207,3997,3.55,2021-11-26 07:39:00,0.0511471072202645,5687.29883543869,"moving",29,-14.69295,145.44156,"run_day_11652_liz21_del_07_29.json","07",11652
145.442059,-14.694651,3997,3.55,2021-11-26 07:51:00,0.0515845936173375,5735.94510326922,"moving",29,-14.69295,145.44156,"run_day_11652_liz21_del_07_29.json","07",11652
145.441732,-14.693138,3998,3.55,2021-11-26 07:26:00,0.0474494433983644,5276.13737800627,"moving",29,-14.69295,145.44156,"run_day_11652_liz21_del_07_29.json","07",11652
145.441805,-14.693546,3998,3.55,2021-11-26 07:38:00,0.0460419714636275,5119.63363946892,"moving",29,-14.69295,145.44156,"run_day_11652_liz21_del_07_29.json","07",11652
145.441902,-14.69394,3998,3.55,2021-11-26 07:50:00,0.0450359535760264,5007.76955425401,"moving",29,-14.69295,145.44156,"run_day_11652_liz21_del_07_29.json","07",11652
145.442014,-14.694336,3998,3.55,2021-11-26 08:02:00,0.0456512911584296,5076.19197159097,"moving",29,-14.69295,145.44156,"run_day_11652_liz21_del_07_29.json","07",11652
145.441616,-14.693525,3999,3.55,2021-11-26 07:39:00,0.0551664232351655,6134.22638487691,"moving",29,-14.69295,145.44156,"run_day_11652_liz21_del_07_29.json","07",11652
145.441746,-14.694038,3999,3.55,2021-11-26 07:51:00,0.0587317305067615,6530.67046540734,"moving",29,-14.69295,145.44156,"run_day_11652_liz21_del_07_29.json","07",11652
145.441899,-14.694523,3999,3.55,2021-11-26 08:03:00,0.0563844649299248,6269.66644177568,"moving",29,-14.69295,145.44156,"run_day_11652_liz21_del_07_29.json","07",11652
145.441741,-14.693586,4000,3.55,2021-11-26 08:02:00,0.0524167327466653,5828.47475271289,"moving",29,-14.69295,145.44156,"run_day_11652_liz21_del_07_29.json","07",11652
145.441842,-14.694022,4000,3.55,2021-11-26 08:14:00,0.049683190748728,5524.51875077243,"moving",29,-14.69295,145.44156,"run_day_11652_liz21_del_07_29.json","07",11652
145.441965,-14.694437,4000,3.55,2021-11-26 08:26:00,0.0480048659205198,5337.89754461407,"moving",29,-14.69295,145.44156,"run_day_11652_liz21_del_07_29.json","07",11652
145.441771,-14.693144,4001,3.55,2021-11-26 07:46:00,0.0446542422964153,4965.32519651825,"moving",29,-14.69295,145.44156,"run_day_11652_liz21_del_07_29.json","07",11652
145.441833,-14.693517,4001,3.55,2021-11-26 07:58:00,0.0420083914481213,4671.12000552975,"moving",29,-14.69295,145.44156,"run_day_11652_liz21_del_07_29.json","07",11652
145.44191,-14.693874,4001,3.55,2021-11-26 08:10:00,0.0405513328667798,4509.10248346066,"moving",29,-14.69295,145.44156,"run_day_11652_liz21_del_07_29.json","07",11652
145.442005,-14.694225,4001,3.55,2021-11-26 08:22:00,0.0403448097946437,4486.13816560408,"moving",29,-14.69295,145.44156,"run_day_11652_liz21_del_07_29.json","07",11652
145.442117,-14.694595,4001,3.55,2021-11-26 08:34:00,0.0428694808816571,4766.86878192617,"moving",29,-14.69295,145.44156,"run_day_11652_liz21_del_07_29.json","07",11652
145.441733,-14.693636,4002,3.55,2021-11-26 07:50:00,0.0537496120910239,5976.68417363489,"moving",29,-14.69295,145.44156,"run_day_11652_liz21_del_07_29.json","07",11652
145.441848,-14.694092,4002,3.55,2021-11-26 08:02:00,0.0521917877244393,5803.46200746741,"moving",29,-14.69295,145.44156,"run_day_11652_liz21_del_07_29.json","07",11652
145.441982,-14.694525,4002,3.55,2021-11-26 08:14:00,0.0502583396311578,5588.47238856392,"moving",29,-14.69295,145.44156,"run_day_11652_liz21_del_07_29.json","07",11652
145.441582,-14.693501,4003,3.55,2021-11-26 07:36:00,0.0556312449765156,6185.91220430912,"moving",29,-14.69295,145.44156,"run_day_11652_liz21_del_07_29.json","07",11652
145.441715,-14.694019,4003,3.55,2021-11-26 07:48:00,0.0593488164494324,6599.28729153601,"moving",29,-14.69295,145.44156,"run_day_11652_liz21_del_07_29.json","07",11652
145.441874,-14.694518,4003,3.55,2021-11-26 08:00:00,0.0580619958260296,6456.19936671204,"moving",29,-14.69295,145.44156,"run_day_11652_liz21_del_07_29.json","07",11652
145.441683,-14.693157,4004,3.55,2021-11-26 07:24:00,0.0492871820582946,5480.48459348908,"moving",29,-14.69295,145.44156,"run_day_11652_liz21_del_07_29.json","07",11652
145.441767,-14.69361,4004,3.55,2021-11-26 07:36:00,0.0511751673198997,5690.41897615927,"moving",29,-14.69295,145.44156,"run_day_11652_liz21_del_07_29.json","07",11652
145.441881,-14.694044,4004,3.55,2021-11-26 07:48:00,0.0497919700519678,5536.61445741662,"moving",29,-14.69295,145.44156,"run_day_11652_liz21_del_07_29.json","07",11652
145.442008,-14.694473,4004,3.55,2021-11-26 08:00:00,0.0496198806556787,5517.47898961996,"moving",29,-14.69295,145.44156,"run_day_11652_liz21_del_07_29.json","07",11652
145.441733,-14.693327,4005,3.55,2021-11-26 07:28:00,0.0497335768029382,5530.12142437424,"moving",29,-14.69295,145.44156,"run_day_11652_liz21_del_07_29.json","07",11652
145.441821,-14.693757,4005,3.55,2021-11-26 07:40:00,0.0487416677292878,5419.82616769161,"moving",29,-14.69295,145.44156,"run_day_11652_liz21_del_07_29.json","07",11652
145.441937,-14.694172,4005,3.55,2021-11-26 07:52:00,0.0478028557362947,5315.43503699771,"moving",29,-14.69295,145.44156,"run_day_11652_liz21_del_07_29.json","07",11652
145.442066,-14.694593,4005,3.55,2021-11-26 08:04:00,0.0488259993740745,5429.20341874748,"moving",29,-14.69295,145.44156,"run_day_11652_liz21_del_07_29.json","07",11652
145.441694,-14.693283,4006,3.55,2021-11-26 07:22:00,0.0508563217047629,5654.9649613732,"moving",29,-14.69295,145.44156,"run_day_11652_liz21_del_07_29.json","07",11652
145.441788,-14.693741,4006,3.55,2021-11-26 07:34:00,0.0519211864104886,5773.37251421274,"moving",29,-14.69295,145.44156,"run_day_11652_liz21_del_07_29.json","07",11652
145.441912,-14.694179,4006,3.55,2021-11-26 07:46:00,0.0504965395126023,5614.95900690787,"moving",29,-14.69295,145.44156,"run_day_11652_liz21_del_07_29.json","07",11652
145.442048,-14.694617,4006,3.55,2021-11-26 07:58:00,0.050852671741976,5654.55910402885,"moving",29,-14.69295,145.44156,"run_day_11652_liz21_del_07_29.json","07",11652
145.441638,-14.693508,4007,3.55,2021-11-26 07:12:00,0.0559275764330734,6218.86275888355,"moving",29,-14.69295,145.44156,"run_day_11652_liz21_del_07_29.json","07",11652
145.441775,-14.694014,4007,3.55,2021-11-26 07:24:00,0.0581622184044249,6467.34360896483,"moving",29,-14.69295,145.44156,"run_day_11652_liz21_del_07_29.json","07",11652
145.441925,-14.694498,4007,3.55,2021-11-26 07:36:00,0.056184614797423,6247.44412095224,"moving",29,-14.69295,145.44156,"run_day_11652_liz21_del_07_29.json","07",11652
145.441505,-14.693357,4008,3.55,2021-11-26 07:35:00,0.0556880999905614,6192.23419342532,"moving",29,-14.69295,145.44156,"run_day_11652_liz21_del_07_29.json","07",11652
145.441633,-14.693875,4008,3.55,2021-11-26 07:47:00,0.059221490901431,6585.12933656602,"moving",29,-14.69295,145.44156,"run_day_11652_liz21_del_07_29.json","07",11652
145.441793,-14.694398,4008,3.55,2021-11-26 07:59:00,0.0606478192810521,6743.72981610904,"moving",29,-14.69295,145.44156,"run_day_11652_liz21_del_07_29.json","07",11652
145.441718,-14.693172,4009,3.55,2021-11-26 07:38:00,0.0483440323566744,5375.61113160258,"moving",29,-14.69295,145.44156,"run_day_11652_liz21_del_07_29.json","07",11652
145.441793,-14.6936,4009,3.55,2021-11-26 07:50:00,0.0482702680608295,5367.40891613712,"moving",29,-14.69295,145.44156,"run_day_11652_liz21_del_07_29.json","07",11652
145.441892,-14.694006,4009,3.55,2021-11-26 08:02:00,0.0463839348645155,5157.65823474579,"moving",29,-14.69295,145.44156,"run_day_11652_liz21_del_07_29.json","07",11652
145.442007,-14.694405,4009,3.55,2021-11-26 08:14:00,0.0460587396304794,5121.49817455199,"moving",29,-14.69295,145.44156,"run_day_11652_liz21_del_07_29.json","07",11652
145.441625,-14.693646,4010,3.55,2021-11-26 07:57:00,0.056427685566668,6274.47235730788,"moving",29,-14.69295,145.44156,"run_day_11652_liz21_del_07_29.json","07",11652
145.441755,-14.694154,4010,3.55,2021-11-26 08:09:00,0.0581918907153332,6470.64301939965,"moving",29,-14.69295,145.44156,"run_day_11652_liz21_del_07_29.json","07",11652
145.441911,-14.694625,4010,3.55,2021-11-26 08:21:00,0.0549949804952666,6115.16282199011,"moving",29,-14.69295,145.44156,"run_day_11652_liz21_del_07_29.json","07",11652
145.441654,-14.693424,4011,3.55,2021-11-26 07:33:00,0.0530085534681244,5894.28221442226,"moving",29,-14.69295,145.44156,"run_day_11652_liz21_del_07_29.json","07",11652
145.441768,-14.693917,4011,3.55,2021-11-26 07:45:00,0.0561736753067913,6246.22770509392,"moving",29,-14.69295,145.44156,"run_day_11652_liz21_del_07_29.json","07",11652
145.441907,-14.694384,4011,3.55,2021-11-26 07:57:00,0.0540373971594825,6008.68441321155,"moving",29,-14.69295,145.44156,"run_day_11652_liz21_del_07_29.json","07",11652
145.441649,-14.693342,4012,3.55,2021-11-26 07:14:00,0.0534007390728397,5937.89126396963,"moving",29,-14.69295,145.44156,"run_day_11652_liz21_del_07_29.json","07",11652
145.441761,-14.693831,4012,3.55,2021-11-26 07:26:00,0.0556927804336487,6192.75463495109,"moving",29,-14.69295,145.44156,"run_day_11652_liz21_del_07_29.json","07",11652
145.441901,-14.6943,4012,3.55,2021-11-26 07:38:00,0.0542808819233381,6035.75868366754,"moving",29,-14.69295,145.44156,"run_day_11652_liz21_del_07_29.json","07",11652
145.441656,-14.693431,4013,3.55,2021-11-26 07:54:00,0.0532306196578709,5918.97484810136,"moving",29,-14.69295,145.44156,"run_day_11652_liz21_del_07_29.json","07",11652
145.44176,-14.693921,4013,3.55,2021-11-26 08:06:00,0.0556219330772234,6184.87676835041,"moving",29,-14.69295,145.44156,"run_day_11652_liz21_del_07_29.json","07",11652
145.441891,-14.694373,4013,3.55,2021-11-26 08:18:00,0.0521977944986377,5804.12993028377,"moving",29,-14.69295,145.44156,"run_day_11652_liz21_del_07_29.json","07",11652
145.441715,-14.693466,4014,3.55,2021-11-26 08:00:00,0.0521236712952385,5795.88780611914,"moving",29,-14.69295,145.44156,"run_day_11652_liz21_del_07_29.json","07",11652
145.441808,-14.693916,4014,3.55,2021-11-26 08:12:00,0.0510277542547935,5674.02739119834,"moving",29,-14.69295,145.44156,"run_day_11652_liz21_del_07_29.json","07",11652
145.441927,-14.694335,4014,3.55,2021-11-26 08:24:00,0.0483168304538856,5372.58641801739,"moving",29,-14.69295,145.44156,"run_day_11652_liz21_del_07_29.json","07",11652
145.44168,-14.693454,4015,3.55,2021-11-26 07:22:00,0.0532928494335584,5925.89448344404,"moving",29,-14.69295,145.44156,"run_day_11652_liz21_del_07_29.json","07",11652
145.441798,-14.693936,4015,3.55,2021-11-26 07:34:00,0.0550782204695959,6124.41868482955,"moving",29,-14.69295,145.44156,"run_day_11652_liz21_del_07_29.json","07",11652
145.441936,-14.694399,4015,3.55,2021-11-26 07:46:00,0.0535802246431799,5957.84914879737,"moving",29,-14.69295,145.44156,"run_day_11652_liz21_del_07_29.json","07",11652
145.441525,-14.693431,4016,3.55,2021-11-26 08:03:00,0.0561126126013231,6239.43784203866,"moving",29,-14.69295,145.44156,"run_day_11652_liz21_del_07_29.json","07",11652
145.441644,-14.69394,4016,3.55,2021-11-26 08:15:00,0.0580274424652265,6452.35720829222,"moving",29,-14.69295,145.44156,"run_day_11652_liz21_del_07_29.json","07",11652
145.441795,-14.694439,4016,3.55,2021-11-26 08:27:00,0.0578144019138816,6428.6681798131,"moving",29,-14.69295,145.44156,"run_day_11652_liz21_del_07_29.json","07",11652
145.44165,-14.693196,4017,3.55,2021-11-26 07:30:00,0.0502862449232056,5591.57531546617,"moving",29,-14.69295,145.44156,"run_day_11652_liz21_del_07_29.json","07",11652
145.441742,-14.693673,4017,3.55,2021-11-26 07:42:00,0.0539551486263817,5999.53879360677,"moving",29,-14.69295,145.44156,"run_day_11652_liz21_del_07_29.json","07",11652
145.441863,-14.694129,4017,3.55,2021-11-26 07:54:00,0.0523484865927963,5820.88612663966,"moving",29,-14.69295,145.44156,"run_day_11652_liz21_del_07_29.json","07",11652
145.442001,-14.694571,4017,3.55,2021-11-26 08:06:00,0.0513405917445557,5708.81333292411,"moving",29,-14.69295,145.44156,"run_day_11652_liz21_del_07_29.json","07",11652
145.441506,-14.693271,4018,3.55,2021-11-26 08:03:00,0.0548964286175864,6104.20435318077,"moving",29,-14.69295,145.44156,"run_day_11652_liz21_del_07_29.json","07",11652
145.441615,-14.69377,4018,3.55,2021-11-26 08:15:00,0.0567113317694336,6306.01237601741,"moving",29,-14.69295,145.44156,"run_day_11652_liz21_del_07_29.json","07",11652
145.441752,-14.694272,4018,3.55,2021-11-26 08:27:00,0.0577320554642794,6419.51167239015,"moving",29,-14.69295,145.44156,"run_day_11652_liz21_del_07_29.json","07",11652
145.441685,-14.693539,4019,3.55,2021-11-26 07:14:00,0.0551218174737048,6129.26645050337,"moving",29,-14.69295,145.44156,"run_day_11652_liz21_del_07_29.json","07",11652
145.441817,-14.694026,4019,3.55,2021-11-26 07:26:00,0.0559821945802502,6224.93601975234,"moving",29,-14.69295,145.44156,"run_day_11652_liz21_del_07_29.json","07",11652
145.441959,-14.694496,4019,3.55,2021-11-26 07:38:00,0.054447668421799,6054.3044961292,"moving",29,-14.69295,145.44156,"run_day_11652_liz21_del_07_29.json","07",11652
145.441474,-14.693493,4020,3.55,2021-11-26 07:34:00,0.058027459609089,6452.35911460275,"moving",29,-14.69295,145.44156,"run_day_11652_liz21_del_07_29.json","07",11652
145.441621,-14.694026,4020,3.55,2021-11-26 07:46:00,0.0613396696346124,6820.6600654222,"moving",29,-14.69295,145.44156,"run_day_11652_liz21_del_07_29.json","07",11652
145.441799,-14.694559,4020,3.55,2021-11-26 07:58:00,0.0622824927742903,6925.49721527746,"moving",29,-14.69295,145.44156,"run_day_11652_liz21_del_07_29.json","07",11652
145.441722,-14.693215,4021,3.55,2021-11-26 08:05:00,0.0486171650821467,5405.98210497571,"moving",29,-14.69295,145.44156,"run_day_11652_liz21_del_07_29.json","07",11652
145.441792,-14.693632,4021,3.55,2021-11-26 08:17:00,0.0469755795686442,5223.44612422103,"moving",29,-14.69295,145.44156,"run_day_11652_liz21_del_07_29.json","07",11652
145.441882,-14.694025,4021,3.55,2021-11-26 08:29:00,0.044758940683113,4976.9671259469,"moving",29,-14.69295,145.44156,"run_day_11652_liz21_del_07_29.json","07",11652
145.441995,-14.694412,4021,3.55,2021-11-26 08:41:00,0.0447159025527413,4972.1815041973,"moving",29,-14.69295,145.44156,"run_day_11652_liz21_del_07_29.json","07",11652
145.441541,-14.693647,4022,3.55,2021-11-26 07:32:00,0.0583518091230547,6488.42513501536,"moving",29,-14.69295,145.44156,"run_day_11652_liz21_del_07_29.json","07",11652
145.441697,-14.694181,4022,3.55,2021-11-26 07:44:00,0.0617032859829919,6861.09235860701,"moving",29,-14.69295,145.44156,"run_day_11652_liz21_del_07_29.json","07",11652
145.441878,-14.694698,4022,3.55,2021-11-26 07:56:00,0.0606947072841746,6748.94352417676,"moving",29,-14.69295,145.44156,"run_day_11652_liz21_del_07_29.json","07",11652
145.441592,-14.693508,4023,3.55,2021-11-26 08:07:00,0.0551646162449972,6134.02545673769,"moving",29,-14.69295,145.44156,"run_day_11652_liz21_del_07_29.json","07",11652
145.441707,-14.694007,4023,3.55,2021-11-26 08:19:00,0.0568482481300168,6321.23678068889,"moving",29,-14.69295,145.44156,"run_day_11652_liz21_del_07_29.json","07",11652
145.441853,-14.694482,4023,3.55,2021-11-26 08:31:00,0.0551026060989418,6127.13024309585,"moving",29,-14.69295,145.44156,"run_day_11652_liz21_del_07_29.json","07",11652
145.441686,-14.693207,4024,3.55,2021-11-26 08:09:00,0.0491481463703682,5465.02453036912,"moving",29,-14.69295,145.44156,"run_day_11652_liz21_del_07_29.json","07",11652
145.441761,-14.693654,4024,3.55,2021-11-26 08:21:00,0.050354497658403,5599.16467334973,"moving",29,-14.69295,145.44156,"run_day_11652_liz21_del_07_29.json","07",11652
145.441858,-14.694071,4024,3.55,2021-11-26 08:33:00,0.0475275551834278,5284.82301221648,"moving",29,-14.69295,145.44156,"run_day_11652_liz21_del_07_29.json","07",11652
145.44198,-14.694475,4024,3.55,2021-11-26 08:45:00,0.0468000283800322,5203.92572268095,"moving",29,-14.69295,145.44156,"run_day_11652_liz21_del_07_29.json","07",11652
145.441753,-14.693637,4025,3.55,2021-11-26 07:18:00,0.0538657139602609,5989.594112468,"moving",29,-14.69295,145.44156,"run_day_11652_liz21_del_07_29.json","07",11652
145.441881,-14.694085,4025,3.55,2021-11-26 07:30:00,0.0516827805132214,5746.86298795448,"moving",29,-14.69295,145.44156,"run_day_11652_liz21_del_07_29.json","07",11652
145.442015,-14.694538,4025,3.55,2021-11-26 07:42:00,0.0523927122822989,5825.8037989397,"moving",29,-14.69295,145.44156,"run_day_11652_liz21_del_07_29.json","07",11652
145.441636,-14.693159,4026,3.55,2021-11-26 08:07:00,0.0500512819617773,5565.44862620596,"moving",29,-14.69295,145.44156,"run_day_11652_liz21_del_07_29.json","07",11652
145.441717,-14.693624,4026,3.55,2021-11-26 08:19:00,0.0524344965516293,5830.44999770279,"moving",29,-14.69295,145.44156,"run_day_11652_liz21_del_07_29.json","07",11652
145.44182,-14.694071,4026,3.55,2021-11-26 08:31:00,0.0509238060315279,5662.46887613749,"moving",29,-14.69295,145.44156,"run_day_11652_liz21_del_07_29.json","07",11652
145.44195,-14.694494,4026,3.55,2021-11-26 08:43:00,0.0490698038830452,5456.31324323809,"moving",29,-14.69295,145.44156,"run_day_11652_liz21_del_07_29.json","07",11652
145.441667,-14.69341,4027,3.55,2021-11-26 07:50:00,0.0527532301256888,5865.89155408949,"moving",29,-14.69295,145.44156,"run_day_11652_liz21_del_07_29.json","07",11652
145.441768,-14.693896,4027,3.55,2021-11-26 08:02:00,0.0551218139758526,6129.26606155994,"moving",29,-14.69295,145.44156,"run_day_11652_liz21_del_07_29.json","07",11652
145.441896,-14.694343,4027,3.55,2021-11-26 08:14:00,0.051575607550358,5734.9458982106,"moving",29,-14.69295,145.44156,"run_day_11652_liz21_del_07_29.json","07",11652
145.441517,-14.69326,4028,3.55,2021-11-26 07:49:00,0.0544631788009607,6056.02917160231,"moving",29,-14.69295,145.44156,"run_day_11652_liz21_del_07_29.json","07",11652
145.44163,-14.693767,4028,3.55,2021-11-26 08:01:00,0.057671104157894,6412.73419634773,"moving",29,-14.69295,145.44156,"run_day_11652_liz21_del_07_29.json","07",11652
145.44177,-14.694275,4028,3.55,2021-11-26 08:13:00,0.0584596579178526,6500.41737384161,"moving",29,-14.69295,145.44156,"run_day_11652_liz21_del_07_29.json","07",11652
145.441606,-14.693393,4029,3.55,2021-11-26 07:33:00,0.0537541626813805,5977.19017619578,"moving",29,-14.69295,145.44156,"run_day_11652_liz21_del_07_29.json","07",11652
145.441725,-14.693899,4029,3.55,2021-11-26 07:45:00,0.0577021213573011,6416.18315156052,"moving",29,-14.69295,145.44156,"run_day_11652_liz21_del_07_29.json","07",11652
145.441871,-14.694387,4029,3.55,2021-11-26 07:57:00,0.0564897003560775,6281.36808726715,"moving",29,-14.69295,145.44156,"run_day_11652_liz21_del_07_29.json","07",11652
145.441713,-14.69359,4030,3.55,2021-11-26 07:20:00,0.0546019923465701,6071.46453362362,"moving",29,-14.69295,145.44156,"run_day_11652_liz21_del_07_29.json","07",11652
145.441843,-14.69406,4030,3.55,2021-11-26 07:32:00,0.0540998059035597,6015.62394893119,"moving",29,-14.69295,145.44156,"run_day_11652_liz21_del_07_29.json","07",11652
145.441982,-14.694522,4030,3.55,2021-11-26 07:44:00,0.0535033436002193,5949.30036686501,"moving",29,-14.69295,145.44156,"run_day_11652_liz21_del_07_29.json","07",11652
145.4416,-14.693256,4031,3.55,2021-11-26 08:02:00,0.0523551566171538,5821.6277995088,"moving",29,-14.69295,145.44156,"run_day_11652_liz21_del_07_29.json","07",11652
145.441693,-14.69374,4031,3.55,2021-11-26 08:14:00,0.0547400489926172,6086.81573225362,"moving",29,-14.69295,145.44156,"run_day_11652_liz21_del_07_29.json","07",11652
145.441815,-14.694212,4031,3.55,2021-11-26 08:26:00,0.0540995419991259,6015.59460409703,"moving",29,-14.69295,145.44156,"run_day_11652_liz21_del_07_29.json","07",11652
145.441961,-14.694652,4031,3.55,2021-11-26 08:38:00,0.0513841385357201,5713.65551517324,"moving",29,-14.69295,145.44156,"run_day_11652_liz21_del_07_29.json","07",11652
145.441582,-14.693375,4032,3.55,2021-11-26 07:11:00,0.05557069428531,6179.17927464224,"moving",29,-14.69295,145.44156,"run_day_11652_liz21_del_07_29.json","07",11652
145.441711,-14.693886,4032,3.55,2021-11-26 07:23:00,0.0584901530716614,6503.8082802324,"moving",29,-14.69295,145.44156,"run_day_11652_liz21_del_07_29.json","07",11652
145.441864,-14.694385,4032,3.55,2021-11-26 07:35:00,0.0578752019698019,6435.42883757114,"moving",29,-14.69295,145.44156,"run_day_11652_liz21_del_07_29.json","07",11652
145.441576,-14.693476,4033,3.55,2021-11-26 07:29:00,0.0554623425701098,6167.13111361875,"moving",29,-14.69295,145.44156,"run_day_11652_liz21_del_07_29.json","07",11652
145.441711,-14.693993,4033,3.55,2021-11-26 07:41:00,0.0592932194726638,6593.10518978258,"moving",29,-14.69295,145.44156,"run_day_11652_liz21_del_07_29.json","07",11652
145.44187,-14.694496,4033,3.55,2021-11-26 07:53:00,0.0584871916300905,6503.47898295416,"moving",29,-14.69295,145.44156,"run_day_11652_liz21_del_07_29.json","07",11652
145.44154,-14.69361,4034,3.55,2021-11-26 07:35:00,0.0579245437757812,6440.91539606752,"moving",29,-14.69295,145.44156,"run_day_11652_liz21_del_07_29.json","07",11652
145.441692,-14.694141,4034,3.55,2021-11-26 07:47:00,0.0612661316089601,6812.4830100542,"moving",29,-14.69295,145.44156,"run_day_11652_liz21_del_07_29.json","07",11652
145.441869,-14.694658,4034,3.55,2021-11-26 07:59:00,0.0605580813084135,6733.75140882426,"moving",29,-14.69295,145.44156,"run_day_11652_liz21_del_07_29.json","07",11652
145.441518,-14.693555,4035,3.55,2021-11-26 07:55:00,0.0577990827507415,6426.96476659148,"moving",29,-14.69295,145.44156,"run_day_11652_liz21_del_07_29.json","07",11652
145.441653,-14.69408,4035,3.55,2021-11-26 08:07:00,0.0601560854583053,6689.05150976007,"moving",29,-14.69295,145.44156,"run_day_11652_liz21_del_07_29.json","07",11652
145.441821,-14.694586,4035,3.55,2021-11-26 08:19:00,0.0590950497796399,6571.0697253036,"moving",29,-14.69295,145.44156,"run_day_11652_liz21_del_07_29.json","07",11652
145.441603,-14.693395,4036,3.55,2021-11-26 07:28:00,0.0540180275927675,6006.53061566153,"moving",29,-14.69295,145.44156,"run_day_11652_liz21_del_07_29.json","07",11652
145.441724,-14.693901,4036,3.55,2021-11-26 07:40:00,0.0577502193427075,6421.53140351954,"moving",29,-14.69295,145.44156,"run_day_11652_liz21_del_07_29.json","07",11652
145.441872,-14.694392,4036,3.55,2021-11-26 07:52:00,0.0568700505544876,6323.66109967859,"moving",29,-14.69295,145.44156,"run_day_11652_liz21_del_07_29.json","07",11652
145.441727,-14.693142,4037,3.55,2021-11-26 08:00:00,0.0475766399640763,5290.28099080005,"moving",29,-14.69295,145.44156,"run_day_11652_liz21_del_07_29.json","07",11652
145.441794,-14.69355,4037,3.55,2021-11-26 08:12:00,0.0459363179660778,5107.88550655914,"moving",29,-14.69295,145.44156,"run_day_11652_liz21_del_07_29.json","07",11652
145.441877,-14.693934,4037,3.55,2021-11-26 08:24:00,0.0436221205219841,4850.55849152212,"moving",29,-14.69295,145.44156,"run_day_11652_liz21_del_07_29.json","07",11652
145.441981,-14.694309,4037,3.55,2021-11-26 08:36:00,0.0431724335831797,4800.55558534875,"moving",29,-14.69295,145.44156,"run_day_11652_liz21_del_07_29.json","07",11652
145.441566,-14.693426,4038,3.55,2021-11-26 07:14:00,0.0563180712515338,6262.28380157734,"moving",29,-14.69295,145.44156,"run_day_11652_liz21_del_07_29.json","07",11652
145.441702,-14.693941,4038,3.55,2021-11-26 07:26:00,0.0591041553571108,6572.08221932254,"moving",29,-14.69295,145.44156,"run_day_11652_liz21_del_07_29.json","07",11652
145.441861,-14.694448,4038,3.55,2021-11-26 07:38:00,0.0589126772261847,6550.79082260018,"moving",29,-14.69295,145.44156,"run_day_11652_liz21_del_07_29.json","07",11652
145.441739,-14.693631,4039,3.55,2021-11-26 07:27:00,0.0535379673612405,5953.15035343191,"moving",29,-14.69295,145.44156,"run_day_11652_liz21_del_07_29.json","07",11652
145.441866,-14.694089,4039,3.55,2021-11-26 07:39:00,0.0527274162753828,5863.0211848983,"moving",29,-14.69295,145.44156,"run_day_11652_liz21_del_07_29.json","07",11652
145.442002,-14.69454,4039,3.55,2021-11-26 07:51:00,0.0522387666135879,5808.68582160013,"moving",29,-14.69295,145.44156,"run_day_11652_liz21_del_07_29.json","07",11652
145.441699,-14.693583,4040,3.55,2021-11-26 07:16:00,0.0552097804099587,6139.04748274755,"moving",29,-14.69295,145.44156,"run_day_11652_liz21_del_07_29.json","07",11652
145.441833,-14.694063,4040,3.55,2021-11-26 07:28:00,0.0552853199817898,6147.44709989608,"moving",29,-14.69295,145.44156,"run_day_11652_liz21_del_07_29.json","07",11652
145.441974,-14.69453,4040,3.55,2021-11-26 07:40:00,0.0540973057294124,6015.34594225028,"moving",29,-14.69295,145.44156,"run_day_11652_liz21_del_07_29.json","07",11652
145.441678,-14.69353,4041,3.55,2021-11-26 07:35:00,0.0537290923806481,5974.40248594488,"moving",29,-14.69295,145.44156,"run_day_11652_liz21_del_07_29.json","07",11652
145.441801,-14.694019,4041,3.55,2021-11-26 07:47:00,0.0559606189856356,6222.53692309185,"moving",29,-14.69295,145.44156,"run_day_11652_liz21_del_07_29.json","07",11652
145.441942,-14.694482,4041,3.55,2021-11-26 07:59:00,0.0536705072134404,5967.88811257477,"moving",29,-14.69295,145.44156,"run_day_11652_liz21_del_07_29.json","07",11652
145.441612,-14.693656,4042,3.55,2021-11-26 07:21:00,0.0575335754382362,6397.44170045386,"moving",29,-14.69295,145.44156,"run_day_11652_liz21_del_07_29.json","07",11652
145.441766,-14.694175,4042,3.55,2021-11-26 07:33:00,0.0600402244352554,6676.16835180106,"moving",29,-14.69295,145.44156,"run_day_11652_liz21_del_07_29.json","07",11652
145.441933,-14.694674,4042,3.55,2021-11-26 07:45:00,0.0583212326592511,6485.02518736567,"moving",29,-14.69295,145.44156,"run_day_11652_liz21_del_07_29.json","07",11652
145.441613,-14.693539,4043,3.55,2021-11-26 08:09:00,0.0547735918846241,6090.54553166978,"moving",29,-14.69295,145.44156,"run_day_11652_liz21_del_07_29.json","07",11652
145.441727,-14.694035,4043,3.55,2021-11-26 08:21:00,0.0564992614994803,6282.43123790645,"moving",29,-14.69295,145.44156,"run_day_11652_liz21_del_07_29.json","07",11652
145.441872,-14.694501,4043,3.55,2021-11-26 08:33:00,0.054113004776014,6017.09159658553,"moving",29,-14.69295,145.44156,"run_day_11652_liz21_del_07_29.json","07",11652
145.441706,-14.693502,4044,3.55,2021-11-26 07:17:00,0.0538857925513046,5991.82674992622,"moving",29,-14.69295,145.44156,"run_day_11652_liz21_del_07_29.json","07",11652
145.441828,-14.693971,4044,3.55,2021-11-26 07:29:00,0.0537759832076232,5979.61650801068,"moving",29,-14.69295,145.44156,"run_day_11652_liz21_del_07_29.json","07",11652
145.441963,-14.694428,4044,3.55,2021-11-26 07:41:00,0.0528499252751321,5876.64356413873,"moving",29,-14.69295,145.44156,"run_day_11652_liz21_del_07_29.json","07",11652
145.441656,-14.693148,4045,3.55,2021-11-26 07:46:00,0.0495941922153333,5514.62256538013,"moving",29,-14.69295,145.44156,"run_day_11652_liz21_del_07_29.json","07",11652
145.441739,-14.693619,4045,3.55,2021-11-26 07:58:00,0.0531282315441353,5907.58980930526,"moving",29,-14.69295,145.44156,"run_day_11652_liz21_del_07_29.json","07",11652
145.441845,-14.694062,4045,3.55,2021-11-26 08:10:00,0.0505615536634125,5622.18825063807,"moving",29,-14.69295,145.44156,"run_day_11652_liz21_del_07_29.json","07",11652
145.441973,-14.694485,4045,3.55,2021-11-26 08:22:00,0.0490089399842123,5449.54548647207,"moving",29,-14.69295,145.44156,"run_day_11652_liz21_del_07_29.json","07",11652
145.441777,-14.693571,4046,3.55,2021-11-26 07:23:00,0.0501711938396503,5578.78221866985,"moving",29,-14.69295,145.44156,"run_day_11652_liz21_del_07_29.json","07",11652
145.44189,-14.693994,4046,3.55,2021-11-26 07:35:00,0.0485804061342293,5401.8946964585,"moving",29,-14.69295,145.44156,"run_day_11652_liz21_del_07_29.json","07",11652
145.442013,-14.694424,4046,3.55,2021-11-26 07:47:00,0.0496103299306496,5516.41699745094,"moving",29,-14.69295,145.44156,"run_day_11652_liz21_del_07_29.json","07",11652
145.441764,-14.69357,4047,3.55,2021-11-26 08:08:00,0.0500080185690414,5560.63795642429,"moving",29,-14.69295,145.44156,"run_day_11652_liz21_del_07_29.json","07",11652
145.441856,-14.693982,4047,3.55,2021-11-26 08:20:00,0.0468688169785786,5211.5746658503,"moving",29,-14.69295,145.44156,"run_day_11652_liz21_del_07_29.json","07",11652
145.44197,-14.69438,4047,3.55,2021-11-26 08:32:00,0.04592280403122,5106.38282556396,"moving",29,-14.69295,145.44156,"run_day_11652_liz21_del_07_29.json","07",11652
145.441523,-14.693431,4048,3.55,2021-11-26 07:40:00,0.0562848113706554,6258.58547156285,"moving",29,-14.69295,145.44156,"run_day_11652_liz21_del_07_29.json","07",11652
145.441654,-14.693952,4048,3.55,2021-11-26 07:52:00,0.0596214170717667,6629.59909773974,"moving",29,-14.69295,145.44156,"run_day_11652_liz21_del_07_29.json","07",11652
145.441816,-14.694469,4048,3.55,2021-11-26 08:04:00,0.0600704149474844,6679.52538359373,"moving",29,-14.69295,145.44156,"run_day_11652_liz21_del_07_29.json","07",11652
145.441702,-14.693685,4049,3.55,2021-11-26 07:20:00,0.0561229784703743,6240.59047408742,"moving",29,-14.69295,145.44156,"run_day_11652_liz21_del_07_29.json","07",11652
145.441844,-14.69417,4049,3.55,2021-11-26 07:32:00,0.0560505849564214,6232.54068261389,"moving",29,-14.69295,145.44156,"run_day_11652_liz21_del_07_29.json","07",11652
145.441994,-14.694642,4049,3.55,2021-11-26 07:44:00,0.0549078063536807,6105.46949971116,"moving",29,-14.69295,145.44156,"run_day_11652_liz21_del_07_29.json","07",11652
145.441556,-14.693547,4050,3.55,2021-11-26 07:40:00,0.0568839012817031,6325.2012302753,"moving",29,-14.69295,145.44156,"run_day_11652_liz21_del_07_29.json","07",11652
145.441695,-14.694072,4050,3.55,2021-11-26 07:52:00,0.0602613809018763,6700.75982888395,"moving",29,-14.69295,145.44156,"run_day_11652_liz21_del_07_29.json","07",11652
145.441863,-14.69458,4050,3.55,2021-11-26 08:04:00,0.0593068272084648,6594.61830096677,"moving",29,-14.69295,145.44156,"run_day_11652_liz21_del_07_29.json","07",11652
145.44155,-14.693505,4051,3.55,2021-11-26 08:09:00,0.0559954868128684,6226.41404858326,"moving",29,-14.69295,145.44156,"run_day_11652_liz21_del_07_29.json","07",11652
145.441669,-14.694009,4051,3.55,2021-11-26 08:21:00,0.0574852914493721,6392.072765854,"moving",29,-14.69295,145.44156,"run_day_11652_liz21_del_07_29.json","07",11652
145.441823,-14.694499,4051,3.55,2021-11-26 08:33:00,0.056947656449978,6332.29048153484,"moving",29,-14.69295,145.44156,"run_day_11652_liz21_del_07_29.json","07",11652
145.441616,-14.693461,4052,3.55,2021-11-26 07:43:00,0.0545331654761395,6063.81133481492,"moving",29,-14.69295,145.44156,"run_day_11652_liz21_del_07_29.json","07",11652
145.441736,-14.693969,4052,3.55,2021-11-26 07:55:00,0.0579428552392061,6442.95153789981,"moving",29,-14.69295,145.44156,"run_day_11652_liz21_del_07_29.json","07",11652
145.441882,-14.694449,4052,3.55,2021-11-26 08:07:00,0.0556357517020345,6186.41332932261,"moving",29,-14.69295,145.44156,"run_day_11652_liz21_del_07_29.json","07",11652
145.441718,-14.693283,4053,3.55,2021-11-26 07:30:00,0.0497529968451586,5532.28083454437,"moving",29,-14.69295,145.44156,"run_day_11652_liz21_del_07_29.json","07",11652
145.441804,-14.693722,4053,3.55,2021-11-26 07:42:00,0.0496832520741508,5524.52556984832,"moving",29,-14.69295,145.44156,"run_day_11652_liz21_del_07_29.json","07",11652
145.441918,-14.694142,4053,3.55,2021-11-26 07:54:00,0.0482847017835693,5369.01387287838,"moving",29,-14.69295,145.44156,"run_day_11652_liz21_del_07_29.json","07",11652
145.442046,-14.694563,4053,3.55,2021-11-26 08:06:00,0.0487955438871053,5425.81692310802,"moving",29,-14.69295,145.44156,"run_day_11652_liz21_del_07_29.json","07",11652
145.441704,-14.693554,4054,3.55,2021-11-26 08:07:00,0.0530552669198961,5899.47651326533,"moving",29,-14.69295,145.44156,"run_day_11652_liz21_del_07_29.json","07",11652
145.441805,-14.694012,4054,3.55,2021-11-26 08:19:00,0.052073032832704,5790.25706599222,"moving",29,-14.69295,145.44156,"run_day_11652_liz21_del_07_29.json","07",11652
145.441933,-14.69444,4054,3.55,2021-11-26 08:31:00,0.0495427737132762,5508.90508881572,"moving",29,-14.69295,145.44156,"run_day_11652_liz21_del_07_29.json","07",11652
145.441757,-14.693326,4055,3.55,2021-11-26 07:25:00,0.0484534991325682,5387.78328171811,"moving",29,-14.69295,145.44156,"run_day_11652_liz21_del_07_29.json","07",11652
145.441841,-14.693733,4055,3.55,2021-11-26 07:37:00,0.0461493821179514,5131.57715929732,"moving",29,-14.69295,145.44156,"run_day_11652_liz21_del_07_29.json","07",11652
145.441952,-14.694134,4055,3.55,2021-11-26 07:49:00,0.0461598591928128,5132.74215686798,"moving",29,-14.69295,145.44156,"run_day_11652_liz21_del_07_29.json","07",11652
145.442074,-14.694547,4055,3.55,2021-11-26 08:01:00,0.0477614628542626,5310.83235851654,"moving",29,-14.69295,145.44156,"run_day_11652_liz21_del_07_29.json","07",11652
145.441504,-14.693517,4056,3.55,2021-11-26 07:13:00,0.0588887169505588,6548.12656150957,"moving",29,-14.69295,145.44156,"run_day_11652_liz21_del_07_29.json","07",11652
145.44166,-14.694048,4056,3.55,2021-11-26 07:25:00,0.0613823416307363,6825.40497490097,"moving",29,-14.69295,145.44156,"run_day_11652_liz21_del_07_29.json","07",11652
145.441835,-14.694574,4056,3.55,2021-11-26 07:37:00,0.0614426635795984,6832.11246957974,"moving",29,-14.69295,145.44156,"run_day_11652_liz21_del_07_29.json","07",11652
145.441757,-14.693605,4057,3.55,2021-11-26 07:36:00,0.0518508476625773,5765.55120229847,"moving",29,-14.69295,145.44156,"run_day_11652_liz21_del_07_29.json","07",11652
145.441872,-14.694045,4057,3.55,2021-11-26 07:48:00,0.0504651165439107,5611.46493220926,"moving",29,-14.69295,145.44156,"run_day_11652_liz21_del_07_29.json","07",11652
145.442001,-14.694479,4057,3.55,2021-11-26 08:00:00,0.0502136211790436,5583.49992356141,"moving",29,-14.69295,145.44156,"run_day_11652_liz21_del_07_29.json","07",11652
145.441621,-14.693464,4058,3.55,2021-11-26 07:19:00,0.0551035146726115,6127.2312718784,"moving",29,-14.69295,145.44156,"run_day_11652_liz21_del_07_29.json","07",11652
145.441752,-14.693969,4058,3.55,2021-11-26 07:31:00,0.0578942206714365,6437.54362070428,"moving",29,-14.69295,145.44156,"run_day_11652_liz21_del_07_29.json","07",11652
145.441902,-14.694458,4058,3.55,2021-11-26 07:43:00,0.0567173996025384,6306.68708827439,"moving",29,-14.69295,145.44156,"run_day_11652_liz21_del_07_29.json","07",11652
145.441728,-14.693181,4059,3.55,2021-11-26 07:22:00,0.0484916870788627,5392.02958760503,"moving",29,-14.69295,145.44156,"run_day_11652_liz21_del_07_29.json","07",11652
145.441805,-14.693597,4059,3.55,2021-11-26 07:34:00,0.0469926585106794,5225.3452159278,"moving",29,-14.69295,145.44156,"run_day_11652_liz21_del_07_29.json","07",11652
145.44191,-14.694,4059,3.55,2021-11-26 07:46:00,0.0462127843288098,5138.62716348281,"moving",29,-14.69295,145.44156,"run_day_11652_liz21_del_07_29.json","07",11652
145.442027,-14.694409,4059,3.55,2021-11-26 07:58:00,0.0471877000500892,5247.03284559511,"moving",29,-14.69295,145.44156,"run_day_11652_liz21_del_07_29.json","07",11652
145.441726,-14.693183,4060,3.55,2021-11-26 07:52:00,0.0483066865618425,5371.45846868577,"moving",29,-14.69295,145.44156,"run_day_11652_liz21_del_07_29.json","07",11652
145.441796,-14.693603,4060,3.55,2021-11-26 08:04:00,0.047304882183584,5260.06290433312,"moving",29,-14.69295,145.44156,"run_day_11652_liz21_del_07_29.json","07",11652
145.441887,-14.693995,4060,3.55,2021-11-26 08:16:00,0.0446738263758326,4967.50284679246,"moving",29,-14.69295,145.44156,"run_day_11652_liz21_del_07_29.json","07",11652
145.441997,-14.694381,4060,3.55,2021-11-26 08:28:00,0.0445220717726033,4950.6285048184,"moving",29,-14.69295,145.44156,"run_day_11652_liz21_del_07_29.json","07",11652
145.441731,-14.693443,4061,3.55,2021-11-26 07:54:00,0.0513201938579508,5706.54519141937,"moving",29,-14.69295,145.44156,"run_day_11652_liz21_del_07_29.json","07",11652
145.441822,-14.693881,4061,3.55,2021-11-26 08:06:00,0.0496771607917799,5523.84825015191,"moving",29,-14.69295,145.44156,"run_day_11652_liz21_del_07_29.json","07",11652
145.441936,-14.694293,4061,3.55,2021-11-26 08:18:00,0.0474248390009609,5273.40149384185,"moving",29,-14.69295,145.44156,"run_day_11652_liz21_del_07_29.json","07",11652
145.441671,-14.693538,4062,3.55,2021-11-26 07:43:00,0.054144860088742,6020.63374574757,"moving",29,-14.69295,145.44156,"run_day_11652_liz21_del_07_29.json","07",11652
145.441791,-14.69403,4062,3.55,2021-11-26 07:55:00,0.0562098334872556,6250.24831131825,"moving",29,-14.69295,145.44156,"run_day_11652_liz21_del_07_29.json","07",11652
145.441932,-14.69449,4062,3.55,2021-11-26 08:07:00,0.0533506002348919,5932.31607956199,"moving",29,-14.69295,145.44156,"run_day_11652_liz21_del_07_29.json","07",11652
145.441629,-14.693543,4063,3.55,2021-11-26 08:00:00,0.0551007206800146,6126.92059407655,"moving",29,-14.69295,145.44156,"run_day_11652_liz21_del_07_29.json","07",11652
145.441745,-14.694041,4063,3.55,2021-11-26 08:12:00,0.0567632666390158,6311.78727003089,"moving",29,-14.69295,145.44156,"run_day_11652_liz21_del_07_29.json","07",11652
145.44189,-14.694505,4063,3.55,2021-11-26 08:24:00,0.053900089563463,5993.41650514442,"moving",29,-14.69295,145.44156,"run_day_11652_liz21_del_07_29.json","07",11652
145.441512,-14.693354,4064,3.55,2021-11-26 08:07:00,0.0554382468099053,6164.45178733036,"moving",29,-14.69295,145.44156,"run_day_11652_liz21_del_07_29.json","07",11652
145.441625,-14.693856,4064,3.55,2021-11-26 08:19:00,0.057127735632601,6352.31437303682,"moving",29,-14.69295,145.44156,"run_day_11652_liz21_del_07_29.json","07",11652
145.441768,-14.694356,4064,3.55,2021-11-26 08:31:00,0.0576857650973074,6414.36441843035,"moving",29,-14.69295,145.44156,"run_day_11652_liz21_del_07_29.json","07",11652
145.441662,-14.693386,4065,3.55,2021-11-26 07:43:00,0.0524874661503465,5836.33994834654,"moving",29,-14.69295,145.44156,"run_day_11652_liz21_del_07_29.json","07",11652
145.441765,-14.693875,4065,3.55,2021-11-26 07:55:00,0.055491441561117,6170.36677378923,"moving",29,-14.69295,145.44156,"run_day_11652_liz21_del_07_29.json","07",11652
145.441895,-14.69433,4065,3.55,2021-11-26 08:07:00,0.0524903198418456,5836.65726436344,"moving",29,-14.69295,145.44156,"run_day_11652_liz21_del_07_29.json","07",11652
145.441505,-14.693413,4066,3.55,2021-11-26 08:04:00,0.0564018066063234,6271.59474821071,"moving",29,-14.69295,145.44156,"run_day_11652_liz21_del_07_29.json","07",11652
145.441624,-14.693922,4066,3.55,2021-11-26 08:16:00,0.0580274426980014,6452.3572341756,"moving",29,-14.69295,145.44156,"run_day_11652_liz21_del_07_29.json","07",11652
145.441776,-14.694425,4066,3.55,2021-11-26 08:28:00,0.0582714904619067,6479.49410738082,"moving",29,-14.69295,145.44156,"run_day_11652_liz21_del_07_29.json","07",11652
145.441585,-14.693685,4067,3.55,2021-11-26 07:14:00,0.0590557823846942,6566.7033902031,"moving",29,-14.69295,145.44156,"run_day_11652_liz21_del_07_29.json","07",11652
145.441748,-14.694214,4067,3.55,2021-11-26 07:26:00,0.0613792486936985,6825.06105599393,"moving",29,-14.69295,145.44156,"run_day_11652_liz21_del_07_29.json","07",11652
145.441923,-14.694719,4067,3.55,2021-11-26 07:38:00,0.0592241563105033,6585.4257165323,"moving",29,-14.69295,145.44156,"run_day_11652_liz21_del_07_29.json","07",11652
145.441534,-14.693445,4068,3.55,2021-11-26 07:58:00,0.0562210291677626,6251.49321419096,"moving",29,-14.69295,145.44156,"run_day_11652_liz21_del_07_29.json","07",11652
145.441655,-14.693958,4068,3.55,2021-11-26 08:10:00,0.0585088231519268,6505.88429843797,"moving",29,-14.69295,145.44156,"run_day_11652_liz21_del_07_29.json","07",11652
145.441809,-14.694457,4068,3.55,2021-11-26 08:22:00,0.0579058756125432,6438.83959102569,"moving",29,-14.69295,145.44156,"run_day_11652_liz21_del_07_29.json","07",11652
145.441734,-14.693232,4069,3.55,2021-11-26 07:14:00,0.0497335774996561,5530.12150184574,"moving",29,-14.69295,145.44156,"run_day_11652_liz21_del_07_29.json","07",11652
145.441816,-14.693649,4069,3.55,2021-11-26 07:26:00,0.0471996463252078,5248.3612107806,"moving",29,-14.69295,145.44156,"run_day_11652_liz21_del_07_29.json","07",11652
145.441929,-14.694057,4069,3.55,2021-11-26 07:38:00,0.0469673782466114,5222.5341788192,"moving",29,-14.69295,145.44156,"run_day_11652_liz21_del_07_29.json","07",11652
145.442049,-14.694478,4069,3.55,2021-11-26 07:50:00,0.0485597865046142,5399.60189825601,"moving",29,-14.69295,145.44156,"run_day_11652_liz21_del_07_29.json","07",11652
145.441561,-14.693246,4070,3.55,2021-11-26 07:57:00,0.0532506137163944,5921.19808597221,"moving",29,-14.69295,145.44156,"run_day_11652_liz21_del_07_29.json","07",11652
145.441663,-14.69374,4070,3.55,2021-11-26 08:09:00,0.0560151695884556,6228.60267337084,"moving",29,-14.69295,145.44156,"run_day_11652_liz21_del_07_29.json","07",11652
145.441791,-14.694229,4070,3.55,2021-11-26 08:21:00,0.0560901894304104,6236.94449919389,"moving",29,-14.69295,145.44156,"run_day_11652_liz21_del_07_29.json","07",11652
145.441944,-14.694683,4070,3.55,2021-11-26 08:33:00,0.0530970309976288,5904.1204668252,"moving",29,-14.69295,145.44156,"run_day_11652_liz21_del_07_29.json","07",11652
145.441718,-14.693294,4071,3.55,2021-11-26 07:41:00,0.0500617793188918,5566.61587906026,"moving",29,-14.69295,145.44156,"run_day_11652_liz21_del_07_29.json","07",11652
145.441801,-14.693735,4071,3.55,2021-11-26 07:53:00,0.0498429666349753,5542.28501872326,"moving",29,-14.69295,145.44156,"run_day_11652_liz21_del_07_29.json","07",11652
145.441912,-14.694152,4071,3.55,2021-11-26 08:05:00,0.0478806505742196,5324.0854282941,"moving",29,-14.69295,145.44156,"run_day_11652_liz21_del_07_29.json","07",11652
145.442038,-14.694564,4071,3.55,2021-11-26 08:17:00,0.0477748148330937,5312.31703082323,"moving",29,-14.69295,145.44156,"run_day_11652_liz21_del_07_29.json","07",11652
145.44171,-14.693579,4072,3.55,2021-11-26 07:30:00,0.0537765758100762,5979.68240239697,"moving",29,-14.69295,145.44156,"run_day_11652_liz21_del_07_29.json","07",11652
145.441835,-14.694052,4072,3.55,2021-11-26 07:42:00,0.0542864388752172,6036.3765885241,"moving",29,-14.69295,145.44156,"run_day_11652_liz21_del_07_29.json","07",11652
145.441974,-14.694508,4072,3.55,2021-11-26 07:54:00,0.0528630794603736,5878.10624280173,"moving",29,-14.69295,145.44156,"run_day_11652_liz21_del_07_29.json","07",11652
145.441741,-14.69351,4073,3.55,2021-11-26 07:24:00,0.0519793377389751,5779.83864691808,"moving",29,-14.69295,145.44156,"run_day_11652_liz21_del_07_29.json","07",11652
145.441854,-14.693952,4073,3.55,2021-11-26 07:36:00,0.0506286815232393,5629.65252808732,"moving",29,-14.69295,145.44156,"run_day_11652_liz21_del_07_29.json","07",11652
145.441981,-14.69439,4073,3.55,2021-11-26 07:48:00,0.0505827186895407,5624.54169416583,"moving",29,-14.69295,145.44156,"run_day_11652_liz21_del_07_29.json","07",11652
145.441695,-14.69343,4074,3.55,2021-11-26 08:02:00,0.0521792404282765,5802.06681179099,"moving",29,-14.69295,145.44156,"run_day_11652_liz21_del_07_29.json","07",11652
145.441788,-14.693892,4074,3.55,2021-11-26 08:14:00,0.0523368585137878,5819.59314324729,"moving",29,-14.69295,145.44156,"run_day_11652_liz21_del_07_29.json","07",11652
145.441907,-14.694319,4074,3.55,2021-11-26 08:26:00,0.0491751745981479,5468.02993217443,"moving",29,-14.69295,145.44156,"run_day_11652_liz21_del_07_29.json","07",11652
145.441514,-14.693274,4075,3.55,2021-11-26 07:33:00,0.0543974052572861,6048.71548723826,"moving",29,-14.69295,145.44156,"run_day_11652_liz21_del_07_29.json","07",11652
145.441634,-14.693784,4075,3.55,2021-11-26 07:45:00,0.0581596810131093,6467.06146392362,"moving",29,-14.69295,145.44156,"run_day_11652_liz21_del_07_29.json","07",11652
145.441785,-14.694303,4075,3.55,2021-11-26 07:57:00,0.0599520042002135,6666.35870923702,"moving",29,-14.69295,145.44156,"run_day_11652_liz21_del_07_29.json","07",11652
145.441525,-14.693266,4076,3.55,2021-11-26 07:13:00,0.0553949937172253,6159.64226286265,"moving",29,-14.69295,145.44156,"run_day_11652_liz21_del_07_29.json","07",11652
145.441649,-14.693773,4076,3.55,2021-11-26 07:25:00,0.0579319960396228,6441.74404999873,"moving",29,-14.69295,145.44156,"run_day_11652_liz21_del_07_29.json","07",11652
145.441806,-14.694289,4076,3.55,2021-11-26 07:37:00,0.0598099551285806,6650.56357313686,"moving",29,-14.69295,145.44156,"run_day_11652_liz21_del_07_29.json","07",11652
145.441645,-14.693358,4077,3.55,2021-11-26 07:37:00,0.0524640312860919,5833.73411033482,"moving",29,-14.69295,145.44156,"run_day_11652_liz21_del_07_29.json","07",11652
145.441751,-14.693852,4077,3.55,2021-11-26 07:49:00,0.0561010191786279,6238.14871225252,"moving",29,-14.69295,145.44156,"run_day_11652_liz21_del_07_29.json","07",11652
145.441885,-14.694318,4077,3.55,2021-11-26 08:01:00,0.0537839489347349,5980.50225645254,"moving",29,-14.69295,145.44156,"run_day_11652_liz21_del_07_29.json","07",11652
145.441663,-14.693419,4078,3.55,2021-11-26 07:14:00,0.0541410509390154,6020.21018762313,"moving",29,-14.69295,145.44156,"run_day_11652_liz21_del_07_29.json","07",11652
145.441783,-14.693908,4078,3.55,2021-11-26 07:26:00,0.055885216247703,6214.15252117864,"moving",29,-14.69295,145.44156,"run_day_11652_liz21_del_07_29.json","07",11652
145.441923,-14.694377,4078,3.55,2021-11-26 07:38:00,0.0542808804518368,6035.75852004405,"moving",29,-14.69295,145.44156,"run_day_11652_liz21_del_07_29.json","07",11652
145.441524,-14.693487,4079,3.55,2021-11-26 08:08:00,0.0565463436113882,6287.66652988633,"moving",29,-14.69295,145.44156,"run_day_11652_liz21_del_07_29.json","07",11652
145.441645,-14.693995,4079,3.55,2021-11-26 08:20:00,0.0579669087850793,6445.62617016872,"moving",29,-14.69295,145.44156,"run_day_11652_liz21_del_07_29.json","07",11652
145.441801,-14.694492,4079,3.55,2021-11-26 08:32:00,0.0577549413738342,6422.05646942428,"moving",29,-14.69295,145.44156,"run_day_11652_liz21_del_07_29.json","07",11652
145.441555,-14.693388,4080,3.55,2021-11-26 07:30:00,0.0548618468592589,6100.3590371003,"moving",29,-14.69295,145.44156,"run_day_11652_liz21_del_07_29.json","07",11652
145.441682,-14.693901,4080,3.55,2021-11-26 07:42:00,0.0586557487557301,6522.22168017507,"moving",29,-14.69295,145.44156,"run_day_11652_liz21_del_07_29.json","07",11652
145.441838,-14.694411,4080,3.55,2021-11-26 07:54:00,0.0591396202490241,6576.02573537729,"moving",29,-14.69295,145.44156,"run_day_11652_liz21_del_07_29.json","07",11652
145.441642,-14.693377,4081,3.55,2021-11-26 07:19:00,0.0535317226464609,5952.45597283009,"moving",29,-14.69295,145.44156,"run_day_11652_liz21_del_07_29.json","07",11652
145.441758,-14.69387,4081,3.55,2021-11-26 07:31:00,0.0562210237820585,6251.49261532799,"moving",29,-14.69295,145.44156,"run_day_11652_liz21_del_07_29.json","07",11652
145.4419,-14.694344,4081,3.55,2021-11-26 07:43:00,0.054874735228686,6101.79215839332,"moving",29,-14.69295,145.44156,"run_day_11652_liz21_del_07_29.json","07",11652
145.44167,-14.693649,4082,3.55,2021-11-26 07:28:00,0.0557100540480348,6194.67537323563,"moving",29,-14.69295,145.44156,"run_day_11652_liz21_del_07_29.json","07",11652
145.441812,-14.694149,4082,3.55,2021-11-26 07:40:00,0.0576571837704777,6411.18631989011,"moving",29,-14.69295,145.44156,"run_day_11652_liz21_del_07_29.json","07",11652
145.441966,-14.694626,4082,3.55,2021-11-26 07:52:00,0.0555662080524115,6178.68042830418,"moving",29,-14.69295,145.44156,"run_day_11652_liz21_del_07_29.json","07",11652
145.441571,-14.693361,4083,3.55,2021-11-26 07:53:00,0.0544057591211599,6049.6443945189,"moving",29,-14.69295,145.44156,"run_day_11652_liz21_del_07_29.json","07",11652
145.441681,-14.693866,4083,3.55,2021-11-26 08:05:00,0.0573863330202537,6381.06909058733,"moving",29,-14.69295,145.44156,"run_day_11652_liz21_del_07_29.json","07",11652
145.441822,-14.694355,4083,3.55,2021-11-26 08:17:00,0.0564496685799052,6276.91675685221,"moving",29,-14.69295,145.44156,"run_day_11652_liz21_del_07_29.json","07",11652
145.441641,-14.693424,4084,3.55,2021-11-26 07:58:00,0.0534694282176772,5945.52914839111,"moving",29,-14.69295,145.44156,"run_day_11652_liz21_del_07_29.json","07",11652
145.441745,-14.693915,4084,3.55,2021-11-26 08:10:00,0.0557308607191146,6196.98896950006,"moving",29,-14.69295,145.44156,"run_day_11652_liz21_del_07_29.json","07",11652
145.441877,-14.694371,4084,3.55,2021-11-26 08:22:00,0.0526550996644667,5854.97994465231,"moving",29,-14.69295,145.44156,"run_day_11652_liz21_del_07_29.json","07",11652
145.441654,-14.693177,4085,3.55,2021-11-26 07:21:00,0.050395174284248,5603.68770777671,"moving",29,-14.69295,145.44156,"run_day_11652_liz21_del_07_29.json","07",11652
145.441745,-14.693648,4085,3.55,2021-11-26 07:33:00,0.0532795718970302,5924.41808874377,"moving",29,-14.69295,145.44156,"run_day_11652_liz21_del_07_29.json","07",11652
145.441869,-14.694102,4085,3.55,2021-11-26 07:45:00,0.0522145965980927,5805.99823850015,"moving",29,-14.69295,145.44156,"run_day_11652_liz21_del_07_29.json","07",11652
145.442005,-14.694548,4085,3.55,2021-11-26 07:57:00,0.0517052683843631,5749.36352513648,"moving",29,-14.69295,145.44156,"run_day_11652_liz21_del_07_29.json","07",11652
145.441743,-14.693494,4086,3.55,2021-11-26 07:14:00,0.052674221797988,5857.10622888649,"moving",29,-14.69295,145.44156,"run_day_11652_liz21_del_07_29.json","07",11652
145.441856,-14.693935,4086,3.55,2021-11-26 07:26:00,0.0505207455196313,5617.65059208382,"moving",29,-14.69295,145.44156,"run_day_11652_liz21_del_07_29.json","07",11652
145.441983,-14.694374,4086,3.55,2021-11-26 07:38:00,0.0506897914729433,5636.44764446191,"moving",29,-14.69295,145.44156,"run_day_11652_liz21_del_07_29.json","07",11652
145.441706,-14.693605,4087,3.55,2021-11-26 07:42:00,0.0541935321255147,6026.04582930615,"moving",29,-14.69295,145.44156,"run_day_11652_liz21_del_07_29.json","07",11652
145.441828,-14.694081,4087,3.55,2021-11-26 07:54:00,0.0545311482006419,6063.58702401393,"moving",29,-14.69295,145.44156,"run_day_11652_liz21_del_07_29.json","07",11652
145.441967,-14.694532,4087,3.55,2021-11-26 08:06:00,0.0523300388140021,5818.83482722987,"moving",29,-14.69295,145.44156,"run_day_11652_liz21_del_07_29.json","07",11652
145.441779,-14.693454,4088,3.55,2021-11-26 07:22:00,0.0482157389408234,5361.34555463805,"moving",29,-14.69295,145.44156,"run_day_11652_liz21_del_07_29.json","07",11652
145.441875,-14.693859,4088,3.55,2021-11-26 07:34:00,0.0462025362564004,5137.48762982301,"moving",29,-14.69295,145.44156,"run_day_11652_liz21_del_07_29.json","07",11652
145.441992,-14.694267,4088,3.55,2021-11-26 07:46:00,0.04708054373602,5235.11760711268,"moving",29,-14.69295,145.44156,"run_day_11652_liz21_del_07_29.json","07",11652
145.441695,-14.693461,4089,3.55,2021-11-26 07:15:00,0.0538174356552896,5984.22580988818,"moving",29,-14.69295,145.44156,"run_day_11652_liz21_del_07_29.json","07",11652
145.441814,-14.693936,4089,3.55,2021-11-26 07:27:00,0.0543463305750225,6043.03624169056,"moving",29,-14.69295,145.44156,"run_day_11652_liz21_del_07_29.json","07",11652
145.441949,-14.694395,4089,3.55,2021-11-26 07:39:00,0.0530637926108296,5900.42452684328,"moving",29,-14.69295,145.44156,"run_day_11652_liz21_del_07_29.json","07",11652
145.441669,-14.693168,4090,3.55,2021-11-26 07:24:00,0.0496560868565062,5521.50493546505,"moving",29,-14.69295,145.44156,"run_day_11652_liz21_del_07_29.json","07",11652
145.441757,-14.693632,4090,3.55,2021-11-26 07:36:00,0.0524554659521101,5832.78168865103,"moving",29,-14.69295,145.44156,"run_day_11652_liz21_del_07_29.json","07",11652
145.441875,-14.694075,4090,3.55,2021-11-26 07:48:00,0.0508681392561908,5656.27901313734,"moving",29,-14.69295,145.44156,"run_day_11652_liz21_del_07_29.json","07",11652
145.442006,-14.694511,4090,3.55,2021-11-26 08:00:00,0.0504870017361446,5613.8984545543,"moving",29,-14.69295,145.44156,"run_day_11652_liz21_del_07_29.json","07",11652
145.441641,-14.693208,4091,3.55,2021-11-26 07:14:00,0.0518109264772687,5761.11216902652,"moving",29,-14.69295,145.44156,"run_day_11652_liz21_del_07_29.json","07",11652
145.44174,-14.693689,4091,3.55,2021-11-26 07:26:00,0.0545344443268096,6063.95353652137,"moving",29,-14.69295,145.44156,"run_day_11652_liz21_del_07_29.json","07",11652
145.441872,-14.694153,4091,3.55,2021-11-26 07:38:00,0.0535122534044307,5950.29109189071,"moving",29,-14.69295,145.44156,"run_day_11652_liz21_del_07_29.json","07",11652
145.442015,-14.69461,4091,3.55,2021-11-26 07:50:00,0.0530927782944663,5903.647587809,"moving",29,-14.69295,145.44156,"run_day_11652_liz21_del_07_29.json","07",11652
145.441746,-14.693645,4092,3.55,2021-11-26 07:19:00,0.0542336497856072,6030.50670957728,"moving",29,-14.69295,145.44156,"run_day_11652_liz21_del_07_29.json","07",11652
145.441876,-14.694099,4092,3.55,2021-11-26 07:31:00,0.0523831550247043,5824.74108038254,"moving",29,-14.69295,145.44156,"run_day_11652_liz21_del_07_29.json","07",11652
145.442012,-14.694554,4092,3.55,2021-11-26 07:43:00,0.0526658995883785,5856.18084139944,"moving",29,-14.69295,145.44156,"run_day_11652_liz21_del_07_29.json","07",11652
145.441739,-14.69362,4093,3.55,2021-11-26 07:54:00,0.0531464108092096,5909.61125135165,"moving",29,-14.69295,145.44156,"run_day_11652_liz21_del_07_29.json","07",11652
145.441848,-14.694067,4093,3.55,2021-11-26 08:06:00,0.0510680871278645,5678.51220206083,"moving",29,-14.69295,145.44156,"run_day_11652_liz21_del_07_29.json","07",11652
145.441977,-14.694492,4093,3.55,2021-11-26 08:18:00,0.0492526062988305,5476.63994445179,"moving",29,-14.69295,145.44156,"run_day_11652_liz21_del_07_29.json","07",11652
145.441683,-14.693529,4094,3.55,2021-11-26 07:39:00,0.0536877353992217,5969.80379942893,"moving",29,-14.69295,145.44156,"run_day_11652_liz21_del_07_29.json","07",11652
145.441802,-14.694015,4094,3.55,2021-11-26 07:51:00,0.0555358143528987,6175.3008031164,"moving",29,-14.69295,145.44156,"run_day_11652_liz21_del_07_29.json","07",11652
145.441941,-14.694473,4094,3.55,2021-11-26 08:03:00,0.0530764279654833,5901.82951417713,"moving",29,-14.69295,145.44156,"run_day_11652_liz21_del_07_29.json","07",11652
145.441767,-14.69337,4095,3.55,2021-11-26 07:36:00,0.0478500599590843,5320.68390708812,"moving",29,-14.69295,145.44156,"run_day_11652_liz21_del_07_29.json","07",11652
145.441849,-14.693774,4095,3.55,2021-11-26 07:48:00,0.0457803693812858,5090.54481511287,"moving",29,-14.69295,145.44156,"run_day_11652_liz21_del_07_29.json","07",11652
145.441957,-14.694168,4095,3.55,2021-11-26 08:00:00,0.0453246563437384,5039.87183733182,"moving",29,-14.69295,145.44156,"run_day_11652_liz21_del_07_29.json","07",11652
145.442078,-14.694569,4095,3.55,2021-11-26 08:12:00,0.0464496662119906,5164.96722710653,"moving",29,-14.69295,145.44156,"run_day_11652_liz21_del_07_29.json","07",11652
145.441736,-14.693221,4096,3.55,2021-11-26 07:59:00,0.0481606428280218,5355.21914641667,"moving",29,-14.69295,145.44156,"run_day_11652_liz21_del_07_29.json","07",11652
145.441805,-14.693631,4096,3.55,2021-11-26 08:11:00,0.0461900422865149,5136.09836375809,"moving",29,-14.69295,145.44156,"run_day_11652_liz21_del_07_29.json","07",11652
145.441894,-14.694016,4096,3.55,2021-11-26 08:23:00,0.0438672598406306,4877.81674007672,"moving",29,-14.69295,145.44156,"run_day_11652_liz21_del_07_29.json","07",11652
145.442004,-14.694398,4096,3.55,2021-11-26 08:35:00,0.0440934426538483,4902.96712140072,"moving",29,-14.69295,145.44156,"run_day_11652_liz21_del_07_29.json","07",11652
145.441702,-14.693424,4097,3.55,2021-11-26 07:20:00,0.0527735114864364,5868.14673851008,"moving",29,-14.69295,145.44156,"run_day_11652_liz21_del_07_29.json","07",11652
145.441812,-14.693888,4097,3.55,2021-11-26 07:32:00,0.0529336322495149,5885.95135501486,"moving",29,-14.69295,145.44156,"run_day_11652_liz21_del_07_29.json","07",11652
145.441944,-14.694338,4097,3.55,2021-11-26 07:44:00,0.0520129520175168,5783.57638415473,"moving",29,-14.69295,145.44156,"run_day_11652_liz21_del_07_29.json","07",11652
145.441459,-14.693375,4098,3.55,2021-11-26 07:53:00,0.0573288036008904,6374.67211102132,"moving",29,-14.69295,145.44156,"run_day_11652_liz21_del_07_29.json","07",11652
145.441587,-14.693898,4098,3.55,2021-11-26 08:05:00,0.0597623727064122,6645.27264919428,"moving",29,-14.69295,145.44156,"run_day_11652_liz21_del_07_29.json","07",11652
145.441746,-14.694417,4098,3.55,2021-11-26 08:17:00,0.0601908053011692,6692.91218014043,"moving",29,-14.69295,145.44156,"run_day_11652_liz21_del_07_29.json","07",11652
145.441699,-14.693482,4099,3.55,2021-11-26 07:29:00,0.0527532295140569,5865.89148607913,"moving",29,-14.69295,145.44156,"run_day_11652_liz21_del_07_29.json","07",11652
145.441815,-14.693955,4099,3.55,2021-11-26 07:41:00,0.0540548321381028,6010.62309438028,"moving",29,-14.69295,145.44156,"run_day_11652_liz21_del_07_29.json","07",11652
145.441949,-14.694407,4099,3.55,2021-11-26 07:53:00,0.052285818788007,5813.91778468313,"moving",29,-14.69295,145.44156,"run_day_11652_liz21_del_07_29.json","07",11652
145.441738,-14.693545,4100,3.55,2021-11-26 07:58:00,0.052179749810382,5802.12345249685,"moving",29,-14.69295,145.44156,"run_day_11652_liz21_del_07_29.json","07",11652
145.441837,-14.693983,4100,3.55,2021-11-26 08:10:00,0.0498538342024698,5543.49343709362,"moving",29,-14.69295,145.44156,"run_day_11652_liz21_del_07_29.json","07",11652
145.441958,-14.694398,4100,3.55,2021-11-26 08:22:00,0.0479460286591187,5331.35513964861,"moving",29,-14.69295,145.44156,"run_day_11652_liz21_del_07_29.json","07",11652
145.441647,-14.693557,4101,3.55,2021-11-26 07:51:00,0.0549916689813347,6114.79459844137,"moving",29,-14.69295,145.44156,"run_day_11652_liz21_del_07_29.json","07",11652
145.441768,-14.694059,4101,3.55,2021-11-26 08:03:00,0.0573169667833021,6373.35591695789,"moving",29,-14.69295,145.44156,"run_day_11652_liz21_del_07_29.json","07",11652
145.441913,-14.694522,4101,3.55,2021-11-26 08:15:00,0.0537936603982045,5981.58212192065,"moving",29,-14.69295,145.44156,"run_day_11652_liz21_del_07_29.json","07",11652
145.441638,-14.693481,4102,3.55,2021-11-26 07:59:00,0.0542745922575783,6035.05930474475,"moving",29,-14.69295,145.44156,"run_day_11652_liz21_del_07_29.json","07",11652
145.441747,-14.693975,4102,3.55,2021-11-26 08:11:00,0.0561674824276672,6245.539088354,"moving",29,-14.69295,145.44156,"run_day_11652_liz21_del_07_29.json","07",11652
145.441885,-14.694434,4102,3.55,2021-11-26 08:23:00,0.0531529944282304,5910.34331638572,"moving",29,-14.69295,145.44156,"run_day_11652_liz21_del_07_29.json","07",11652
145.441648,-14.693451,4103,3.55,2021-11-26 07:27:00,0.0536405144725851,5964.55307195549,"moving",29,-14.69295,145.44156,"run_day_11652_liz21_del_07_29.json","07",11652
145.441769,-14.693948,4103,3.55,2021-11-26 07:39:00,0.0567756559846115,6313.16490240558,"moving",29,-14.69295,145.44156,"run_day_11652_liz21_del_07_29.json","07",11652
145.441912,-14.694422,4103,3.55,2021-11-26 07:51:00,0.0549047674977638,6105.1315943504,"moving",29,-14.69295,145.44156,"run_day_11652_liz21_del_07_29.json","07",11652
145.44156,-14.693623,4104,3.55,2021-11-26 07:59:00,0.0575228552206393,6396.24966664456,"moving",29,-14.69295,145.44156,"run_day_11652_liz21_del_07_29.json","07",11652
145.441696,-14.694142,4104,3.55,2021-11-26 08:11:00,0.0595351961778207,6620.01177176219,"moving",29,-14.69295,145.44156,"run_day_11652_liz21_del_07_29.json","07",11652
145.441861,-14.694635,4104,3.55,2021-11-26 08:23:00,0.0576202418014856,6407.07856035792,"moving",29,-14.69295,145.44156,"run_day_11652_liz21_del_07_29.json","07",11652
145.441777,-14.693462,4105,3.55,2021-11-26 07:46:00,0.0477959925697665,5314.67188769906,"moving",29,-14.69295,145.44156,"run_day_11652_liz21_del_07_29.json","07",11652
145.441865,-14.693867,4105,3.55,2021-11-26 07:58:00,0.0460178776736995,5116.95453226529,"moving",29,-14.69295,145.44156,"run_day_11652_liz21_del_07_29.json","07",11652
145.441973,-14.694258,4105,3.55,2021-11-26 08:10:00,0.0450022933361401,5004.02670634901,"moving",29,-14.69295,145.44156,"run_day_11652_liz21_del_07_29.json","07",11652
145.442098,-14.694653,4105,3.55,2021-11-26 08:22:00,0.0459336807438617,5107.59226082828,"moving",29,-14.69295,145.44156,"run_day_11652_liz21_del_07_29.json","07",11652
145.441492,-14.693556,4106,3.55,2021-11-26 07:58:00,0.0585728101300413,6512.99932577561,"moving",29,-14.69295,145.44156,"run_day_11652_liz21_del_07_29.json","07",11652
145.441629,-14.694082,4106,3.55,2021-11-26 08:10:00,0.060316191260592,6706.8544627007,"moving",29,-14.69295,145.44156,"run_day_11652_liz21_del_07_29.json","07",11652
145.4418,-14.694594,4106,3.55,2021-11-26 08:22:00,0.0598290189878581,6652.68337757079,"moving",29,-14.69295,145.44156,"run_day_11652_liz21_del_07_29.json","07",11652
145.441527,-14.693315,4107,3.55,2021-11-26 07:41:00,0.054728843297417,6085.56971579783,"moving",29,-14.69295,145.44156,"run_day_11652_liz21_del_07_29.json","07",11652
145.441645,-14.693827,4107,3.55,2021-11-26 07:53:00,0.0583293607720636,6485.92899227362,"moving",29,-14.69295,145.44156,"run_day_11652_liz21_del_07_29.json","07",11652
145.441795,-14.694339,4107,3.55,2021-11-26 08:05:00,0.0591737042716816,6579.81570577644,"moving",29,-14.69295,145.44156,"run_day_11652_liz21_del_07_29.json","07",11652
145.441579,-14.693226,4108,3.55,2021-11-26 07:36:00,0.0523199544198765,5817.71349376482,"moving",29,-14.69295,145.44156,"run_day_11652_liz21_del_07_29.json","07",11652
145.441683,-14.693722,4108,3.55,2021-11-26 07:48:00,0.0562756336150123,6257.56495169736,"moving",29,-14.69295,145.44156,"run_day_11652_liz21_del_07_29.json","07",11652
145.441818,-14.694217,4108,3.55,2021-11-26 08:00:00,0.0569245675078588,6329.72310830959,"moving",29,-14.69295,145.44156,"run_day_11652_liz21_del_07_29.json","07",11652
145.441973,-14.694679,4108,3.55,2021-11-26 08:12:00,0.0540095059260025,6005.58304955071,"moving",29,-14.69295,145.44156,"run_day_11652_liz21_del_07_29.json","07",11652
145.441575,-14.693361,4109,3.55,2021-11-26 07:25:00,0.0543305185332433,6041.27802286482,"moving",29,-14.69295,145.44156,"run_day_11652_liz21_del_07_29.json","07",11652
145.441698,-14.693868,4109,3.55,2021-11-26 07:37:00,0.0579073269453962,6439.00097187581,"moving",29,-14.69295,145.44156,"run_day_11652_liz21_del_07_29.json","07",11652
145.44185,-14.69437,4109,3.55,2021-11-26 07:49:00,0.0581647711300595,6467.62745910451,"moving",29,-14.69295,145.44156,"run_day_11652_liz21_del_07_29.json","07",11652
145.441496,-14.693579,4110,3.55,2021-11-26 08:09:00,0.0580402124237946,6453.77716289845,"moving",29,-14.69295,145.44156,"run_day_11652_liz21_del_07_29.json","07",11652
145.441628,-14.694097,4110,3.55,2021-11-26 08:21:00,0.0593229815423431,6596.41458093735,"moving",29,-14.69295,145.44156,"run_day_11652_liz21_del_07_29.json","07",11652
145.441797,-14.694602,4110,3.55,2021-11-26 08:33:00,0.0590222263501396,6562.97212940231,"moving",29,-14.69295,145.44156,"run_day_11652_liz21_del_07_29.json","07",11652
145.441741,-14.693475,4111,3.55,2021-11-26 07:18:00,0.0521079698497973,5794.14188504509,"moving",29,-14.69295,145.44156,"run_day_11652_liz21_del_07_29.json","07",11652
145.44185,-14.693914,4111,3.55,2021-11-26 07:30:00,0.0502027038010767,5582.28596651923,"moving",29,-14.69295,145.44156,"run_day_11652_liz21_del_07_29.json","07",11652
145.441976,-14.69435,4111,3.55,2021-11-26 07:42:00,0.0503395648009411,5597.50421535966,"moving",29,-14.69295,145.44156,"run_day_11652_liz21_del_07_29.json","07",11652
145.441722,-14.693414,4112,3.55,2021-11-26 07:50:00,0.0513566999226937,5710.60448061054,"moving",29,-14.69295,145.44156,"run_day_11652_liz21_del_07_29.json","07",11652
145.441813,-14.693861,4112,3.55,2021-11-26 08:02:00,0.0506586820653927,5632.98843617136,"moving",29,-14.69295,145.44156,"run_day_11652_liz21_del_07_29.json","07",11652
145.441929,-14.694279,4112,3.55,2021-11-26 08:14:00,0.0481249548693325,5351.25082646813,"moving",29,-14.69295,145.44156,"run_day_11652_liz21_del_07_29.json","07",11652
145.44154,-14.693365,4113,3.55,2021-11-26 07:42:00,0.0551617991960621,6133.712215188,"moving",29,-14.69295,145.44156,"run_day_11652_liz21_del_07_29.json","07",11652
145.44166,-14.693879,4113,3.55,2021-11-26 07:54:00,0.0585934516357404,6515.29455648766,"moving",29,-14.69295,145.44156,"run_day_11652_liz21_del_07_29.json","07",11652
145.441812,-14.694388,4113,3.55,2021-11-26 08:06:00,0.0589121617250533,6550.73350148968,"moving",29,-14.69295,145.44156,"run_day_11652_liz21_del_07_29.json","07",11652
145.441594,-14.69329,4114,3.55,2021-11-26 08:08:00,0.0525948081415956,5848.27583318936,"moving",29,-14.69295,145.44156,"run_day_11652_liz21_del_07_29.json","07",11652
145.441689,-14.693773,4114,3.55,2021-11-26 08:20:00,0.0546705269786564,6079.08523701107,"moving",29,-14.69295,145.44156,"run_day_11652_liz21_del_07_29.json","07",11652
145.441813,-14.694246,4114,3.55,2021-11-26 08:32:00,0.054259897724328,6033.42534719791,"moving",29,-14.69295,145.44156,"run_day_11652_liz21_del_07_29.json","07",11652
145.441962,-14.694688,4114,3.55,2021-11-26 08:44:00,0.0516950537129195,5748.22770549461,"moving",29,-14.69295,145.44156,"run_day_11652_liz21_del_07_29.json","07",11652
145.441544,-14.693551,4115,3.55,2021-11-26 07:16:00,0.0581405856513595,6464.9381565746,"moving",29,-14.69295,145.44156,"run_day_11652_liz21_del_07_29.json","07",11652
145.441698,-14.694077,4115,3.55,2021-11-26 07:28:00,0.0607887633147682,6759.40207759909,"moving",29,-14.69295,145.44156,"run_day_11652_liz21_del_07_29.json","07",11652
145.441869,-14.694594,4115,3.55,2021-11-26 07:40:00,0.0603583126383115,6711.53814620639,"moving",29,-14.69295,145.44156,"run_day_11652_liz21_del_07_29.json","07",11652
145.441541,-14.693336,4116,3.55,2021-11-26 07:52:00,0.0548483580498061,6098.85914992269,"moving",29,-14.69295,145.44156,"run_day_11652_liz21_del_07_29.json","07",11652
145.441655,-14.693844,4116,3.55,2021-11-26 08:04:00,0.0578025263167452,6427.34767366065,"moving",29,-14.69295,145.44156,"run_day_11652_liz21_del_07_29.json","07",11652
145.441798,-14.694344,4116,3.55,2021-11-26 08:16:00,0.057685765322354,6414.36444345438,"moving",29,-14.69295,145.44156,"run_day_11652_liz21_del_07_29.json","07",11652
145.44172,-14.693638,4117,3.55,2021-11-26 07:52:00,0.0543346690585821,6041.73954022542,"moving",29,-14.69295,145.44156,"run_day_11652_liz21_del_07_29.json","07",11652
145.441836,-14.694101,4117,3.55,2021-11-26 08:04:00,0.0529735283389608,5890.3875977542,"moving",29,-14.69295,145.44156,"run_day_11652_liz21_del_07_29.json","07",11652
145.441972,-14.694538,4117,3.55,2021-11-26 08:16:00,0.0507461880767048,5642.71866068017,"moving",29,-14.69295,145.44156,"run_day_11652_liz21_del_07_29.json","07",11652
145.44164,-14.693605,4118,3.55,2021-11-26 08:01:00,0.0554279258780503,6163.30415206984,"moving",29,-14.69295,145.44156,"run_day_11652_liz21_del_07_29.json","07",11652
145.441761,-14.694103,4118,3.55,2021-11-26 08:13:00,0.0568838937054079,6325.20038782971,"moving",29,-14.69295,145.44156,"run_day_11652_liz21_del_07_29.json","07",11652
145.441909,-14.694564,4118,3.55,2021-11-26 08:25:00,0.0536756692908286,5968.46210939128,"moving",29,-14.69295,145.44156,"run_day_11652_liz21_del_07_29.json","07",11652
145.44163,-14.693444,4119,3.55,2021-11-26 07:24:00,0.0541655620411419,6022.93569782607,"moving",29,-14.69295,145.44156,"run_day_11652_liz21_del_07_29.json","07",11652
145.441755,-14.693946,4119,3.55,2021-11-26 07:36:00,0.0574161872540512,6384.38872992447,"moving",29,-14.69295,145.44156,"run_day_11652_liz21_del_07_29.json","07",11652
145.441902,-14.694429,4119,3.55,2021-11-26 07:48:00,0.055986132716443,6225.37392051741,"moving",29,-14.69295,145.44156,"run_day_11652_liz21_del_07_29.json","07",11652
145.441533,-14.693372,4120,3.55,2021-11-26 07:44:00,0.0553783476572679,6157.79130544677,"moving",29,-14.69295,145.44156,"run_day_11652_liz21_del_07_29.json","07",11652
145.441655,-14.693887,4120,3.55,2021-11-26 07:56:00,0.0587495935645058,6532.65674680286,"moving",29,-14.69295,145.44156,"run_day_11652_liz21_del_07_29.json","07",11652
145.441808,-14.694397,4120,3.55,2021-11-26 08:08:00,0.0590488821452534,6565.93611858465,"moving",29,-14.69295,145.44156,"run_day_11652_liz21_del_07_29.json","07",11652
145.441668,-14.693483,4121,3.55,2021-11-26 07:29:00,0.0534443409462032,5942.73957107985,"moving",29,-14.69295,145.44156,"run_day_11652_liz21_del_07_29.json","07",11652
145.441789,-14.693974,4121,3.55,2021-11-26 07:41:00,0.056126459247713,6240.97751886826,"moving",29,-14.69295,145.44156,"run_day_11652_liz21_del_07_29.json","07",11652
145.44193,-14.694441,4121,3.55,2021-11-26 07:53:00,0.054097307461935,6015.34613489801,"moving",29,-14.69295,145.44156,"run_day_11652_liz21_del_07_29.json","07",11652
145.441701,-14.693364,4122,3.55,2021-11-26 08:07:00,0.0509185859532398,5661.88842991516,"moving",29,-14.69295,145.44156,"run_day_11652_liz21_del_07_29.json","07",11652
145.441784,-14.693813,4122,3.55,2021-11-26 08:19:00,0.0507183908304005,5639.62774791645,"moving",29,-14.69295,145.44156,"run_day_11652_liz21_del_07_29.json","07",11652
145.441895,-14.69423,4122,3.55,2021-11-26 08:31:00,0.0478806495105133,5324.08531001535,"moving",29,-14.69295,145.44156,"run_day_11652_liz21_del_07_29.json","07",11652
145.442027,-14.69464,4122,3.55,2021-11-26 08:43:00,0.0477494948722177,5309.50157963098,"moving",29,-14.69295,145.44156,"run_day_11652_liz21_del_07_29.json","07",11652
145.441703,-14.693521,4123,3.55,2021-11-26 07:37:00,0.0531702743565068,5912.26475674284,"moving",29,-14.69295,145.44156,"run_day_11652_liz21_del_07_29.json","07",11652
145.441818,-14.693994,4123,3.55,2021-11-26 07:49:00,0.054030106699453,6007.87375104335,"moving",29,-14.69295,145.44156,"run_day_11652_liz21_del_07_29.json","07",11652
145.441953,-14.694443,4123,3.55,2021-11-26 08:01:00,0.0519951731761691,5781.59946719525,"moving",29,-14.69295,145.44156,"run_day_11652_liz21_del_07_29.json","07",11652
145.441566,-14.693366,4124,3.55,2021-11-26 07:30:00,0.0544877059902545,6058.75647061663,"moving",29,-14.69295,145.44156,"run_day_11652_liz21_del_07_29.json","07",11652
145.441688,-14.693875,4124,3.55,2021-11-26 07:42:00,0.0580994701097714,6460.36631694376,"moving",29,-14.69295,145.44156,"run_day_11652_liz21_del_07_29.json","07",11652
145.441841,-14.69438,4124,3.55,2021-11-26 07:54:00,0.058515140234092,6506.58672592592,"moving",29,-14.69295,145.44156,"run_day_11652_liz21_del_07_29.json","07",11652
145.44169,-14.693474,4125,3.55,2021-11-26 07:49:00,0.0530024108321501,5893.59918446569,"moving",29,-14.69295,145.44156,"run_day_11652_liz21_del_07_29.json","07",11652
145.441796,-14.69395,4125,3.55,2021-11-26 08:01:00,0.0541428050905925,6020.40524037907,"moving",29,-14.69295,145.44156,"run_day_11652_liz21_del_07_29.json","07",11652
145.441925,-14.694391,4125,3.55,2021-11-26 08:13:00,0.0509621361631101,5666.73099230704,"moving",29,-14.69295,145.44156,"run_day_11652_liz21_del_07_29.json","07",11652
145.441591,-14.693227,4126,3.55,2021-11-26 07:33:00,0.051947400204674,5776.28735513427,"moving",29,-14.69295,145.44156,"run_day_11652_liz21_del_07_29.json","07",11652
145.441694,-14.69372,4126,3.55,2021-11-26 07:45:00,0.0559273392839857,6218.83638910814,"moving",29,-14.69295,145.44156,"run_day_11652_liz21_del_07_29.json","07",11652
145.441829,-14.694211,4126,3.55,2021-11-26 07:57:00,0.0564946152147096,6281.91459461221,"moving",29,-14.69295,145.44156,"run_day_11652_liz21_del_07_29.json","07",11652
145.441983,-14.694671,4126,3.55,2021-11-26 08:09:00,0.0537647860742321,5978.37144358463,"moving",29,-14.69295,145.44156,"run_day_11652_liz21_del_07_29.json","07",11652
145.441736,-14.693209,4127,3.55,2021-11-26 07:16:00,0.049167326725333,5467.15728853245,"moving",29,-14.69295,145.44156,"run_day_11652_liz21_del_07_29.json","07",11652
145.441814,-14.693621,4127,3.55,2021-11-26 07:28:00,0.0465741613593172,5178.81045588112,"moving",29,-14.69295,145.44156,"run_day_11652_liz21_del_07_29.json","07",11652
145.441923,-14.694024,4127,3.55,2021-11-26 07:40:00,0.0463198045264968,5150.52726651411,"moving",29,-14.69295,145.44156,"run_day_11652_liz21_del_07_29.json","07",11652
145.442041,-14.694439,4127,3.55,2021-11-26 07:52:00,0.0478594484858136,5321.72786362908,"moving",29,-14.69295,145.44156,"run_day_11652_liz21_del_07_29.json","07",11652
145.441458,-14.693404,4128,3.55,2021-11-26 07:26:00,0.057544724409465,6398.68140949181,"moving",29,-14.69295,145.44156,"run_day_11652_liz21_del_07_29.json","07",11652
145.441603,-14.693931,4128,3.55,2021-11-26 07:38:00,0.060639608145794,6742.81677952635,"moving",29,-14.69295,145.44156,"run_day_11652_liz21_del_07_29.json","07",11652
145.441776,-14.694467,4128,3.55,2021-11-26 07:50:00,0.062437636179025,6942.74837478633,"moving",29,-14.69295,145.44156,"run_day_11652_liz21_del_07_29.json","07",11652
145.441655,-14.693282,4129,3.55,2021-11-26 07:25:00,0.0514623695381042,5722.35440574468,"moving",29,-14.69295,145.44156,"run_day_11652_liz21_del_07_29.json","07",11652
145.441755,-14.693764,4129,3.55,2021-11-26 07:37:00,0.0546645641010931,6078.42219527782,"moving",29,-14.69295,145.44156,"run_day_11652_liz21_del_07_29.json","07",11652
145.441886,-14.694223,4129,3.55,2021-11-26 07:49:00,0.0529476840404069,5887.51384287232,"moving",29,-14.69295,145.44156,"run_day_11652_liz21_del_07_29.json","07",11652
145.442032,-14.694673,4129,3.55,2021-11-26 08:01:00,0.0524439894667442,5831.50556170264,"moving",29,-14.69295,145.44156,"run_day_11652_liz21_del_07_29.json","07",11652
145.441678,-14.693544,4130,3.55,2021-11-26 07:32:00,0.0539681709162725,6000.98680617592,"moving",29,-14.69295,145.44156,"run_day_11652_liz21_del_07_29.json","07",11652
145.441804,-14.694033,4130,3.55,2021-11-26 07:44:00,0.0560377796081391,6231.11679285097,"moving",29,-14.69295,145.44156,"run_day_11652_liz21_del_07_29.json","07",11652
145.441947,-14.694498,4130,3.55,2021-11-26 07:56:00,0.0539448099579803,5998.38918613228,"moving",29,-14.69295,145.44156,"run_day_11652_liz21_del_07_29.json","07",11652
145.441593,-14.693585,4131,3.55,2021-11-26 08:02:00,0.0562318160705694,6252.69266305729,"moving",29,-14.69295,145.44156,"run_day_11652_liz21_del_07_29.json","07",11652
145.441718,-14.694093,4131,3.55,2021-11-26 08:14:00,0.0580650157107376,6456.53516257062,"moving",29,-14.69295,145.44156,"run_day_11652_liz21_del_07_29.json","07",11652
145.441874,-14.694572,4131,3.55,2021-11-26 08:26:00,0.0558427864237847,6209.43454002051,"moving",29,-14.69295,145.44156,"run_day_11652_liz21_del_07_29.json","07",11652
145.441684,-14.693629,4132,3.55,2021-11-26 07:42:00,0.05497073205662,6112.46651863356,"moving",29,-14.69295,145.44156,"run_day_11652_liz21_del_07_29.json","07",11652
145.441813,-14.69412,4132,3.55,2021-11-26 07:54:00,0.056332200113977,6263.85485940028,"moving",29,-14.69295,145.44156,"run_day_11652_liz21_del_07_29.json","07",11652
145.44196,-14.694581,4132,3.55,2021-11-26 08:06:00,0.0536438687822063,5964.92605416777,"moving",29,-14.69295,145.44156,"run_day_11652_liz21_del_07_29.json","07",11652
145.441665,-14.693609,4133,3.55,2021-11-26 07:40:00,0.0551431152559455,6131.63465583731,"moving",29,-14.69295,145.44156,"run_day_11652_liz21_del_07_29.json","07",11652
145.441796,-14.694109,4133,3.55,2021-11-26 07:52:00,0.0573551206244442,6377.59843052489,"moving",29,-14.69295,145.44156,"run_day_11652_liz21_del_07_29.json","07",11652
145.441947,-14.694579,4133,3.55,2021-11-26 08:04:00,0.0547270972380864,6085.37556285866,"moving",29,-14.69295,145.44156,"run_day_11652_liz21_del_07_29.json","07",11652
145.441603,-14.693343,4134,3.55,2021-11-26 08:02:00,0.0532480518098128,5920.91321495779,"moving",29,-14.69295,145.44156,"run_day_11652_liz21_del_07_29.json","07",11652
145.441703,-14.693834,4134,3.55,2021-11-26 08:14:00,0.0556461029782325,6187.56433872013,"moving",29,-14.69295,145.44156,"run_day_11652_liz21_del_07_29.json","07",11652
145.441833,-14.694305,4134,3.55,2021-11-26 08:26:00,0.0542072262576293,6027.56854732209,"moving",29,-14.69295,145.44156,"run_day_11652_liz21_del_07_29.json","07",11652
145.441684,-14.693282,4135,3.55,2021-11-26 07:50:00,0.0507958894779658,5648.24520434752,"moving",29,-14.69295,145.44156,"run_day_11652_liz21_del_07_29.json","07",11652
145.44177,-14.693749,4135,3.55,2021-11-26 08:02:00,0.0527454584394086,5865.02738200366,"moving",29,-14.69295,145.44156,"run_day_11652_liz21_del_07_29.json","07",11652
145.441882,-14.69418,4135,3.55,2021-11-26 08:14:00,0.049415843789004,5494.79112519727,"moving",29,-14.69295,145.44156,"run_day_11652_liz21_del_07_29.json","07",11652
145.442015,-14.694598,4135,3.55,2021-11-26 08:26:00,0.0486310729839468,5407.52859309615,"moving",29,-14.69295,145.44156,"run_day_11652_liz21_del_07_29.json","07",11652
145.441702,-14.69367,4136,3.55,2021-11-26 07:18:00,0.0562099001442495,6250.2557232378,"moving",29,-14.69295,145.44156,"run_day_11652_liz21_del_07_29.json","07",11652
145.441843,-14.694154,4136,3.55,2021-11-26 07:30:00,0.0559143373761648,6217.39064292175,"moving",29,-14.69295,145.44156,"run_day_11652_liz21_del_07_29.json","07",11652
145.441992,-14.694626,4136,3.55,2021-11-26 07:42:00,0.0548762989509161,6101.96603637199,"moving",29,-14.69295,145.44156,"run_day_11652_liz21_del_07_29.json","07",11652
145.44162,-14.693226,4137,3.55,2021-11-26 07:41:00,0.051462370091231,5722.35446724956,"moving",29,-14.69295,145.44156,"run_day_11652_liz21_del_07_29.json","07",11652
145.441716,-14.693716,4137,3.55,2021-11-26 07:53:00,0.0554552932641539,6166.34726656008,"moving",29,-14.69295,145.44156,"run_day_11652_liz21_del_07_29.json","07",11652
145.441841,-14.694188,4137,3.55,2021-11-26 08:05:00,0.0541787130277015,6024.39802081186,"moving",29,-14.69295,145.44156,"run_day_11652_liz21_del_07_29.json","07",11652
145.441986,-14.694632,4137,3.55,2021-11-26 08:17:00,0.0517753169883466,5757.15257451798,"moving",29,-14.69295,145.44156,"run_day_11652_liz21_del_07_29.json","07",11652
145.441646,-14.693315,4138,3.55,2021-11-26 07:33:00,0.0517889266582081,5758.66590075989,"moving",29,-14.69295,145.44156,"run_day_11652_liz21_del_07_29.json","07",11652
145.441749,-14.693804,4138,3.55,2021-11-26 07:45:00,0.0554914422798178,6170.3668537051,"moving",29,-14.69295,145.44156,"run_day_11652_liz21_del_07_29.json","07",11652
145.441881,-14.694269,4138,3.55,2021-11-26 07:57:00,0.053619469383466,5962.21296481466,"moving",29,-14.69295,145.44156,"run_day_11652_liz21_del_07_29.json","07",11652
145.441588,-14.69366,4139,3.55,2021-11-26 07:47:00,0.0575698969432291,6401.48046753717,"moving",29,-14.69295,145.44156,"run_day_11652_liz21_del_07_29.json","07",11652
145.441732,-14.694184,4139,3.55,2021-11-26 07:59:00,0.0602895800080363,6703.89542642485,"moving",29,-14.69295,145.44156,"run_day_11652_liz21_del_07_29.json","07",11652
145.4419,-14.694677,4139,3.55,2021-11-26 08:11:00,0.057720440927405,6418.22019481439,"moving",29,-14.69295,145.44156,"run_day_11652_liz21_del_07_29.json","07",11652
145.441657,-14.693662,4140,3.55,2021-11-26 07:19:00,0.0569335268881756,6330.7193459467,"moving",29,-14.69295,145.44156,"run_day_11652_liz21_del_07_29.json","07",11652
145.441805,-14.694167,4140,3.55,2021-11-26 07:31:00,0.0583661815670356,6490.02327786952,"moving",29,-14.69295,145.44156,"run_day_11652_liz21_del_07_29.json","07",11652
145.441963,-14.694652,4140,3.55,2021-11-26 07:43:00,0.0565437612557194,6287.37938503716,"moving",29,-14.69295,145.44156,"run_day_11652_liz21_del_07_29.json","07",11652
145.441635,-14.693524,4141,3.55,2021-11-26 07:16:00,0.05586397483389,6211.79058372788,"moving",29,-14.69295,145.44156,"run_day_11652_liz21_del_07_29.json","07",11652
145.441773,-14.69403,4141,3.55,2021-11-26 07:28:00,0.0581895612331138,6470.38399279515,"moving",29,-14.69295,145.44156,"run_day_11652_liz21_del_07_29.json","07",11652
145.441924,-14.694516,4141,3.55,2021-11-26 07:40:00,0.0564285375983427,6274.56709890745,"moving",29,-14.69295,145.44156,"run_day_11652_liz21_del_07_29.json","07",11652
145.441618,-14.693623,4142,3.55,2021-11-26 07:16:00,0.0574614435727438,6389.4210029617,"moving",29,-14.69295,145.44156,"run_day_11652_liz21_del_07_29.json","07",11652
145.44177,-14.69414,4142,3.55,2021-11-26 07:28:00,0.0597672961260034,6645.82010847457,"moving",29,-14.69295,145.44156,"run_day_11652_liz21_del_07_29.json","07",11652
145.441933,-14.694635,4142,3.55,2021-11-26 07:40:00,0.0577662103776308,6423.30952547481,"moving",29,-14.69295,145.44156,"run_day_11652_liz21_del_07_29.json","07",11652
145.441552,-14.693637,4143,3.55,2021-11-26 07:45:00,0.0580402116102578,6453.77707243728,"moving",29,-14.69295,145.44156,"run_day_11652_liz21_del_07_29.json","07",11652
145.441699,-14.694167,4143,3.55,2021-11-26 07:57:00,0.0610174151759925,6784.82700453507,"moving",29,-14.69295,145.44156,"run_day_11652_liz21_del_07_29.json","07",11652
145.441873,-14.694673,4143,3.55,2021-11-26 08:09:00,0.0592955620179061,6593.36566892895,"moving",29,-14.69295,145.44156,"run_day_11652_liz21_del_07_29.json","07",11652
145.44161,-14.693343,4144,3.55,2021-11-26 07:40:00,0.0532279048528753,5918.67297555902,"moving",29,-14.69295,145.44156,"run_day_11652_liz21_del_07_29.json","07",11652
145.441719,-14.693844,4144,3.55,2021-11-26 07:52:00,0.0569289353723065,6330.20879267645,"moving",29,-14.69295,145.44156,"run_day_11652_liz21_del_07_29.json","07",11652
145.441858,-14.694326,4144,3.55,2021-11-26 08:04:00,0.055642127951889,6187.12233595745,"moving",29,-14.69295,145.44156,"run_day_11652_liz21_del_07_29.json","07",11652
145.441683,-14.693344,4145,3.55,2021-11-26 07:57:00,0.0515417194329558,5731.17771148195,"moving",29,-14.69295,145.44156,"run_day_11652_liz21_del_07_29.json","07",11652
145.441772,-14.693812,4145,3.55,2021-11-26 08:09:00,0.0529123576931859,5883.58573228446,"moving",29,-14.69295,145.44156,"run_day_11652_liz21_del_07_29.json","07",11652
145.441888,-14.694243,4145,3.55,2021-11-26 08:21:00,0.0495224822699894,5506.64878326793,"moving",29,-14.69295,145.44156,"run_day_11652_liz21_del_07_29.json","07",11652
145.442025,-14.694661,4145,3.55,2021-11-26 08:33:00,0.0487593617925757,5421.79365776096,"moving",29,-14.69295,145.44156,"run_day_11652_liz21_del_07_29.json","07",11652
145.441685,-14.693603,4146,3.55,2021-11-26 07:53:00,0.0546505276475379,6076.86141285441,"moving",29,-14.69295,145.44156,"run_day_11652_liz21_del_07_29.json","07",11652
145.441804,-14.694088,4146,3.55,2021-11-26 08:05:00,0.0554276178358521,6163.26989934021,"moving",29,-14.69295,145.44156,"run_day_11652_liz21_del_07_29.json","07",11652
145.441945,-14.694536,4146,3.55,2021-11-26 08:17:00,0.0520726885758465,5790.2187863762,"moving",29,-14.69295,145.44156,"run_day_11652_liz21_del_07_29.json","07",11652
145.441631,-14.693572,4147,3.55,2021-11-26 08:06:00,0.0549707325947023,6112.46657846557,"moving",29,-14.69295,145.44156,"run_day_11652_liz21_del_07_29.json","07",11652
145.441747,-14.694067,4147,3.55,2021-11-26 08:18:00,0.0564378872368879,6275.60673127963,"moving",29,-14.69295,145.44156,"run_day_11652_liz21_del_07_29.json","07",11652
145.441892,-14.694528,4147,3.55,2021-11-26 08:30:00,0.0535808607191573,5957.91987721901,"moving",29,-14.69295,145.44156,"run_day_11652_liz21_del_07_29.json","07",11652
145.441548,-14.693261,4148,3.55,2021-11-26 07:15:00,0.0545124371267956,6061.50644753015,"moving",29,-14.69295,145.44156,"run_day_11652_liz21_del_07_29.json","07",11652
145.441668,-14.693763,4148,3.55,2021-11-26 07:27:00,0.0572926439768781,6370.65134428178,"moving",29,-14.69295,145.44156,"run_day_11652_liz21_del_07_29.json","07",11652
145.44182,-14.694272,4148,3.55,2021-11-26 07:39:00,0.0589121641346666,6550.73376942646,"moving",29,-14.69295,145.44156,"run_day_11652_liz21_del_07_29.json","07",11652
145.441687,-14.693629,4149,3.55,2021-11-26 07:37:00,0.0548826253253888,6102.66949711741,"moving",29,-14.69295,145.44156,"run_day_11652_liz21_del_07_29.json","07",11652
145.441818,-14.694118,4149,3.55,2021-11-26 07:49:00,0.05617026338196,6245.84831636258,"moving",29,-14.69295,145.44156,"run_day_11652_liz21_del_07_29.json","07",11652
145.441966,-14.694583,4149,3.55,2021-11-26 08:01:00,0.0541005993032495,6015.71217095149,"moving",29,-14.69295,145.44156,"run_day_11652_liz21_del_07_29.json","07",11652
145.441531,-14.6935,4150,3.55,2021-11-26 08:08:00,0.0564142138057806,6272.97436584422,"moving",29,-14.69295,145.44156,"run_day_11652_liz21_del_07_29.json","07",11652
145.441652,-14.694008,4150,3.55,2021-11-26 08:20:00,0.0579669086112274,6445.62615083727,"moving",29,-14.69295,145.44156,"run_day_11652_liz21_del_07_29.json","07",11652
145.441809,-14.694503,4150,3.55,2021-11-26 08:32:00,0.0575736349775478,6401.89611798903,"moving",29,-14.69295,145.44156,"run_day_11652_liz21_del_07_29.json","07",11652
145.441729,-14.693596,4151,3.55,2021-11-26 07:45:00,0.0534211534446448,5940.16123854499,"moving",29,-14.69295,145.44156,"run_day_11652_liz21_del_07_29.json","07",11652
145.441843,-14.694053,4151,3.55,2021-11-26 07:57:00,0.0522744882806749,5812.65788975149,"moving",29,-14.69295,145.44156,"run_day_11652_liz21_del_07_29.json","07",11652
145.441975,-14.69449,4151,3.55,2021-11-26 08:09:00,0.0506238482018352,5629.11508726834,"moving",29,-14.69295,145.44156,"run_day_11652_liz21_del_07_29.json","07",11652
145.441775,-14.693451,4152,3.55,2021-11-26 07:37:00,0.0479596235336253,5332.86682072212,"moving",29,-14.69295,145.44156,"run_day_11652_liz21_del_07_29.json","07",11652
145.441866,-14.693858,4152,3.55,2021-11-26 07:49:00,0.0463026690985143,5148.62189385657,"moving",29,-14.69295,145.44156,"run_day_11652_liz21_del_07_29.json","07",11652
145.441978,-14.694258,4152,3.55,2021-11-26 08:01:00,0.0460804563690412,5123.91296570333,"moving",29,-14.69295,145.44156,"run_day_11652_liz21_del_07_29.json","07",11652
145.442106,-14.694662,4152,3.55,2021-11-26 08:13:00,0.0469850555481956,5224.49980507212,"moving",29,-14.69295,145.44156,"run_day_11652_liz21_del_07_29.json","07",11652
145.441736,-14.693553,4153,3.55,2021-11-26 08:09:00,0.0515963094518779,5737.24784463152,"moving",29,-14.69295,145.44156,"run_day_11652_liz21_del_07_29.json","07",11652
145.441831,-14.693985,4153,3.55,2021-11-26 08:21:00,0.0491109528229824,5460.88879659592,"moving",29,-14.69295,145.44156,"run_day_11652_liz21_del_07_29.json","07",11652
145.44195,-14.694395,4153,3.55,2021-11-26 08:33:00,0.0473525699271002,5265.36553947524,"moving",29,-14.69295,145.44156,"run_day_11652_liz21_del_07_29.json","07",11652
145.441728,-14.693338,4154,3.55,2021-11-26 07:19:00,0.0508855229510503,5658.21199181205,"moving",29,-14.69295,145.44156,"run_day_11652_liz21_del_07_29.json","07",11652
145.441821,-14.693772,4154,3.55,2021-11-26 07:31:00,0.0492843890490099,5480.17402502655,"moving",29,-14.69295,145.44156,"run_day_11652_liz21_del_07_29.json","07",11652
145.441943,-14.694197,4154,3.55,2021-11-26 07:43:00,0.0490458297277968,5453.64743880388,"moving",29,-14.69295,145.44156,"run_day_11652_liz21_del_07_29.json","07",11652
145.442075,-14.694628,4154,3.55,2021-11-26 07:55:00,0.0499838014871082,5557.94513977518,"moving",29,-14.69295,145.44156,"run_day_11652_liz21_del_07_29.json","07",11652
145.441741,-14.693442,4155,3.55,2021-11-26 07:46:00,0.0507721753137374,5645.60830959571,"moving",29,-14.69295,145.44156,"run_day_11652_liz21_del_07_29.json","07",11652
145.441833,-14.693876,4155,3.55,2021-11-26 07:58:00,0.0492626702423579,5477.75900391407,"moving",29,-14.69295,145.44156,"run_day_11652_liz21_del_07_29.json","07",11652
145.441949,-14.694289,4155,3.55,2021-11-26 08:10:00,0.0475882080793565,5291.56730653004,"moving",29,-14.69295,145.44156,"run_day_11652_liz21_del_07_29.json","07",11652
145.441519,-14.693255,4156,3.55,2021-11-26 07:13:00,0.0553125973944949,6150.48020980087,"moving",29,-14.69295,145.44156,"run_day_11652_liz21_del_07_29.json","07",11652
145.441643,-14.693762,4156,3.55,2021-11-26 07:25:00,0.0579319961940118,6441.744067166,"moving",29,-14.69295,145.44156,"run_day_11652_liz21_del_07_29.json","07",11652
145.4418,-14.694279,4156,3.55,2021-11-26 07:37:00,0.059916634534172,6662.42578181609,"moving",29,-14.69295,145.44156,"run_day_11652_liz21_del_07_29.json","07",11652
145.441666,-14.693416,4157,3.55,2021-11-26 07:12:00,0.0541410509687492,6020.21019092938,"moving",29,-14.69295,145.44156,"run_day_11652_liz21_del_07_29.json","07",11652
145.441786,-14.693905,4157,3.55,2021-11-26 07:24:00,0.0558852162895301,6214.1525258296,"moving",29,-14.69295,145.44156,"run_day_11652_liz21_del_07_29.json","07",11652
145.441925,-14.694372,4157,3.55,2021-11-26 07:36:00,0.0540373973866638,6008.68443847295,"moving",29,-14.69295,145.44156,"run_day_11652_liz21_del_07_29.json","07",11652
145.441651,-14.693689,4158,3.55,2021-11-26 07:22:00,0.0570887448233708,6347.97879286465,"moving",29,-14.69295,145.44156,"run_day_11652_liz21_del_07_29.json","07",11652
145.441802,-14.694198,4158,3.55,2021-11-26 07:34:00,0.0588824075986313,6547.42499358482,"moving",29,-14.69295,145.44156,"run_day_11652_liz21_del_07_29.json","07",11652
145.441964,-14.694685,4158,3.55,2021-11-26 07:46:00,0.0568862113461144,6325.45809771805,"moving",29,-14.69295,145.44156,"run_day_11652_liz21_del_07_29.json","07",11652
145.441546,-14.693635,4159,3.55,2021-11-26 07:24:00,0.0583518093120298,6488.42515602843,"moving",29,-14.69295,145.44156,"run_day_11652_liz21_del_07_29.json","07",11652
145.441704,-14.694167,4159,3.55,2021-11-26 07:36:00,0.0615483551098667,6843.86483153488,"moving",29,-14.69295,145.44156,"run_day_11652_liz21_del_07_29.json","07",11652
145.441883,-14.694684,4159,3.55,2021-11-26 07:48:00,0.0606260509870639,6741.30929225585,"moving",29,-14.69295,145.44156,"run_day_11652_liz21_del_07_29.json","07",11652
145.441595,-14.693476,4160,3.55,2021-11-26 07:20:00,0.0557634705912233,6200.61502183708,"moving",29,-14.69295,145.44156,"run_day_11652_liz21_del_07_29.json","07",11652
145.441732,-14.693989,4160,3.55,2021-11-26 07:32:00,0.0589155186840283,6551.10677829666,"moving",29,-14.69295,145.44156,"run_day_11652_liz21_del_07_29.json","07",11652
145.441887,-14.694487,4160,3.55,2021-11-26 07:44:00,0.0578302505398766,6430.43046661803,"moving",29,-14.69295,145.44156,"run_day_11652_liz21_del_07_29.json","07",11652
145.441551,-14.693274,4161,3.55,2021-11-26 08:00:00,0.0538627369129277,5989.26307990816,"moving",29,-14.69295,145.44156,"run_day_11652_liz21_del_07_29.json","07",11652
145.441655,-14.693769,4161,3.55,2021-11-26 08:12:00,0.0561666613871635,6245.44779281541,"moving",29,-14.69295,145.44156,"run_day_11652_liz21_del_07_29.json","07",11652
145.441786,-14.69426,4161,3.55,2021-11-26 08:24:00,0.0563855680393425,6269.78910194646,"moving",29,-14.69295,145.44156,"run_day_11652_liz21_del_07_29.json","07",11652
145.441943,-14.694717,4161,3.55,2021-11-26 08:36:00,0.0535484032990076,5954.3107767664,"moving",29,-14.69295,145.44156,"run_day_11652_liz21_del_07_29.json","07",11652
145.441595,-14.693338,4162,3.55,2021-11-26 08:00:00,0.0535095669559713,5949.99237245134,"moving",29,-14.69295,145.44156,"run_day_11652_liz21_del_07_29.json","07",11652
145.441696,-14.693832,4162,3.55,2021-11-26 08:12:00,0.055994201961042,6226.27117957867,"moving",29,-14.69295,145.44156,"run_day_11652_liz21_del_07_29.json","07",11652
145.441828,-14.694307,4162,3.55,2021-11-26 08:24:00,0.0546925220306327,6081.53097520212,"moving",29,-14.69295,145.44156,"run_day_11652_liz21_del_07_29.json","07",11652
145.441547,-14.693428,4163,3.55,2021-11-26 07:49:00,0.0557634711946247,6200.61508893226,"moving",29,-14.69295,145.44156,"run_day_11652_liz21_del_07_29.json","07",11652
145.441669,-14.693944,4163,3.55,2021-11-26 08:01:00,0.0588579838274121,6544.70919413571,"moving",29,-14.69295,145.44156,"run_day_11652_liz21_del_07_29.json","07",11652
145.441823,-14.694446,4163,3.55,2021-11-26 08:13:00,0.0582255999532208,6474.39131563381,"moving",29,-14.69295,145.44156,"run_day_11652_liz21_del_07_29.json","07",11652
145.441576,-14.693295,4164,3.55,2021-11-26 07:53:00,0.0534679647439574,5945.3664175382,"moving",29,-14.69295,145.44156,"run_day_11652_liz21_del_07_29.json","07",11652
145.44168,-14.693794,4164,3.55,2021-11-26 08:05:00,0.0566026000145666,6293.92195651103,"moving",29,-14.69295,145.44156,"run_day_11652_liz21_del_07_29.json","07",11652
145.441813,-14.69428,4164,3.55,2021-11-26 08:17:00,0.0559020651538131,6216.02603405759,"moving",29,-14.69295,145.44156,"run_day_11652_liz21_del_07_29.json","07",11652
145.441738,-14.693178,4165,3.55,2021-11-26 08:01:00,0.0474492997552051,5276.12140561571,"moving",29,-14.69295,145.44156,"run_day_11652_liz21_del_07_29.json","07",11652
145.441804,-14.693579,4165,3.55,2021-11-26 08:13:00,0.0451507202636589,5020.53102766654,"moving",29,-14.69295,145.44156,"run_day_11652_liz21_del_07_29.json","07",11652
145.441888,-14.693958,4165,3.55,2021-11-26 08:25:00,0.04310048165807,4792.55489631424,"moving",29,-14.69295,145.44156,"run_day_11652_liz21_del_07_29.json","07",11652
145.441993,-14.694331,4165,3.55,2021-11-26 08:37:00,0.0429858099230962,4779.80398115563,"moving",29,-14.69295,145.44156,"run_day_11652_liz21_del_07_29.json","07",11652
145.441561,-14.693236,4166,3.55,2021-11-26 07:53:00,0.0531649158164222,5911.66891427121,"moving",29,-14.69295,145.44156,"run_day_11652_liz21_del_07_29.json","07",11652
145.441663,-14.693732,4166,3.55,2021-11-26 08:05:00,0.0562332692552285,6252.85424981885,"moving",29,-14.69295,145.44156,"run_day_11652_liz21_del_07_29.json","07",11652
145.441792,-14.694222,4166,3.55,2021-11-26 08:17:00,0.0562244359620653,6251.87203243354,"moving",29,-14.69295,145.44156,"run_day_11652_liz21_del_07_29.json","07",11652
145.441946,-14.694678,4166,3.55,2021-11-26 08:29:00,0.0533418162513087,5931.3393451518,"moving",29,-14.69295,145.44156,"run_day_11652_liz21_del_07_29.json","07",11652
145.441604,-14.693174,4167,3.55,2021-11-26 07:43:00,0.0511359038872134,5686.0530816419,"moving",29,-14.69295,145.44156,"run_day_11652_liz21_del_07_29.json","07",11652
145.441699,-14.693661,4167,3.55,2021-11-26 07:55:00,0.0551075326838193,6127.67805433991,"moving",29,-14.69295,145.44156,"run_day_11652_liz21_del_07_29.json","07",11652
145.44182,-14.694139,4167,3.55,2021-11-26 08:07:00,0.0547213480019307,6084.73627696606,"moving",29,-14.69295,145.44156,"run_day_11652_liz21_del_07_29.json","07",11652
145.441962,-14.694585,4167,3.55,2021-11-26 08:19:00,0.0518915344940224,5770.07537153641,"moving",29,-14.69295,145.44156,"run_day_11652_liz21_del_07_29.json","07",11652
145.441758,-14.693488,4168,3.55,2021-11-26 08:02:00,0.0497713952691275,5534.32664594797,"moving",29,-14.69295,145.44156,"run_day_11652_liz21_del_07_29.json","07",11652
145.441845,-14.693901,4168,3.55,2021-11-26 08:14:00,0.0468671799479575,5211.39263635046,"moving",29,-14.69295,145.44156,"run_day_11652_liz21_del_07_29.json","07",11652
145.441954,-14.694295,4168,3.55,2021-11-26 08:26:00,0.0453523399268552,5042.95011132575,"moving",29,-14.69295,145.44156,"run_day_11652_liz21_del_07_29.json","07",11652
145.441753,-14.693631,4169,3.55,2021-11-26 07:25:00,0.0529516999636173,5887.96039315911,"moving",29,-14.69295,145.44156,"run_day_11652_liz21_del_07_29.json","07",11652
145.441878,-14.694079,4169,3.55,2021-11-26 07:37:00,0.0515977625798752,5737.40942509258,"moving",29,-14.69295,145.44156,"run_day_11652_liz21_del_07_29.json","07",11652
145.442011,-14.694527,4169,3.55,2021-11-26 07:49:00,0.0518286237415232,5763.08001502711,"moving",29,-14.69295,145.44156,"run_day_11652_liz21_del_07_29.json","07",11652
145.441486,-14.693336,4170,3.55,2021-11-26 07:24:00,0.0561433917311625,6242.86032512334,"moving",29,-14.69295,145.44156,"run_day_11652_liz21_del_07_29.json","07",11652
145.44162,-14.693854,4170,3.55,2021-11-26 07:36:00,0.05937483639021,6602.18057694207,"moving",29,-14.69295,145.44156,"run_day_11652_liz21_del_07_29.json","07",11652
145.441784,-14.694382,4170,3.55,2021-11-26 07:48:00,0.0613035529372085,6816.64407190372,"moving",29,-14.69295,145.44156,"run_day_11652_liz21_del_07_29.json","07",11652
145.441589,-14.69351,4171,3.55,2021-11-26 07:47:00,0.0557553074765967,6199.70732490499,"moving",29,-14.69295,145.44156,"run_day_11652_liz21_del_07_29.json","07",11652
145.441716,-14.694026,4171,3.55,2021-11-26 07:59:00,0.0589802109312197,6558.30022797758,"moving",29,-14.69295,145.44156,"run_day_11652_liz21_del_07_29.json","07",11652
145.44187,-14.694515,4171,3.55,2021-11-26 08:11:00,0.0568412778924562,6320.46172563464,"moving",29,-14.69295,145.44156,"run_day_11652_liz21_del_07_29.json","07",11652
145.441598,-14.693572,4172,3.55,2021-11-26 07:17:00,0.0570759955057088,6346.56113342246,"moving",29,-14.69295,145.44156,"run_day_11652_liz21_del_07_29.json","07",11652
145.441746,-14.694091,4172,3.55,2021-11-26 07:29:00,0.0598653999897804,6656.72876041079,"moving",29,-14.69295,145.44156,"run_day_11652_liz21_del_07_29.json","07",11652
145.441908,-14.694591,4172,3.55,2021-11-26 07:41:00,0.0582639494388054,6478.65558387025,"moving",29,-14.69295,145.44156,"run_day_11652_liz21_del_07_29.json","07",11652
145.4416,-14.693268,4173,3.55,2021-11-26 07:59:00,0.05257291756253,5845.84171185595,"moving",29,-14.69295,145.44156,"run_day_11652_liz21_del_07_29.json","07",11652
145.441696,-14.693755,4173,3.55,2021-11-26 08:11:00,0.0551275767093627,6129.90684828987,"moving",29,-14.69295,145.44156,"run_day_11652_liz21_del_07_29.json","07",11652
145.441819,-14.694227,4173,3.55,2021-11-26 08:23:00,0.0541257311264613,6018.50670218997,"moving",29,-14.69295,145.44156,"run_day_11652_liz21_del_07_29.json","07",11652
145.441966,-14.694668,4173,3.55,2021-11-26 08:35:00,0.0515229293876359,5729.08835377096,"moving",29,-14.69295,145.44156,"run_day_11652_liz21_del_07_29.json","07",11652
145.441646,-14.693579,4174,3.55,2021-11-26 07:43:00,0.0552952080348357,6148.54660122917,"moving",29,-14.69295,145.44156,"run_day_11652_liz21_del_07_29.json","07",11652
145.441775,-14.694084,4174,3.55,2021-11-26 07:55:00,0.0578422406900724,6431.76371048951,"moving",29,-14.69295,145.44156,"run_day_11652_liz21_del_07_29.json","07",11652
145.441926,-14.694557,4174,3.55,2021-11-26 08:07:00,0.0550457434019774,6120.80739967808,"moving",29,-14.69295,145.44156,"run_day_11652_liz21_del_07_29.json","07",11652
145.441687,-14.693554,4175,3.55,2021-11-26 07:23:00,0.0543163536942417,6039.70296463112,"moving",29,-14.69295,145.44156,"run_day_11652_liz21_del_07_29.json","07",11652
145.441817,-14.694039,4175,3.55,2021-11-26 07:35:00,0.0557127257902719,6194.9724574177,"moving",29,-14.69295,145.44156,"run_day_11652_liz21_del_07_29.json","07",11652
145.441959,-14.694506,4175,3.55,2021-11-26 07:47:00,0.0541275576005259,6018.70979683961,"moving",29,-14.69295,145.44156,"run_day_11652_liz21_del_07_29.json","07",11652
145.441638,-14.693674,4176,3.55,2021-11-26 07:36:00,0.0564760207699257,6279.84698668846,"moving",29,-14.69295,145.44156,"run_day_11652_liz21_del_07_29.json","07",11652
145.441783,-14.694188,4176,3.55,2021-11-26 07:48:00,0.059243862627494,6587.61695900451,"moving",29,-14.69295,145.44156,"run_day_11652_liz21_del_07_29.json","07",11652
145.441946,-14.694673,4176,3.55,2021-11-26 08:00:00,0.0567077127526627,6305.60995971303,"moving",29,-14.69295,145.44156,"run_day_11652_liz21_del_07_29.json","07",11652
145.441621,-14.693578,4177,3.55,2021-11-26 07:45:00,0.0557965258702442,6204.29060116302,"moving",29,-14.69295,145.44156,"run_day_11652_liz21_del_07_29.json","07",11652
145.441752,-14.694092,4177,3.55,2021-11-26 07:57:00,0.0588653860474664,6545.53228345166,"moving",29,-14.69295,145.44156,"run_day_11652_liz21_del_07_29.json","07",11652
145.441907,-14.694572,4177,3.55,2021-11-26 08:09:00,0.0559166906646872,6217.65231666637,"moving",29,-14.69295,145.44156,"run_day_11652_liz21_del_07_29.json","07",11652
145.441528,-14.693601,4178,3.55,2021-11-26 07:18:00,0.058969855120422,6557.14871435558,"moving",29,-14.69295,145.44156,"run_day_11652_liz21_del_07_29.json","07",11652
145.441688,-14.694132,4178,3.55,2021-11-26 07:30:00,0.0615013381307316,6838.63678198891,"moving",29,-14.69295,145.44156,"run_day_11652_liz21_del_07_29.json","07",11652
145.441866,-14.694654,4178,3.55,2021-11-26 07:42:00,0.0611197245703178,6796.20329013213,"moving",29,-14.69295,145.44156,"run_day_11652_liz21_del_07_29.json","07",11652
145.44162,-14.693392,4179,3.55,2021-11-26 07:41:00,0.0535317224890685,5952.45595532885,"moving",29,-14.69295,145.44156,"run_day_11652_liz21_del_07_29.json","07",11652
145.441732,-14.693895,4179,3.55,2021-11-26 07:53:00,0.0572136459052103,6361.86715949762,"moving",29,-14.69295,145.44156,"run_day_11652_liz21_del_07_29.json","07",11652
145.441873,-14.694373,4179,3.55,2021-11-26 08:05:00,0.0552724691826867,6146.01815623248,"moving",29,-14.69295,145.44156,"run_day_11652_liz21_del_07_29.json","07",11652
145.441682,-14.693437,4180,3.55,2021-11-26 07:43:00,0.0526440128585563,5853.74714808237,"moving",29,-14.69295,145.44156,"run_day_11652_liz21_del_07_29.json","07",11652
145.441788,-14.693918,4180,3.55,2021-11-26 07:55:00,0.0546864390474029,6080.8545783281,"moving",29,-14.69295,145.44156,"run_day_11652_liz21_del_07_29.json","07",11652
145.441918,-14.694367,4180,3.55,2021-11-26 08:07:00,0.051847560972336,5765.18573901818,"moving",29,-14.69295,145.44156,"run_day_11652_liz21_del_07_29.json","07",11652
145.441627,-14.693179,4181,3.55,2021-11-26 07:49:00,0.0507220208189005,5640.03138422142,"moving",29,-14.69295,145.44156,"run_day_11652_liz21_del_07_29.json","07",11652
145.441716,-14.693662,4181,3.55,2021-11-26 08:01:00,0.0545535941563494,6066.0829004123,"moving",29,-14.69295,145.44156,"run_day_11652_liz21_del_07_29.json","07",11652
145.44183,-14.694123,4181,3.55,2021-11-26 08:13:00,0.0527069614378801,5860.74671074267,"moving",29,-14.69295,145.44156,"run_day_11652_liz21_del_07_29.json","07",11652
145.441966,-14.694557,4181,3.55,2021-11-26 08:25:00,0.0504268541321566,5607.21034614102,"moving",29,-14.69295,145.44156,"run_day_11652_liz21_del_07_29.json","07",11652
145.441717,-14.693246,4182,3.55,2021-11-26 07:59:00,0.0494390570128672,5497.37231792193,"moving",29,-14.69295,145.44156,"run_day_11652_liz21_del_07_29.json","07",11652
145.441791,-14.693677,4182,3.55,2021-11-26 08:11:00,0.0485814554085179,5402.01137043605,"moving",29,-14.69295,145.44156,"run_day_11652_liz21_del_07_29.json","07",11652
145.441888,-14.694078,4182,3.55,2021-11-26 08:23:00,0.0457934970838172,5092.00454903287,"moving",29,-14.69295,145.44156,"run_day_11652_liz21_del_07_29.json","07",11652
145.442005,-14.694473,4182,3.55,2021-11-26 08:35:00,0.0456892354990103,5080.41118975841,"moving",29,-14.69295,145.44156,"run_day_11652_liz21_del_07_29.json","07",11652
145.441648,-14.693584,4183,3.55,2021-11-26 07:27:00,0.0553838460457881,6158.40269835494,"moving",29,-14.69295,145.44156,"run_day_11652_liz21_del_07_29.json","07",11652
145.441787,-14.694089,4183,3.55,2021-11-26 07:39:00,0.0581096304558198,6461.4960958773,"moving",29,-14.69295,145.44156,"run_day_11652_liz21_del_07_29.json","07",11652
145.44194,-14.69457,4183,3.55,2021-11-26 07:51:00,0.0559591999891402,6222.37913788064,"moving",29,-14.69295,145.44156,"run_day_11652_liz21_del_07_29.json","07",11652
145.441525,-14.693606,4184,3.55,2021-11-26 07:20:00,0.0588620901278024,6545.16579390639,"moving",29,-14.69295,145.44156,"run_day_11652_liz21_del_07_29.json","07",11652
145.441685,-14.694138,4184,3.55,2021-11-26 07:32:00,0.0616080988206902,6850.50802907737,"moving",29,-14.69295,145.44156,"run_day_11652_liz21_del_07_29.json","07",11652
145.441864,-14.694661,4184,3.55,2021-11-26 07:44:00,0.0612590519970295,6811.6957931249,"moving",29,-14.69295,145.44156,"run_day_11652_liz21_del_07_29.json","07",11652
145.441593,-14.693613,4185,3.55,2021-11-26 07:55:00,0.0568875859604393,6325.61094785708,"moving",29,-14.69295,145.44156,"run_day_11652_liz21_del_07_29.json","07",11652
145.441725,-14.694129,4185,3.55,2021-11-26 08:07:00,0.0591070780998094,6572.40721348251,"moving",29,-14.69295,145.44156,"run_day_11652_liz21_del_07_29.json","07",11652
145.441885,-14.694612,4185,3.55,2021-11-26 08:19:00,0.0563969630920555,6271.056173997,"moving",29,-14.69295,145.44156,"run_day_11652_liz21_del_07_29.json","07",11652
145.441547,-14.693623,4186,3.55,2021-11-26 07:34:00,0.0578165411380159,6428.90605068379,"moving",29,-14.69295,145.44156,"run_day_11652_liz21_del_07_29.json","07",11652
145.441699,-14.694155,4186,3.55,2021-11-26 07:46:00,0.0613733013014335,6824.3997361473,"moving",29,-14.69295,145.44156,"run_day_11652_liz21_del_07_29.json","07",11652
145.441876,-14.69467,4186,3.55,2021-11-26 07:58:00,0.0603470067961121,6710.28099391237,"moving",29,-14.69295,145.44156,"run_day_11652_liz21_del_07_29.json","07",11652
145.441559,-14.693232,4187,3.55,2021-11-26 07:21:00,0.0534642884002754,5944.95762677215,"moving",29,-14.69295,145.44156,"run_day_11652_liz21_del_07_29.json","07",11652
145.441672,-14.693728,4187,3.55,2021-11-26 07:33:00,0.0564760201234919,6279.8469148083,"moving",29,-14.69295,145.44156,"run_day_11652_liz21_del_07_29.json","07",11652
145.441818,-14.694233,4187,3.55,2021-11-26 07:45:00,0.0583078773334199,6483.54014288955,"moving",29,-14.69295,145.44156,"run_day_11652_liz21_del_07_29.json","07",11652
145.441688,-14.693478,4188,3.55,2021-11-26 07:53:00,0.0531310956641621,5907.90828492154,"moving",29,-14.69295,145.44156,"run_day_11652_liz21_del_07_29.json","07",11652
145.441792,-14.693954,4188,3.55,2021-11-26 08:05:00,0.0540979153188446,6015.41372550247,"moving",29,-14.69295,145.44156,"run_day_11652_liz21_del_07_29.json","07",11652
145.44192,-14.694393,4188,3.55,2021-11-26 08:17:00,0.0507188816822038,5639.6823281467,"moving",29,-14.69295,145.44156,"run_day_11652_liz21_del_07_29.json","07",11652
145.441687,-14.693666,4189,3.55,2021-11-26 07:25:00,0.0556877257767373,6192.1925827466,"moving",29,-14.69295,145.44156,"run_day_11652_liz21_del_07_29.json","07",11652
145.441828,-14.694159,4189,3.55,2021-11-26 07:37:00,0.056878225323526,6324.57009252216,"moving",29,-14.69295,145.44156,"run_day_11652_liz21_del_07_29.json","07",11652
145.44198,-14.694633,4189,3.55,2021-11-26 07:49:00,0.0551837658422129,6136.15479479537,"moving",29,-14.69295,145.44156,"run_day_11652_liz21_del_07_29.json","07",11652
145.441676,-14.693591,4190,3.55,2021-11-26 07:40:00,0.0547525717547999,6088.20819987591,"moving",29,-14.69295,145.44156,"run_day_11652_liz21_del_07_29.json","07",11652
145.441803,-14.694084,4190,3.55,2021-11-26 07:52:00,0.0564953677820543,6281.99827628289,"moving",29,-14.69295,145.44156,"run_day_11652_liz21_del_07_29.json","07",11652
145.441949,-14.694548,4190,3.55,2021-11-26 08:04:00,0.0539313087343498,5996.88791856107,"moving",29,-14.69295,145.44156,"run_day_11652_liz21_del_07_29.json","07",11652
145.44152,-14.693412,4191,3.55,2021-11-26 07:54:00,0.0563180714417621,6262.28382272976,"moving",29,-14.69295,145.44156,"run_day_11652_liz21_del_07_29.json","07",11652
145.441642,-14.693928,4191,3.55,2021-11-26 08:06:00,0.0588579840423224,6544.70921803265,"moving",29,-14.69295,145.44156,"run_day_11652_liz21_del_07_29.json","07",11652
145.441796,-14.694434,4191,3.55,2021-11-26 08:18:00,0.0586521391758284,6521.82031320269,"moving",29,-14.69295,145.44156,"run_day_11652_liz21_del_07_29.json","07",11652
145.441769,-14.693583,4192,3.55,2021-11-26 07:22:00,0.0511942663214303,5692.54268823345,"moving",29,-14.69295,145.44156,"run_day_11652_liz21_del_07_29.json","07",11652
145.441886,-14.694014,4192,3.55,2021-11-26 07:34:00,0.0495496932892869,5509.67451056264,"moving",29,-14.69295,145.44156,"run_day_11652_liz21_del_07_29.json","07",11652
145.442012,-14.69445,4192,3.55,2021-11-26 07:46:00,0.0503395631302247,5597.50402958447,"moving",29,-14.69295,145.44156,"run_day_11652_liz21_del_07_29.json","07",11652
145.441468,-14.69342,4193,3.55,2021-11-26 07:42:00,0.0574893938100965,6392.52892755383,"moving",29,-14.69295,145.44156,"run_day_11652_liz21_del_07_29.json","07",11652
145.441605,-14.693949,4193,3.55,2021-11-26 07:54:00,0.0606397249512213,6742.82976769727,"moving",29,-14.69295,145.44156,"run_day_11652_liz21_del_07_29.json","07",11652
145.441773,-14.694477,4193,3.55,2021-11-26 08:06:00,0.0614287280507233,6830.56290946872,"moving",29,-14.69295,145.44156,"run_day_11652_liz21_del_07_29.json","07",11652
145.441669,-14.693421,4194,3.55,2021-11-26 07:38:00,0.0527056186081551,5860.5973948899,"moving",29,-14.69295,145.44156,"run_day_11652_liz21_del_07_29.json","07",11652
145.441778,-14.693908,4194,3.55,2021-11-26 07:50:00,0.0554065017277007,6160.9218952433,"moving",29,-14.69295,145.44156,"run_day_11652_liz21_del_07_29.json","07",11652
145.441912,-14.694365,4194,3.55,2021-11-26 08:02:00,0.05282047640523,5873.3689992102,"moving",29,-14.69295,145.44156,"run_day_11652_liz21_del_07_29.json","07",11652
145.441536,-14.693258,4195,3.55,2021-11-26 08:03:00,0.0540180292182184,6006.53079640342,"moving",29,-14.69295,145.44156,"run_day_11652_liz21_del_07_29.json","07",11652
145.441639,-14.693751,4195,3.55,2021-11-26 08:15:00,0.0559273389720291,6218.83635442014,"moving",29,-14.69295,145.44156,"run_day_11652_liz21_del_07_29.json","07",11652
145.44177,-14.694245,4195,3.55,2021-11-26 08:27:00,0.0567086312136013,6305.71208790973,"moving",29,-14.69295,145.44156,"run_day_11652_liz21_del_07_29.json","07",11652
145.441928,-14.694705,4195,3.55,2021-11-26 08:39:00,0.0538988858846862,5993.28266217112,"moving",29,-14.69295,145.44156,"run_day_11652_liz21_del_07_29.json","07",11652
145.441629,-14.693283,4196,3.55,2021-11-26 07:26:00,0.052095585385874,5792.76479548761,"moving",29,-14.69295,145.44156,"run_day_11652_liz21_del_07_29.json","07",11652
145.441734,-14.693773,4196,3.55,2021-11-26 07:38:00,0.0556436653388529,6187.29328558813,"moving",29,-14.69295,145.44156,"run_day_11652_liz21_del_07_29.json","07",11652
145.44187,-14.694247,4196,3.55,2021-11-26 07:50:00,0.0546986294654301,6082.2100909664,"moving",29,-14.69295,145.44156,"run_day_11652_liz21_del_07_29.json","07",11652
145.441493,-14.693314,4197,3.55,2021-11-26 08:05:00,0.0555111331634085,6172.55638006155,"moving",29,-14.69295,145.44156,"run_day_11652_liz21_del_07_29.json","07",11652
145.441606,-14.693817,4197,3.55,2021-11-26 08:17:00,0.0572363902177392,6364.39621166085,"moving",29,-14.69295,145.44156,"run_day_11652_liz21_del_07_29.json","07",11652
145.441748,-14.694322,4197,3.55,2021-11-26 08:29:00,0.0581934802409242,6470.81976658115,"moving",29,-14.69295,145.44156,"run_day_11652_liz21_del_07_29.json","07",11652
145.441631,-14.69354,4198,3.55,2021-11-26 07:55:00,0.0550128077209534,6117.14511904262,"moving",29,-14.69295,145.44156,"run_day_11652_liz21_del_07_29.json","07",11652
145.441751,-14.694044,4198,3.55,2021-11-26 08:07:00,0.0575093350867409,6394.74629634751,"moving",29,-14.69295,145.44156,"run_day_11652_liz21_del_07_29.json","07",11652
145.441896,-14.69451,4198,3.55,2021-11-26 08:19:00,0.0541130045906694,6017.09157597615,"moving",29,-14.69295,145.44156,"run_day_11652_liz21_del_07_29.json","07",11652
145.441627,-14.6932,4199,3.55,2021-11-26 07:44:00,0.0510703657585409,5678.76557423174,"moving",29,-14.69295,145.44156,"run_day_11652_liz21_del_07_29.json","07",11652
145.441719,-14.693685,4199,3.55,2021-11-26 07:56:00,0.0548298622930035,6096.80251560178,"moving",29,-14.69295,145.44156,"run_day_11652_liz21_del_07_29.json","07",11652
145.441838,-14.69415,4199,3.55,2021-11-26 08:08:00,0.0532663006830416,5922.94239707782,"moving",29,-14.69295,145.44156,"run_day_11652_liz21_del_07_29.json","07",11652
145.441978,-14.694589,4199,3.55,2021-11-26 08:20:00,0.0510843387003895,5680.3192944756,"moving",29,-14.69295,145.44156,"run_day_11652_liz21_del_07_29.json","07",11652
145.441699,-14.693471,4200,3.55,2021-11-26 08:06:00,0.0522700196392335,5812.16099949421,"moving",29,-14.69295,145.44156,"run_day_11652_liz21_del_07_29.json","07",11652
145.441793,-14.693929,4200,3.55,2021-11-26 08:18:00,0.0519211847164997,5773.37232584977,"moving",29,-14.69295,145.44156,"run_day_11652_liz21_del_07_29.json","07",11652
145.441915,-14.694355,4200,3.55,2021-11-26 08:30:00,0.0491529774752343,5465.56172472032,"moving",29,-14.69295,145.44156,"run_day_11652_liz21_del_07_29.json","07",11652
145.44167,-14.693622,4201,3.55,2021-11-26 07:43:00,0.0552308351176673,6141.38865942673,"moving",29,-14.69295,145.44156,"run_day_11652_liz21_del_07_29.json","07",11652
145.4418,-14.69412,4201,3.55,2021-11-26 07:55:00,0.0571131440310548,6350.69186097326,"moving",29,-14.69295,145.44156,"run_day_11652_liz21_del_07_29.json","07",11652
145.44195,-14.694586,4201,3.55,2021-11-26 08:07:00,0.0542704429550386,6034.59792335323,"moving",29,-14.69295,145.44156,"run_day_11652_liz21_del_07_29.json","07",11652
145.441557,-14.693429,4202,3.55,2021-11-26 07:44:00,0.0554382458628213,6164.45168201943,"moving",29,-14.69295,145.44156,"run_day_11652_liz21_del_07_29.json","07",11652
145.441681,-14.693945,4202,3.55,2021-11-26 07:56:00,0.0589063163872664,6550.08352958325,"moving",29,-14.69295,145.44156,"run_day_11652_liz21_del_07_29.json","07",11652
145.441835,-14.694448,4202,3.55,2021-11-26 08:08:00,0.0583322091080742,6486.24571278737,"moving",29,-14.69295,145.44156,"run_day_11652_liz21_del_07_29.json","07",11652
145.44175,-14.693352,4203,3.55,2021-11-26 08:07:00,0.0484542227541954,5387.86374477186,"moving",29,-14.69295,145.44156,"run_day_11652_liz21_del_07_29.json","07",11652
145.441824,-14.693757,4203,3.55,2021-11-26 08:19:00,0.0457319043592179,5085.15575053921,"moving",29,-14.69295,145.44156,"run_day_11652_liz21_del_07_29.json","07",11652
145.44192,-14.694141,4203,3.55,2021-11-26 08:31:00,0.0439296003887299,4884.7486927496,"moving",29,-14.69295,145.44156,"run_day_11652_liz21_del_07_29.json","07",11652
145.442038,-14.694528,4203,3.55,2021-11-26 08:43:00,0.0448650607233633,4988.76713603806,"moving",29,-14.69295,145.44156,"run_day_11652_liz21_del_07_29.json","07",11652
145.441769,-14.69354,4204,3.55,2021-11-26 07:31:00,0.0499143724023476,5550.22497778823,"moving",29,-14.69295,145.44156,"run_day_11652_liz21_del_07_29.json","07",11652
145.441877,-14.693964,4204,3.55,2021-11-26 07:43:00,0.0485566159505342,5399.24934872766,"moving",29,-14.69295,145.44156,"run_day_11652_liz21_del_07_29.json","07",11652
145.441998,-14.694385,4204,3.55,2021-11-26 07:55:00,0.0485884870781321,5402.79325642298,"moving",29,-14.69295,145.44156,"run_day_11652_liz21_del_07_29.json","07",11652
145.441663,-14.693474,4205,3.55,2021-11-26 07:15:00,0.0547289713623914,6085.58395597327,"moving",29,-14.69295,145.44156,"run_day_11652_liz21_del_07_29.json","07",11652
145.44179,-14.693967,4205,3.55,2021-11-26 07:27:00,0.0564953695506425,6281.99847294093,"moving",29,-14.69295,145.44156,"run_day_11652_liz21_del_07_29.json","07",11652
145.441933,-14.694441,4205,3.55,2021-11-26 07:39:00,0.054904767123073,6105.13155268668,"moving",29,-14.69295,145.44156,"run_day_11652_liz21_del_07_29.json","07",11652
145.441466,-14.693378,4206,3.55,2021-11-26 07:30:00,0.0568972405393664,6326.68448805266,"moving",29,-14.69295,145.44156,"run_day_11652_liz21_del_07_29.json","07",11652
145.441604,-14.693903,4206,3.55,2021-11-26 07:42:00,0.0602347890667454,6697.80295172722,"moving",29,-14.69295,145.44156,"run_day_11652_liz21_del_07_29.json","07",11652
145.441773,-14.694436,4206,3.55,2021-11-26 07:54:00,0.061991774481075,6893.17081598916,"moving",29,-14.69295,145.44156,"run_day_11652_liz21_del_07_29.json","07",11652
145.441563,-14.693306,4207,3.55,2021-11-26 07:36:00,0.0537404053897686,5975.66043516417,"moving",29,-14.69295,145.44156,"run_day_11652_liz21_del_07_29.json","07",11652
145.441677,-14.693811,4207,3.55,2021-11-26 07:48:00,0.0574765773916894,6391.10380684921,"moving",29,-14.69295,145.44156,"run_day_11652_liz21_del_07_29.json","07",11652
145.441823,-14.694314,4207,3.55,2021-11-26 08:00:00,0.0580937339273095,6459.72848255569,"moving",29,-14.69295,145.44156,"run_day_11652_liz21_del_07_29.json","07",11652
145.441609,-14.693309,4208,3.55,2021-11-26 07:39:00,0.0526617438402338,5855.71874328934,"moving",29,-14.69295,145.44156,"run_day_11652_liz21_del_07_29.json","07",11652
145.441715,-14.693808,4208,3.55,2021-11-26 07:51:00,0.0566455048155188,6298.69275270561,"moving",29,-14.69295,145.44156,"run_day_11652_liz21_del_07_29.json","07",11652
145.441852,-14.69429,4208,3.55,2021-11-26 08:03:00,0.0555847147882943,6180.73828344311,"moving",29,-14.69295,145.44156,"run_day_11652_liz21_del_07_29.json","07",11652
145.441576,-14.693673,4209,3.55,2021-11-26 07:51:00,0.0579189949298757,6440.29839255409,"moving",29,-14.69295,145.44156,"run_day_11652_liz21_del_07_29.json","07",11652
145.441719,-14.694198,4209,3.55,2021-11-26 08:03:00,0.0603695564972233,6712.78840627329,"moving",29,-14.69295,145.44156,"run_day_11652_liz21_del_07_29.json","07",11652
145.441889,-14.694691,4209,3.55,2021-11-26 08:15:00,0.0577881451191286,6425.74855744662,"moving",29,-14.69295,145.44156,"run_day_11652_liz21_del_07_29.json","07",11652
145.441644,-14.693612,4210,3.55,2021-11-26 07:43:00,0.0557525521448898,6199.40094599796,"moving",29,-14.69295,145.44156,"run_day_11652_liz21_del_07_29.json","07",11652
145.441776,-14.69412,4210,3.55,2021-11-26 07:55:00,0.0582439546155195,6476.4322609617,"moving",29,-14.69295,145.44156,"run_day_11652_liz21_del_07_29.json","07",11652
145.441931,-14.694594,4210,3.55,2021-11-26 08:07:00,0.0552802216994484,6146.88019676511,"moving",29,-14.69295,145.44156,"run_day_11652_liz21_del_07_29.json","07",11652
145.441744,-14.693379,4211,3.55,2021-11-26 08:00:00,0.0496039563196512,5515.70828424351,"moving",29,-14.69295,145.44156,"run_day_11652_liz21_del_07_29.json","07",11652
145.441823,-14.693797,4211,3.55,2021-11-26 08:12:00,0.0472497933441027,5253.93730486806,"moving",29,-14.69295,145.44156,"run_day_11652_liz21_del_07_29.json","07",11652
145.441926,-14.69419,4211,3.55,2021-11-26 08:24:00,0.0450820216659975,5012.892092139,"moving",29,-14.69295,145.44156,"run_day_11652_liz21_del_07_29.json","07",11652
145.442048,-14.694585,4211,3.55,2021-11-26 08:36:00,0.0458402738905278,5097.20589262372,"moving",29,-14.69295,145.44156,"run_day_11652_liz21_del_07_29.json","07",11652
145.441604,-14.693626,4212,3.55,2021-11-26 07:34:00,0.0567025639252247,6305.03743622377,"moving",29,-14.69295,145.44156,"run_day_11652_liz21_del_07_29.json","07",11652
145.44175,-14.694147,4212,3.55,2021-11-26 07:46:00,0.0600231731279902,6674.27233294052,"moving",29,-14.69295,145.44156,"run_day_11652_liz21_del_07_29.json","07",11652
145.441915,-14.694643,4212,3.55,2021-11-26 07:58:00,0.0579377006737731,6442.3783763746,"moving",29,-14.69295,145.44156,"run_day_11652_liz21_del_07_29.json","07",11652
145.441714,-14.69325,4213,3.55,2021-11-26 08:09:00,0.0489641108020439,5444.56070884932,"moving",29,-14.69295,145.44156,"run_day_11652_liz21_del_07_29.json","07",11652
145.441787,-14.693678,4213,3.55,2021-11-26 08:21:00,0.0482347837070795,5363.46323602487,"moving",29,-14.69295,145.44156,"run_day_11652_liz21_del_07_29.json","07",11652
145.441882,-14.694078,4213,3.55,2021-11-26 08:33:00,0.0456365878208594,5074.55703504842,"moving",29,-14.69295,145.44156,"run_day_11652_liz21_del_07_29.json","07",11652
145.442,-14.694473,4213,3.55,2021-11-26 08:45:00,0.0457189774039628,5083.71833869788,"moving",29,-14.69295,145.44156,"run_day_11652_liz21_del_07_29.json","07",11652
145.441562,-14.693272,4214,3.55,2021-11-26 07:52:00,0.053513815812888,5950.46482378451,"moving",29,-14.69295,145.44156,"run_day_11652_liz21_del_07_29.json","07",11652
145.441667,-14.693771,4214,3.55,2021-11-26 08:04:00,0.0566239546345683,6296.29648191564,"moving",29,-14.69295,145.44156,"run_day_11652_liz21_del_07_29.json","07",11652
145.4418,-14.694263,4214,3.55,2021-11-26 08:16:00,0.0565472785115104,6287.77048603683,"moving",29,-14.69295,145.44156,"run_day_11652_liz21_del_07_29.json","07",11652
145.441957,-14.694719,4214,3.55,2021-11-26 08:28:00,0.0534428935663402,5942.57862978216,"moving",29,-14.69295,145.44156,"run_day_11652_liz21_del_07_29.json","07",11652
145.441579,-14.693298,4215,3.55,2021-11-26 07:21:00,0.0537404054888283,5975.6604461791,"moving",29,-14.69295,145.44156,"run_day_11652_liz21_del_07_29.json","07",11652
145.441696,-14.693798,4215,3.55,2021-11-26 07:33:00,0.0570038901147574,6338.54337976494,"moving",29,-14.69295,145.44156,"run_day_11652_liz21_del_07_29.json","07",11652
145.441843,-14.694296,4215,3.55,2021-11-26 07:45:00,0.0575880909989518,6403.50355422861,"moving",29,-14.69295,145.44156,"run_day_11652_liz21_del_07_29.json","07",11652
145.44153,-14.69323,4216,3.55,2021-11-26 07:17:00,0.0543211089875743,6040.2317291244,"moving",29,-14.69295,145.44156,"run_day_11652_liz21_del_07_29.json","07",11652
145.441649,-14.693731,4216,3.55,2021-11-26 07:29:00,0.0571601325044256,6355.91674082287,"moving",29,-14.69295,145.44156,"run_day_11652_liz21_del_07_29.json","07",11652
145.441801,-14.694244,4216,3.55,2021-11-26 07:41:00,0.0593396028181229,6598.26278247843,"moving",29,-14.69295,145.44156,"run_day_11652_liz21_del_07_29.json","07",11652
145.441542,-14.693206,4217,3.55,2021-11-26 07:45:00,0.0531504272611038,5910.05786042539,"moving",29,-14.69295,145.44156,"run_day_11652_liz21_del_07_29.json","07",11652
145.441648,-14.693705,4217,3.55,2021-11-26 07:57:00,0.0566455058970642,6298.69287296797,"moving",29,-14.69295,145.44156,"run_day_11652_liz21_del_07_29.json","07",11652
145.441782,-14.694209,4217,3.55,2021-11-26 08:09:00,0.0578658961400416,6434.39407651358,"moving",29,-14.69295,145.44156,"run_day_11652_liz21_del_07_29.json","07",11652
145.441939,-14.694674,4217,3.55,2021-11-26 08:21:00,0.0543932972131156,6048.25869356807,"moving",29,-14.69295,145.44156,"run_day_11652_liz21_del_07_29.json","07",11652
145.441576,-14.693192,4218,3.55,2021-11-26 08:08:00,0.0519197528513109,5773.21310970514,"moving",29,-14.69295,145.44156,"run_day_11652_liz21_del_07_29.json","07",11652
145.441668,-14.69367,4218,3.55,2021-11-26 08:20:00,0.054064461378132,6011.69381701897,"moving",29,-14.69295,145.44156,"run_day_11652_liz21_del_07_29.json","07",11652
145.441784,-14.694149,4218,3.55,2021-11-26 08:32:00,0.054704200514023,6082.82956330602,"moving",29,-14.69295,145.44156,"run_day_11652_liz21_del_07_29.json","07",11652
145.441929,-14.694595,4218,3.55,2021-11-26 08:44:00,0.0519874216383743,5780.73753551878,"moving",29,-14.69295,145.44156,"run_day_11652_liz21_del_07_29.json","07",11652
145.441632,-14.693584,4219,3.55,2021-11-26 08:06:00,0.0550798254965085,6124.59715567936,"moving",29,-14.69295,145.44156,"run_day_11652_liz21_del_07_29.json","07",11652
145.441749,-14.694079,4219,3.55,2021-11-26 08:18:00,0.0564617625162272,6278.26154121438,"moving",29,-14.69295,145.44156,"run_day_11652_liz21_del_07_29.json","07",11652
145.441896,-14.69454,4219,3.55,2021-11-26 08:30:00,0.0536438696576068,5964.92615150785,"moving",29,-14.69295,145.44156,"run_day_11652_liz21_del_07_29.json","07",11652
145.441553,-14.693335,4220,3.55,2021-11-26 08:06:00,0.0542971338043673,6037.56581038641,"moving",29,-14.69295,145.44156,"run_day_11652_liz21_del_07_29.json","07",11652
145.441658,-14.693829,4220,3.55,2021-11-26 08:18:00,0.0560792596258195,6235.72916037416,"moving",29,-14.69295,145.44156,"run_day_11652_liz21_del_07_29.json","07",11652
145.441794,-14.694318,4220,3.55,2021-11-26 08:30:00,0.0563075698615034,6261.11610028323,"moving",29,-14.69295,145.44156,"run_day_11652_liz21_del_07_29.json","07",11652
145.441565,-14.693512,4221,3.55,2021-11-26 07:39:00,0.056160835095341,6244.7999387236,"moving",29,-14.69295,145.44156,"run_day_11652_liz21_del_07_29.json","07",11652
145.4417,-14.694034,4221,3.55,2021-11-26 07:51:00,0.0598324193098495,6653.0614761252,"moving",29,-14.69295,145.44156,"run_day_11652_liz21_del_07_29.json","07",11652
145.441862,-14.694538,4221,3.55,2021-11-26 08:03:00,0.0586885255631426,6525.86629487095,"moving",29,-14.69295,145.44156,"run_day_11652_liz21_del_07_29.json","07",11652
145.441625,-14.693621,4222,3.55,2021-11-26 08:07:00,0.0555579422597495,6177.76131409547,"moving",29,-14.69295,145.44156,"run_day_11652_liz21_del_07_29.json","07",11652
145.441747,-14.694119,4222,3.55,2021-11-26 08:19:00,0.0569085982339464,6327.94740606834,"moving",29,-14.69295,145.44156,"run_day_11652_liz21_del_07_29.json","07",11652
145.441898,-14.694583,4222,3.55,2021-11-26 08:31:00,0.0540903462039512,6014.57207832714,"moving",29,-14.69295,145.44156,"run_day_11652_liz21_del_07_29.json","07",11652
145.441469,-14.693539,4223,3.55,2021-11-26 07:17:00,0.0596172200903629,6629.13241470041,"moving",29,-14.69295,145.44156,"run_day_11652_liz21_del_07_29.json","07",11652
145.44163,-14.694074,4223,3.55,2021-11-26 07:29:00,0.0619584518988651,6889.46551390472,"moving",29,-14.69295,145.44156,"run_day_11652_liz21_del_07_29.json","07",11652
145.441813,-14.69461,4223,3.55,2021-11-26 07:41:00,0.0627665727423982,6979.32445182133,"moving",29,-14.69295,145.44156,"run_day_11652_liz21_del_07_29.json","07",11652
145.441496,-14.693388,4224,3.55,2021-11-26 07:50:00,0.0565262770142805,6285.43522609293,"moving",29,-14.69295,145.44156,"run_day_11652_liz21_del_07_29.json","07",11652
145.441621,-14.693908,4224,3.55,2021-11-26 08:02:00,0.0593638990868191,6600.96440429384,"moving",29,-14.69295,145.44156,"run_day_11652_liz21_del_07_29.json","07",11652
145.441778,-14.694423,4224,3.55,2021-11-26 08:14:00,0.059703289490928,6638.70289538259,"moving",29,-14.69295,145.44156,"run_day_11652_liz21_del_07_29.json","07",11652
145.441553,-14.6934,4225,3.55,2021-11-26 07:40:00,0.0552700672145224,6145.75106955865,"moving",29,-14.69295,145.44156,"run_day_11652_liz21_del_07_29.json","07",11652
145.441676,-14.693915,4225,3.55,2021-11-26 07:52:00,0.0587737105993544,6535.33843872374,"moving",29,-14.69295,145.44156,"run_day_11652_liz21_del_07_29.json","07",11652
145.441831,-14.694422,4225,3.55,2021-11-26 08:04:00,0.0587892273613075,6537.06382393087,"moving",29,-14.69295,145.44156,"run_day_11652_liz21_del_07_29.json","07",11652
145.441502,-14.693585,4226,3.55,2021-11-26 07:14:00,0.0596153081842568,6628.91982044119,"moving",29,-14.69295,145.44156,"run_day_11652_liz21_del_07_29.json","07",11652
145.441665,-14.69412,4226,3.55,2021-11-26 07:26:00,0.0620189181546326,6896.18905477926,"moving",29,-14.69295,145.44156,"run_day_11652_liz21_del_07_29.json","07",11652
145.441846,-14.694648,4226,3.55,2021-11-26 07:38:00,0.0618544699111842,6877.90324441219,"moving",29,-14.69295,145.44156,"run_day_11652_liz21_del_07_29.json","07",11652
145.441748,-14.693516,4227,3.55,2021-11-26 07:45:00,0.0513201933759512,5706.54513782347,"moving",29,-14.69295,145.44156,"run_day_11652_liz21_del_07_29.json","07",11652
145.441849,-14.693951,4227,3.55,2021-11-26 07:57:00,0.049574693177259,5512.45437127182,"moving",29,-14.69295,145.44156,"run_day_11652_liz21_del_07_29.json","07",11652
145.441969,-14.69437,4227,3.55,2021-11-26 08:09:00,0.0483454339608538,5375.76698287649,"moving",29,-14.69295,145.44156,"run_day_11652_liz21_del_07_29.json","07",11652
145.44167,-14.693172,4228,3.55,2021-11-26 07:53:00,0.049663343510279,5522.31183854899,"moving",29,-14.69295,145.44156,"run_day_11652_liz21_del_07_29.json","07",11652
145.44175,-14.693636,4228,3.55,2021-11-26 08:05:00,0.0523070491623423,5816.27849459998,"moving",29,-14.69295,145.44156,"run_day_11652_liz21_del_07_29.json","07",11652
145.441852,-14.694066,4228,3.55,2021-11-26 08:17:00,0.0490563236722313,5454.81431218549,"moving",29,-14.69295,145.44156,"run_day_11652_liz21_del_07_29.json","07",11652
145.441977,-14.69448,4228,3.55,2021-11-26 08:29:00,0.0479578477829681,5332.66936625805,"moving",29,-14.69295,145.44156,"run_day_11652_liz21_del_07_29.json","07",11652
145.441636,-14.693318,4229,3.55,2021-11-26 08:02:00,0.0521393409173815,5797.63018860387,"moving",29,-14.69295,145.44156,"run_day_11652_liz21_del_07_29.json","07",11652
145.441728,-14.6938,4229,3.55,2021-11-26 08:14:00,0.0545017873690647,6060.32224850049,"moving",29,-14.69295,145.44156,"run_day_11652_liz21_del_07_29.json","07",11652
145.441849,-14.694254,4229,3.55,2021-11-26 08:26:00,0.0521331066197328,5796.93696633415,"moving",29,-14.69295,145.44156,"run_day_11652_liz21_del_07_29.json","07",11652
145.441993,-14.694685,4229,3.55,2021-11-26 08:38:00,0.0503656223094561,5600.40167810753,"moving",29,-14.69295,145.44156,"run_day_11652_liz21_del_07_29.json","07",11652
145.441628,-14.693428,4230,3.55,2021-11-26 07:11:00,0.055275131113999,6146.31414948949,"moving",29,-14.69295,145.44156,"run_day_11652_liz21_del_07_29.json","07",11652
145.441757,-14.693933,4230,3.55,2021-11-26 07:23:00,0.0578422429893012,6431.76396615209,"moving",29,-14.69295,145.44156,"run_day_11652_liz21_del_07_29.json","07",11652
145.441904,-14.694417,4230,3.55,2021-11-26 07:35:00,0.0560928103644734,6237.23593376477,"moving",29,-14.69295,145.44156,"run_day_11652_liz21_del_07_29.json","07",11652
145.441685,-14.693598,4231,3.55,2021-11-26 08:08:00,0.0540063345283591,6005.23040622239,"moving",29,-14.69295,145.44156,"run_day_11652_liz21_del_07_29.json","07",11652
145.441795,-14.69407,4231,3.55,2021-11-26 08:20:00,0.0538010516733528,5982.40399421858,"moving",29,-14.69295,145.44156,"run_day_11652_liz21_del_07_29.json","07",11652
145.441931,-14.694509,4231,3.55,2021-11-26 08:32:00,0.0509591791260307,5666.40218478591,"moving",29,-14.69295,145.44156,"run_day_11652_liz21_del_07_29.json","07",11652
145.4415,-14.693512,4232,3.55,2021-11-26 07:32:00,0.0575971495517734,6404.51081934512,"moving",29,-14.69295,145.44156,"run_day_11652_liz21_del_07_29.json","07",11652
145.441647,-14.694043,4232,3.55,2021-11-26 07:44:00,0.061124821262658,6796.77001646302,"moving",29,-14.69295,145.44156,"run_day_11652_liz21_del_07_29.json","07",11652
145.441823,-14.69457,4232,3.55,2021-11-26 07:56:00,0.0615815002244992,6847.55040012507,"moving",29,-14.69295,145.44156,"run_day_11652_liz21_del_07_29.json","07",11652
145.441627,-14.693651,4233,3.55,2021-11-26 08:03:00,0.0561666625908891,6245.4479266636,"moving",29,-14.69295,145.44156,"run_day_11652_liz21_del_07_29.json","07",11652
145.441753,-14.694153,4233,3.55,2021-11-26 08:15:00,0.0574414656879926,6387.19956353228,"moving",29,-14.69295,145.44156,"run_day_11652_liz21_del_07_29.json","07",11652
145.441908,-14.694619,4233,3.55,2021-11-26 08:27:00,0.0544327402697522,6052.64456135742,"moving",29,-14.69295,145.44156,"run_day_11652_liz21_del_07_29.json","07",11652
145.441602,-14.693635,4234,3.55,2021-11-26 07:34:00,0.0568109429005483,6317.08862843468,"moving",29,-14.69295,145.44156,"run_day_11652_liz21_del_07_29.json","07",11652
145.441749,-14.694157,4234,3.55,2021-11-26 07:46:00,0.0601586811784804,6689.34014067452,"moving",29,-14.69295,145.44156,"run_day_11652_liz21_del_07_29.json","07",11652
145.441916,-14.694653,4234,3.55,2021-11-26 07:58:00,0.0580039547447702,6449.74549293903,"moving",29,-14.69295,145.44156,"run_day_11652_liz21_del_07_29.json","07",11652
145.441516,-14.693237,4235,3.55,2021-11-26 07:48:00,0.0541383643445808,6019.91145195206,"moving",29,-14.69295,145.44156,"run_day_11652_liz21_del_07_29.json","07",11652
145.441627,-14.693742,4235,3.55,2021-11-26 08:00:00,0.0574086063824956,6383.54577546794,"moving",29,-14.69295,145.44156,"run_day_11652_liz21_del_07_29.json","07",11652
145.441766,-14.69425,4235,3.55,2021-11-26 08:12:00,0.0584320457331927,6497.34703899386,"moving",29,-14.69295,145.44156,"run_day_11652_liz21_del_07_29.json","07",11652
145.441526,-14.693316,4236,3.55,2021-11-26 07:24:00,0.0549887518848124,6114.47023210755,"moving",29,-14.69295,145.44156,"run_day_11652_liz21_del_07_29.json","07",11652
145.441651,-14.693826,4236,3.55,2021-11-26 07:36:00,0.0582813883806005,6480.59470572391,"moving",29,-14.69295,145.44156,"run_day_11652_liz21_del_07_29.json","07",11652
145.441808,-14.694343,4236,3.55,2021-11-26 07:48:00,0.0599166331400991,6662.42562680226,"moving",29,-14.69295,145.44156,"run_day_11652_liz21_del_07_29.json","07",11652
145.441748,-14.693443,4237,3.55,2021-11-26 08:00:00,0.0502621241718849,5588.89321029244,"moving",29,-14.69295,145.44156,"run_day_11652_liz21_del_07_29.json","07",11652
145.441832,-14.693862,4237,3.55,2021-11-26 08:12:00,0.047458618138833,5277.15756259966,"moving",29,-14.69295,145.44156,"run_day_11652_liz21_del_07_29.json","07",11652
145.441941,-14.69426,4237,3.55,2021-11-26 08:24:00,0.0457821463334845,5090.74240318226,"moving",29,-14.69295,145.44156,"run_day_11652_liz21_del_07_29.json","07",11652
145.442068,-14.694658,4237,3.55,2021-11-26 08:36:00,0.0463157462908049,5150.07601129404,"moving",29,-14.69295,145.44156,"run_day_11652_liz21_del_07_29.json","07",11652
145.441602,-14.693635,4238,3.55,2021-11-26 07:55:00,0.0568649061961882,6323.08907313486,"moving",29,-14.69295,145.44156,"run_day_11652_liz21_del_07_29.json","07",11652
145.441736,-14.694151,4238,3.55,2021-11-26 08:07:00,0.0591591179203106,6578.19377750573,"moving",29,-14.69295,145.44156,"run_day_11652_liz21_del_07_29.json","07",11652
145.441896,-14.694631,4238,3.55,2021-11-26 08:19:00,0.0560793802917076,6235.74257780874,"moving",29,-14.69295,145.44156,"run_day_11652_liz21_del_07_29.json","07",11652
145.441695,-14.693425,4239,3.55,2021-11-26 07:37:00,0.0520576228142479,5788.54355012041,"moving",29,-14.69295,145.44156,"run_day_11652_liz21_del_07_29.json","07",11652
145.4418,-14.693897,4239,3.55,2021-11-26 07:49:00,0.0536853510323079,5969.53866992486,"moving",29,-14.69295,145.44156,"run_day_11652_liz21_del_07_29.json","07",11652
145.441929,-14.694342,4239,3.55,2021-11-26 08:01:00,0.0513902571787045,5714.33587723106,"moving",29,-14.69295,145.44156,"run_day_11652_liz21_del_07_29.json","07",11652
145.441658,-14.693586,4240,3.55,2021-11-26 07:12:00,0.0564937666674055,6281.82024045697,"moving",29,-14.69295,145.44156,"run_day_11652_liz21_del_07_29.json","07",11652
145.441801,-14.694089,4240,3.55,2021-11-26 07:24:00,0.058007346864223,6450.12267941276,"moving",29,-14.69295,145.44156,"run_day_11652_liz21_del_07_29.json","07",11652
145.441952,-14.694571,4240,3.55,2021-11-26 07:36:00,0.0560027240667999,6227.21879450328,"moving",29,-14.69295,145.44156,"run_day_11652_liz21_del_07_29.json","07",11652
145.441678,-14.693205,4241,3.55,2021-11-26 07:37:00,0.0497237560053175,5529.02940150322,"moving",29,-14.69295,145.44156,"run_day_11652_liz21_del_07_29.json","07",11652
145.441763,-14.69367,4241,3.55,2021-11-26 07:49:00,0.0525076956270853,5838.58936352856,"moving",29,-14.69295,145.44156,"run_day_11652_liz21_del_07_29.json","07",11652
145.441877,-14.694107,4241,3.55,2021-11-26 08:01:00,0.0501153483828532,5572.57248719786,"moving",29,-14.69295,145.44156,"run_day_11652_liz21_del_07_29.json","07",11652
145.442006,-14.694532,4241,3.55,2021-11-26 08:13:00,0.0492526055823691,5476.63986478492,"moving",29,-14.69295,145.44156,"run_day_11652_liz21_del_07_29.json","07",11652
145.441776,-14.693391,4242,3.55,2021-11-26 07:51:00,0.0471202181339052,5239.52919887519,"moving",29,-14.69295,145.44156,"run_day_11652_liz21_del_07_29.json","07",11652
145.441853,-14.693787,4242,3.55,2021-11-26 08:03:00,0.0448052832395749,4982.12018311321,"moving",29,-14.69295,145.44156,"run_day_11652_liz21_del_07_29.json","07",11652
145.441953,-14.694166,4242,3.55,2021-11-26 08:15:00,0.0434937907362567,4836.28887041185,"moving",29,-14.69295,145.44156,"run_day_11652_liz21_del_07_29.json","07",11652
145.44207,-14.694552,4242,3.55,2021-11-26 08:27:00,0.0447280378779872,4973.53089079783,"moving",29,-14.69295,145.44156,"run_day_11652_liz21_del_07_29.json","07",11652
145.441625,-14.693175,4243,3.55,2021-11-26 08:02:00,0.0506586880026545,5632.98909636476,"moving",29,-14.69295,145.44156,"run_day_11652_liz21_del_07_29.json","07",11652
145.44171,-14.693648,4243,3.55,2021-11-26 08:14:00,0.0533838919062142,5936.01794451254,"moving",29,-14.69295,145.44156,"run_day_11652_liz21_del_07_29.json","07",11652
145.441818,-14.694103,4243,3.55,2021-11-26 08:26:00,0.0519101139458299,5772.14131231725,"moving",29,-14.69295,145.44156,"run_day_11652_liz21_del_07_29.json","07",11652
145.441952,-14.694531,4243,3.55,2021-11-26 08:38:00,0.0497259723313174,5529.27584571019,"moving",29,-14.69295,145.44156,"run_day_11652_liz21_del_07_29.json","07",11652
145.441696,-14.693595,4244,3.55,2021-11-26 07:47:00,0.0544121164154005,6050.35129338565,"moving",29,-14.69295,145.44156,"run_day_11652_liz21_del_07_29.json","07",11652
145.441815,-14.694075,4244,3.55,2021-11-26 07:59:00,0.0548868201909716,6103.13594488817,"moving",29,-14.69295,145.44156,"run_day_11652_liz21_del_07_29.json","07",11652
145.441954,-14.694524,4244,3.55,2021-11-26 08:11:00,0.0521169570822555,5795.14121969902,"moving",29,-14.69295,145.44156,"run_day_11652_liz21_del_07_29.json","07",11652
145.441645,-14.69319,4245,3.55,2021-11-26 07:29:00,0.0503079810005444,5593.99225699139,"moving",29,-14.69295,145.44156,"run_day_11652_liz21_del_07_29.json","07",11652
145.441738,-14.693667,4245,3.55,2021-11-26 07:41:00,0.0539749784852464,6001.74377330861,"moving",29,-14.69295,145.44156,"run_day_11652_liz21_del_07_29.json","07",11652
145.441861,-14.694126,4245,3.55,2021-11-26 07:53:00,0.0527252278965045,5862.77784826946,"moving",29,-14.69295,145.44156,"run_day_11652_liz21_del_07_29.json","07",11652
145.442,-14.694571,4245,3.55,2021-11-26 08:05:00,0.0516910276215307,5747.78002455796,"moving",29,-14.69295,145.44156,"run_day_11652_liz21_del_07_29.json","07",11652
145.441593,-14.693281,4246,3.55,2021-11-26 07:51:00,0.0529655266705731,5889.4978528248,"moving",29,-14.69295,145.44156,"run_day_11652_liz21_del_07_29.json","07",11652
145.441694,-14.693777,4246,3.55,2021-11-26 08:03:00,0.0562123834305089,6250.53185207125,"moving",29,-14.69295,145.44156,"run_day_11652_liz21_del_07_29.json","07",11652
145.441824,-14.694257,4246,3.55,2021-11-26 08:15:00,0.055174718996658,6135.14883146753,"moving",29,-14.69295,145.44156,"run_day_11652_liz21_del_07_29.json","07",11652
145.441686,-14.693594,4247,3.55,2021-11-26 07:25:00,0.0547072989600024,6083.17409477941,"moving",29,-14.69295,145.44156,"run_day_11652_liz21_del_07_29.json","07",11652
145.44182,-14.694083,4247,3.55,2021-11-26 07:37:00,0.0562520731925187,6254.94515224646,"moving",29,-14.69295,145.44156,"run_day_11652_liz21_del_07_29.json","07",11652
145.441965,-14.694552,4247,3.55,2021-11-26 07:49:00,0.0544325184978764,6052.61990144995,"moving",29,-14.69295,145.44156,"run_day_11652_liz21_del_07_29.json","07",11652
145.441584,-14.693196,4248,3.55,2021-11-26 07:19:00,0.0524284318859437,5829.77563764675,"moving",29,-14.69295,145.44156,"run_day_11652_liz21_del_07_29.json","07",11652
145.44169,-14.693685,4248,3.55,2021-11-26 07:31:00,0.0555567633729391,6177.63022786307,"moving",29,-14.69295,145.44156,"run_day_11652_liz21_del_07_29.json","07",11652
145.44183,-14.694178,4248,3.55,2021-11-26 07:43:00,0.05684964071467,6321.39162903726,"moving",29,-14.69295,145.44156,"run_day_11652_liz21_del_07_29.json","07",11652
145.441983,-14.694648,4248,3.55,2021-11-26 07:55:00,0.0547913204039406,6092.51685307469,"moving",29,-14.69295,145.44156,"run_day_11652_liz21_del_07_29.json","07",11652
145.441742,-14.693212,4249,3.55,2021-11-26 07:11:00,0.0493861253343351,5491.48658381038,"moving",29,-14.69295,145.44156,"run_day_11652_liz21_del_07_29.json","07",11652
145.44182,-14.693622,4249,3.55,2021-11-26 07:23:00,0.0463554266139429,5154.4882619146,"moving",29,-14.69295,145.44156,"run_day_11652_liz21_del_07_29.json","07",11652
145.441931,-14.694022,4249,3.55,2021-11-26 07:35:00,0.0460524584857162,5120.7997431208,"moving",29,-14.69295,145.44156,"run_day_11652_liz21_del_07_29.json","07",11652
145.442047,-14.694439,4249,3.55,2021-11-26 07:47:00,0.0480175681618693,5339.30996940915,"moving",29,-14.69295,145.44156,"run_day_11652_liz21_del_07_29.json","07",11652
145.441583,-14.693285,4250,3.55,2021-11-26 07:51:00,0.0532279054775151,5918.6730450158,"moving",29,-14.69295,145.44156,"run_day_11652_liz21_del_07_29.json","07",11652
145.441686,-14.693783,4250,3.55,2021-11-26 08:03:00,0.0564724036665642,6279.44478314552,"moving",29,-14.69295,145.44156,"run_day_11652_liz21_del_07_29.json","07",11652
145.441818,-14.694268,4250,3.55,2021-11-26 08:15:00,0.0557670999763322,6201.01859104803,"moving",29,-14.69295,145.44156,"run_day_11652_liz21_del_07_29.json","07",11652
145.441733,-14.693632,4251,3.55,2021-11-26 08:05:00,0.0532378486019972,5919.7786700132,"moving",29,-14.69295,145.44156,"run_day_11652_liz21_del_07_29.json","07",11652
145.441838,-14.694075,4251,3.55,2021-11-26 08:17:00,0.0505374087133436,5619.50345468633,"moving",29,-14.69295,145.44156,"run_day_11652_liz21_del_07_29.json","07",11652
145.441967,-14.694497,4251,3.55,2021-11-26 08:29:00,0.0489326220400967,5441.05931827447,"moving",29,-14.69295,145.44156,"run_day_11652_liz21_del_07_29.json","07",11652
145.441508,-14.693287,4252,3.55,2021-11-26 08:04:00,0.0548964284137001,6104.20433050965,"moving",29,-14.69295,145.44156,"run_day_11652_liz21_del_07_29.json","07",11652
145.441618,-14.693786,4252,3.55,2021-11-26 08:16:00,0.0567336646311933,6308.49567694253,"moving",29,-14.69295,145.44156,"run_day_11652_liz21_del_07_29.json","07",11652
145.441755,-14.694287,4252,3.55,2021-11-26 08:28:00,0.0576245502601613,6407.55763910433,"moving",29,-14.69295,145.44156,"run_day_11652_liz21_del_07_29.json","07",11652
145.441691,-14.693194,4253,3.55,2021-11-26 07:21:00,0.0498329223575413,5541.1681460308,"moving",29,-14.69295,145.44156,"run_day_11652_liz21_del_07_29.json","07",11652
145.441777,-14.693645,4253,3.55,2021-11-26 07:33:00,0.0509948669064069,5670.37048490695,"moving",29,-14.69295,145.44156,"run_day_11652_liz21_del_07_29.json","07",11652
145.441895,-14.694077,4253,3.55,2021-11-26 07:45:00,0.0496846161303556,5524.67724597795,"moving",29,-14.69295,145.44156,"run_day_11652_liz21_del_07_29.json","07",11652
145.442023,-14.694509,4253,3.55,2021-11-26 07:57:00,0.0499701865440857,5556.43122718453,"moving",29,-14.69295,145.44156,"run_day_11652_liz21_del_07_29.json","07",11652
145.441651,-14.693376,4254,3.55,2021-11-26 07:59:00,0.0526440133778182,5853.74720582166,"moving",29,-14.69295,145.44156,"run_day_11652_liz21_del_07_29.json","07",11652
145.441748,-14.693859,4254,3.55,2021-11-26 08:11:00,0.0547111401954636,6083.60122067474,"moving",29,-14.69295,145.44156,"run_day_11652_liz21_del_07_29.json","07",11652
145.441872,-14.694308,4254,3.55,2021-11-26 08:23:00,0.0516772569997018,5746.24880127386,"moving",29,-14.69295,145.44156,"run_day_11652_liz21_del_07_29.json","07",11652
145.441667,-14.693544,4255,3.55,2021-11-26 07:31:00,0.0541195706193705,6017.82168505592,"moving",29,-14.69295,145.44156,"run_day_11652_liz21_del_07_29.json","07",11652
145.441796,-14.694039,4255,3.55,2021-11-26 07:43:00,0.0567633839849791,6311.80031830668,"moving",29,-14.69295,145.44156,"run_day_11652_liz21_del_07_29.json","07",11652
145.441941,-14.694509,4255,3.55,2021-11-26 07:55:00,0.0545390617407705,6064.46696952804,"moving",29,-14.69295,145.44156,"run_day_11652_liz21_del_07_29.json","07",11652
145.441693,-14.693139,4256,3.55,2021-11-26 08:07:00,0.0482157410449351,5361.3457886046,"moving",29,-14.69295,145.44156,"run_day_11652_liz21_del_07_29.json","07",11652
145.441764,-14.693574,4256,3.55,2021-11-26 08:19:00,0.0489689228117113,5445.09577991129,"moving",29,-14.69295,145.44156,"run_day_11652_liz21_del_07_29.json","07",11652
145.441853,-14.693982,4256,3.55,2021-11-26 08:31:00,0.0463664663889951,5155.7158288917,"moving",29,-14.69295,145.44156,"run_day_11652_liz21_del_07_29.json","07",11652
145.441967,-14.694377,4256,3.55,2021-11-26 08:43:00,0.0456014170238138,5070.64622085091,"moving",29,-14.69295,145.44156,"run_day_11652_liz21_del_07_29.json","07",11652
145.44147,-14.693418,4257,3.55,2021-11-26 07:52:00,0.0576263787468757,6407.7609575504,"moving",29,-14.69295,145.44156,"run_day_11652_liz21_del_07_29.json","07",11652
145.4416,-14.693942,4257,3.55,2021-11-26 08:04:00,0.0599204143313807,6662.84607608945,"moving",29,-14.69295,145.44156,"run_day_11652_liz21_del_07_29.json","07",11652
145.441763,-14.694461,4257,3.55,2021-11-26 08:16:00,0.0603144549387304,6706.66139251867,"moving",29,-14.69295,145.44156,"run_day_11652_liz21_del_07_29.json","07",11652
145.44177,-14.693576,4258,3.55,2021-11-26 07:58:00,0.0501349932497165,5574.75689672768,"moving",29,-14.69295,145.44156,"run_day_11652_liz21_del_07_29.json","07",11652
145.441866,-14.693992,4258,3.55,2021-11-26 08:10:00,0.0473955307085844,5270.14256042098,"moving",29,-14.69295,145.44156,"run_day_11652_liz21_del_07_29.json","07",11652
145.441982,-14.694393,4258,3.55,2021-11-26 08:22:00,0.0463018659954653,5148.53259287195,"moving",29,-14.69295,145.44156,"run_day_11652_liz21_del_07_29.json","07",11652
145.441683,-14.693432,4259,3.55,2021-11-26 07:23:00,0.05294467822037,5887.1796109338,"moving",29,-14.69295,145.44156,"run_day_11652_liz21_del_07_29.json","07",11652
145.441798,-14.693911,4259,3.55,2021-11-26 07:35:00,0.054679772300403,6080.11326988449,"moving",29,-14.69295,145.44156,"run_day_11652_liz21_del_07_29.json","07",11652
145.441933,-14.694369,4259,3.55,2021-11-26 07:47:00,0.0529568509413919,5888.53315575491,"moving",29,-14.69295,145.44156,"run_day_11652_liz21_del_07_29.json","07",11652
145.441573,-14.693247,4260,3.55,2021-11-26 07:32:00,0.0525844624759956,5847.12544766188,"moving",29,-14.69295,145.44156,"run_day_11652_liz21_del_07_29.json","07",11652
145.441682,-14.693745,4260,3.55,2021-11-26 07:44:00,0.0566025437858228,6293.91570415999,"moving",29,-14.69295,145.44156,"run_day_11652_liz21_del_07_29.json","07",11652
145.441822,-14.694244,4260,3.55,2021-11-26 07:56:00,0.0574932509249689,6392.95781915913,"moving",29,-14.69295,145.44156,"run_day_11652_liz21_del_07_29.json","07",11652
145.441626,-14.693322,4261,3.55,2021-11-26 07:38:00,0.0523993311288138,5826.53978109239,"moving",29,-14.69295,145.44156,"run_day_11652_liz21_del_07_29.json","07",11652
145.44173,-14.693819,4261,3.55,2021-11-26 07:50:00,0.0563846130579727,6269.6829128631,"moving",29,-14.69295,145.44156,"run_day_11652_liz21_del_07_29.json","07",11652
145.441865,-14.694293,4261,3.55,2021-11-26 08:02:00,0.0546699628680504,6079.02251077361,"moving",29,-14.69295,145.44156,"run_day_11652_liz21_del_07_29.json","07",11652
145.441735,-14.693227,4262,3.55,2021-11-26 07:11:00,0.0499523711264365,5554.45024312588,"moving",29,-14.69295,145.44156,"run_day_11652_liz21_del_07_29.json","07",11652
145.441817,-14.693645,4262,3.55,2021-11-26 07:23:00,0.0473088872908694,5260.50825194392,"moving",29,-14.69295,145.44156,"run_day_11652_liz21_del_07_29.json","07",11652
145.441931,-14.694052,4262,3.55,2021-11-26 07:35:00,0.0468879923445044,5213.7068692578,"moving",29,-14.69295,145.44156,"run_day_11652_liz21_del_07_29.json","07",11652
145.44205,-14.694475,4262,3.55,2021-11-26 07:47:00,0.0487458603371826,5420.29236441893,"moving",29,-14.69295,145.44156,"run_day_11652_liz21_del_07_29.json","07",11652
145.441678,-14.693495,4263,3.55,2021-11-26 07:24:00,0.0537500821267196,5976.73643921959,"moving",29,-14.69295,145.44156,"run_day_11652_liz21_del_07_29.json","07",11652
145.441802,-14.69398,4263,3.55,2021-11-26 07:36:00,0.055554271405298,6177.35313370402,"moving",29,-14.69295,145.44156,"run_day_11652_liz21_del_07_29.json","07",11652
145.441942,-14.694446,4263,3.55,2021-11-26 07:48:00,0.0539604664727036,6000.13011113845,"moving",29,-14.69295,145.44156,"run_day_11652_liz21_del_07_29.json","07",11652
145.441737,-14.693361,4264,3.55,2021-11-26 07:17:00,0.0511042233775881,5682.53036969805,"moving",29,-14.69295,145.44156,"run_day_11652_liz21_del_07_29.json","07",11652
145.441831,-14.69379,4264,3.55,2021-11-26 07:29:00,0.0487623045883661,5422.120881723,"moving",29,-14.69295,145.44156,"run_day_11652_liz21_del_07_29.json","07",11652
145.441954,-14.694213,4264,3.55,2021-11-26 07:41:00,0.0488605962206542,5433.05041256505,"moving",29,-14.69295,145.44156,"run_day_11652_liz21_del_07_29.json","07",11652
145.442086,-14.694645,4264,3.55,2021-11-26 07:53:00,0.0500904260480478,5569.80125000737,"moving",29,-14.69295,145.44156,"run_day_11652_liz21_del_07_29.json","07",11652
145.441633,-14.693454,4265,3.55,2021-11-26 07:47:00,0.0541195714996589,6017.82178293952,"moving",29,-14.69295,145.44156,"run_day_11652_liz21_del_07_29.json","07",11652
145.441747,-14.693956,4265,3.55,2021-11-26 07:59:00,0.0571507144432574,6354.86950020213,"moving",29,-14.69295,145.44156,"run_day_11652_liz21_del_07_29.json","07",11652
145.441888,-14.694425,4265,3.55,2021-11-26 08:11:00,0.0543108156997285,6039.08716773746,"moving",29,-14.69295,145.44156,"run_day_11652_liz21_del_07_29.json","07",11652
145.441633,-14.693573,4266,3.55,2021-11-26 07:51:00,0.0554914446181039,6170.36711371065,"moving",29,-14.69295,145.44156,"run_day_11652_liz21_del_07_29.json","07",11652
145.441758,-14.69408,4266,3.55,2021-11-26 08:03:00,0.0579568485493378,6444.50752299342,"moving",29,-14.69295,145.44156,"run_day_11652_liz21_del_07_29.json","07",11652
145.441908,-14.69455,4266,3.55,2021-11-26 08:15:00,0.0546952744963628,6081.83703542706,"moving",29,-14.69295,145.44156,"run_day_11652_liz21_del_07_29.json","07",11652
145.44175,-14.693513,4267,3.55,2021-11-26 07:30:00,0.0511751680285569,5690.41905495836,"moving",29,-14.69295,145.44156,"run_day_11652_liz21_del_07_29.json","07",11652
145.441858,-14.693949,4267,3.55,2021-11-26 07:42:00,0.0498532313427651,5543.42640215298,"moving",29,-14.69295,145.44156,"run_day_11652_liz21_del_07_29.json","07",11652
145.441982,-14.694377,4267,3.55,2021-11-26 07:54:00,0.0494249454503688,5495.80318376508,"moving",29,-14.69295,145.44156,"run_day_11652_liz21_del_07_29.json","07",11652
145.441506,-14.693527,4268,3.55,2021-11-26 07:57:00,0.0579319994964032,6441.74443437516,"moving",29,-14.69295,145.44156,"run_day_11652_liz21_del_07_29.json","07",11652
145.441639,-14.694049,4268,3.55,2021-11-26 08:09:00,0.0597805779354051,6647.29697829669,"moving",29,-14.69295,145.44156,"run_day_11652_liz21_del_07_29.json","07",11652
145.441805,-14.694557,4268,3.55,2021-11-26 08:21:00,0.0592416399557802,6587.36980918634,"moving",29,-14.69295,145.44156,"run_day_11652_liz21_del_07_29.json","07",11652
145.441676,-14.693274,4269,3.55,2021-11-26 07:14:00,0.0519422424625397,5775.71384037599,"moving",29,-14.69295,145.44156,"run_day_11652_liz21_del_07_29.json","07",11652
145.441775,-14.693746,4269,3.55,2021-11-26 07:26:00,0.0535533085128529,5954.8562116601,"moving",29,-14.69295,145.44156,"run_day_11652_liz21_del_07_29.json","07",11652
145.441905,-14.694196,4269,3.55,2021-11-26 07:38:00,0.0519546475488671,5777.09322304018,"moving",29,-14.69295,145.44156,"run_day_11652_liz21_del_07_29.json","07",11652
145.442046,-14.694645,4269,3.55,2021-11-26 07:50:00,0.052179071040984,5802.04797678343,"moving",29,-14.69295,145.44156,"run_day_11652_liz21_del_07_29.json","07",11652
145.441573,-14.693189,4270,3.55,2021-11-26 07:38:00,0.0520559415402711,5788.35660098389,"moving",29,-14.69295,145.44156,"run_day_11652_liz21_del_07_29.json","07",11652
145.441675,-14.693682,4270,3.55,2021-11-26 07:50:00,0.0559061330421071,6216.47836259804,"moving",29,-14.69295,145.44156,"run_day_11652_liz21_del_07_29.json","07",11652
145.441806,-14.694177,4270,3.55,2021-11-26 08:02:00,0.0568163469695484,6317.68953349073,"moving",29,-14.69295,145.44156,"run_day_11652_liz21_del_07_29.json","07",11652
145.441957,-14.694637,4270,3.55,2021-11-26 08:14:00,0.0536662549566705,5967.41528319516,"moving",29,-14.69295,145.44156,"run_day_11652_liz21_del_07_29.json","07",11652
145.4416,-14.693604,4271,3.55,2021-11-26 07:23:00,0.0569676861559481,6334.51768322089,"moving",29,-14.69295,145.44156,"run_day_11652_liz21_del_07_29.json","07",11652
145.441749,-14.694124,4271,3.55,2021-11-26 07:35:00,0.0600012374009164,6671.83319137765,"moving",29,-14.69295,145.44156,"run_day_11652_liz21_del_07_29.json","07",11652
145.441914,-14.694624,4271,3.55,2021-11-26 07:47:00,0.058361259735041,6489.47599512192,"moving",29,-14.69295,145.44156,"run_day_11652_liz21_del_07_29.json","07",11652
145.441768,-14.693531,4272,3.55,2021-11-26 07:21:00,0.0506089378087229,5627.45712719998,"moving",29,-14.69295,145.44156,"run_day_11652_liz21_del_07_29.json","07",11652
145.441878,-14.693955,4272,3.55,2021-11-26 07:33:00,0.0486085276435768,5405.02166562753,"moving",29,-14.69295,145.44156,"run_day_11652_liz21_del_07_29.json","07",11652
145.442001,-14.694384,4272,3.55,2021-11-26 07:45:00,0.0495031711644915,5504.50148630867,"moving",29,-14.69295,145.44156,"run_day_11652_liz21_del_07_29.json","07",11652
145.441502,-14.69337,4273,3.55,2021-11-26 07:52:00,0.0562596277730238,6255.78518327156,"moving",29,-14.69295,145.44156,"run_day_11652_liz21_del_07_29.json","07",11652
145.441623,-14.693887,4273,3.55,2021-11-26 08:04:00,0.0589425437522132,6554.11182877104,"moving",29,-14.69295,145.44156,"run_day_11652_liz21_del_07_29.json","07",11652
145.441777,-14.694398,4273,3.55,2021-11-26 08:16:00,0.0591856912745199,6581.14859967774,"moving",29,-14.69295,145.44156,"run_day_11652_liz21_del_07_29.json","07",11652
145.441595,-14.693663,4274,3.55,2021-11-26 08:02:00,0.0571910983994336,6359.35999124675,"moving",29,-14.69295,145.44156,"run_day_11652_liz21_del_07_29.json","07",11652
145.441728,-14.694174,4274,3.55,2021-11-26 08:14:00,0.0585936991480662,6515.32207860256,"moving",29,-14.69295,145.44156,"run_day_11652_liz21_del_07_29.json","07",11652
145.44189,-14.694653,4274,3.55,2021-11-26 08:26:00,0.0560400724315031,6231.37174317674,"moving",29,-14.69295,145.44156,"run_day_11652_liz21_del_07_29.json","07",11652
145.441623,-14.693439,4275,3.55,2021-11-26 08:06:00,0.0536200191627505,5962.27409748187,"moving",29,-14.69295,145.44156,"run_day_11652_liz21_del_07_29.json","07",11652
145.441727,-14.693929,4275,3.55,2021-11-26 08:18:00,0.0556219329950497,6184.87675921311,"moving",29,-14.69295,145.44156,"run_day_11652_liz21_del_07_29.json","07",11652
145.441861,-14.69439,4275,3.55,2021-11-26 08:30:00,0.0532485158154841,5920.96481003438,"moving",29,-14.69295,145.44156,"run_day_11652_liz21_del_07_29.json","07",11652
145.44156,-14.693639,4276,3.55,2021-11-26 07:55:00,0.0579189953706883,6440.29844157022,"moving",29,-14.69295,145.44156,"run_day_11652_liz21_del_07_29.json","07",11652
145.441699,-14.694161,4276,3.55,2021-11-26 08:07:00,0.0599382810886829,6664.83276885704,"moving",29,-14.69295,145.44156,"run_day_11652_liz21_del_07_29.json","07",11652
145.441867,-14.694656,4276,3.55,2021-11-26 08:19:00,0.0579316946632436,6441.71053847435,"moving",29,-14.69295,145.44156,"run_day_11652_liz21_del_07_29.json","07",11652
145.441684,-14.693231,4277,3.55,2021-11-26 08:04:00,0.0498238178605987,5540.15577216113,"moving",29,-14.69295,145.44156,"run_day_11652_liz21_del_07_29.json","07",11652
145.441762,-14.693683,4277,3.55,2021-11-26 08:16:00,0.0509555010965243,5665.99320656475,"moving",29,-14.69295,145.44156,"run_day_11652_liz21_del_07_29.json","07",11652
145.441863,-14.694103,4277,3.55,2021-11-26 08:28:00,0.0479486989774227,5331.65206549655,"moving",29,-14.69295,145.44156,"run_day_11652_liz21_del_07_29.json","07",11652
145.441988,-14.69451,4277,3.55,2021-11-26 08:40:00,0.0472112000389548,5249.64592513317,"moving",29,-14.69295,145.44156,"run_day_11652_liz21_del_07_29.json","07",11652
145.441588,-14.69342,4278,3.55,2021-11-26 07:25:00,0.0548722917133512,6101.52045188491,"moving",29,-14.69295,145.44156,"run_day_11652_liz21_del_07_29.json","07",11652
145.441716,-14.69393,4278,3.55,2021-11-26 07:37:00,0.0583566687089164,6488.96549630877,"moving",29,-14.69295,145.44156,"run_day_11652_liz21_del_07_29.json","07",11652
145.441869,-14.694428,4278,3.55,2021-11-26 07:49:00,0.0577686045903915,6423.5757497871,"moving",29,-14.69295,145.44156,"run_day_11652_liz21_del_07_29.json","07",11652
145.441629,-14.693573,4279,3.55,2021-11-26 08:07:00,0.0551007203917458,6126.92056202251,"moving",29,-14.69295,145.44156,"run_day_11652_liz21_del_07_29.json","07",11652
145.441745,-14.694068,4279,3.55,2021-11-26 08:19:00,0.0564378872240714,6275.6067298545,"moving",29,-14.69295,145.44156,"run_day_11652_liz21_del_07_29.json","07",11652
145.441891,-14.694529,4279,3.55,2021-11-26 08:31:00,0.0536122666589389,5961.41205838924,"moving",29,-14.69295,145.44156,"run_day_11652_liz21_del_07_29.json","07",11652
145.441606,-14.693635,4280,3.55,2021-11-26 07:49:00,0.0568875857037841,6325.61091931833,"moving",29,-14.69295,145.44156,"run_day_11652_liz21_del_07_29.json","07",11652
145.441743,-14.694153,4280,3.55,2021-11-26 08:01:00,0.0594539826057836,6610.98123457698,"moving",29,-14.69295,145.44156,"run_day_11652_liz21_del_07_29.json","07",11652
145.441904,-14.694636,4280,3.55,2021-11-26 08:13:00,0.056429876332327,6274.71595933462,"moving",29,-14.69295,145.44156,"run_day_11652_liz21_del_07_29.json","07",11652
145.441579,-14.693601,4281,3.55,2021-11-26 08:01:00,0.0568649065866828,6323.08911655588,"moving",29,-14.69295,145.44156,"run_day_11652_liz21_del_07_29.json","07",11652
145.441708,-14.694114,4281,3.55,2021-11-26 08:13:00,0.0587062153168079,6527.83330573213,"moving",29,-14.69295,145.44156,"run_day_11652_liz21_del_07_29.json","07",11652
145.441868,-14.694598,4281,3.55,2021-11-26 08:25:00,0.0565028651895388,6282.83194995816,"moving",29,-14.69295,145.44156,"run_day_11652_liz21_del_07_29.json","07",11652
145.441709,-14.69335,4282,3.55,2021-11-26 07:17:00,0.0519483720102578,5776.39541498486,"moving",29,-14.69295,145.44156,"run_day_11652_liz21_del_07_29.json","07",11652
145.441809,-14.693802,4282,3.55,2021-11-26 07:29:00,0.0513981176510967,5715.20992188209,"moving",29,-14.69295,145.44156,"run_day_11652_liz21_del_07_29.json","07",11652
145.441936,-14.69424,4282,3.55,2021-11-26 07:41:00,0.0505827212220515,5624.54197576818,"moving",29,-14.69295,145.44156,"run_day_11652_liz21_del_07_29.json","07",11652
145.442076,-14.69468,4282,3.55,2021-11-26 07:53:00,0.0511906017009568,5692.13520102872,"moving",29,-14.69295,145.44156,"run_day_11652_liz21_del_07_29.json","07",11652
145.441502,-14.693448,4283,3.55,2021-11-26 07:33:00,0.0568712215153433,6323.79130458505,"moving",29,-14.69295,145.44156,"run_day_11652_liz21_del_07_29.json","07",11652
145.441642,-14.693973,4283,3.55,2021-11-26 07:45:00,0.0602881574299161,6703.73724295513,"moving",29,-14.69295,145.44156,"run_day_11652_liz21_del_07_29.json","07",11652
145.441811,-14.694499,4283,3.55,2021-11-26 07:57:00,0.0612480469850644,6810.47209162672,"moving",29,-14.69295,145.44156,"run_day_11652_liz21_del_07_29.json","07",11652
145.441582,-14.693316,4284,3.55,2021-11-26 07:14:00,0.0546315195463163,6074.74780843341,"moving",29,-14.69295,145.44156,"run_day_11652_liz21_del_07_29.json","07",11652
145.441703,-14.693819,4284,3.55,2021-11-26 07:26:00,0.0574252661057244,6385.39825217029,"moving",29,-14.69295,145.44156,"run_day_11652_liz21_del_07_29.json","07",11652
145.441853,-14.694317,4284,3.55,2021-11-26 07:38:00,0.0576775168102135,6413.44725075199,"moving",29,-14.69295,145.44156,"run_day_11652_liz21_del_07_29.json","07",11652
145.44175,-14.693631,4285,3.55,2021-11-26 07:56:00,0.0526717117772213,5856.82712731147,"moving",29,-14.69295,145.44156,"run_day_11652_liz21_del_07_29.json","07",11652
145.441857,-14.69407,4285,3.55,2021-11-26 08:08:00,0.0501529017785263,5576.748234275,"moving",29,-14.69295,145.44156,"run_day_11652_liz21_del_07_29.json","07",11652
145.441984,-14.694489,4285,3.55,2021-11-26 08:20:00,0.0485518604906701,5398.72056571691,"moving",29,-14.69295,145.44156,"run_day_11652_liz21_del_07_29.json","07",11652
145.441522,-14.693351,4286,3.55,2021-11-26 07:28:00,0.0553384205268979,6153.35161111415,"moving",29,-14.69295,145.44156,"run_day_11652_liz21_del_07_29.json","07",11652
145.44165,-14.693865,4286,3.55,2021-11-26 07:40:00,0.0587889880829966,6537.03721739664,"moving",29,-14.69295,145.44156,"run_day_11652_liz21_del_07_29.json","07",11652
145.44181,-14.694384,4286,3.55,2021-11-26 07:52:00,0.0602214543568843,6696.32019964239,"moving",29,-14.69295,145.44156,"run_day_11652_liz21_del_07_29.json","07",11652
145.441545,-14.693284,4287,3.55,2021-11-26 07:36:00,0.0538136562806377,5983.80556260101,"moving",29,-14.69295,145.44156,"run_day_11652_liz21_del_07_29.json","07",11652
145.44166,-14.69379,4287,3.55,2021-11-26 07:48:00,0.0576082160565549,6405.74135853251,"moving",29,-14.69295,145.44156,"run_day_11652_liz21_del_07_29.json","07",11652
145.441807,-14.694299,4287,3.55,2021-11-26 08:00:00,0.0587651913249732,6534.39113863386,"moving",29,-14.69295,145.44156,"run_day_11652_liz21_del_07_29.json","07",11652
145.441552,-14.693389,4288,3.55,2021-11-26 07:48:00,0.0551974920174881,6137.68107584821,"moving",29,-14.69295,145.44156,"run_day_11652_liz21_del_07_29.json","07",11652
145.44167,-14.693902,4288,3.55,2021-11-26 08:00:00,0.0584378955620785,6497.99751028771,"moving",29,-14.69295,145.44156,"run_day_11652_liz21_del_07_29.json","07",11652
145.441819,-14.694402,4288,3.55,2021-11-26 08:12:00,0.0578611774313547,6433.86938004728,"moving",29,-14.69295,145.44156,"run_day_11652_liz21_del_07_29.json","07",11652
145.441622,-14.693253,4289,3.55,2021-11-26 07:59:00,0.0518332251207731,5763.59166505526,"moving",29,-14.69295,145.44156,"run_day_11652_liz21_del_07_29.json","07",11652
145.441713,-14.693736,4289,3.55,2021-11-26 08:11:00,0.0545917516672313,6070.32582203575,"moving",29,-14.69295,145.44156,"run_day_11652_liz21_del_07_29.json","07",11652
145.441831,-14.694196,4289,3.55,2021-11-26 08:23:00,0.0527007777417594,5860.05911510613,"moving",29,-14.69295,145.44156,"run_day_11652_liz21_del_07_29.json","07",11652
145.441973,-14.694631,4289,3.55,2021-11-26 08:35:00,0.0507238474227924,5640.2344933072,"moving",29,-14.69295,145.44156,"run_day_11652_liz21_del_07_29.json","07",11652
145.441611,-14.693532,4290,3.55,2021-11-26 07:28:00,0.0554991355086582,6171.22230172168,"moving",29,-14.69295,145.44156,"run_day_11652_liz21_del_07_29.json","07",11652
145.441748,-14.694045,4290,3.55,2021-11-26 07:40:00,0.0589155177394342,6551.10667326259,"moving",29,-14.69295,145.44156,"run_day_11652_liz21_del_07_29.json","07",11652
145.441905,-14.694538,4290,3.55,2021-11-26 07:52:00,0.0573610623213506,6378.25911707654,"moving",29,-14.69295,145.44156,"run_day_11652_liz21_del_07_29.json","07",11652
145.44175,-14.693366,4291,3.55,2021-11-26 07:31:00,0.0491481452471149,5465.02440546906,"moving",29,-14.69295,145.44156,"run_day_11652_liz21_del_07_29.json","07",11652
145.441837,-14.693785,4291,3.55,2021-11-26 07:43:00,0.0475211036874098,5284.10563859001,"moving",29,-14.69295,145.44156,"run_day_11652_liz21_del_07_29.json","07",11652
145.441951,-14.694193,4291,3.55,2021-11-26 07:55:00,0.0469953247325605,5225.64168627428,"moving",29,-14.69295,145.44156,"run_day_11652_liz21_del_07_29.json","07",11652
145.442078,-14.694607,4291,3.55,2021-11-26 08:07:00,0.0480185963255399,5339.42429599308,"moving",29,-14.69295,145.44156,"run_day_11652_liz21_del_07_29.json","07",11652
145.441688,-14.693594,4292,3.55,2021-11-26 07:14:00,0.0558183533728715,6206.71770871651,"moving",29,-14.69295,145.44156,"run_day_11652_liz21_del_07_29.json","07",11652
145.441825,-14.694082,4292,3.55,2021-11-26 07:26:00,0.0562282956486637,6252.30121000172,"moving",29,-14.69295,145.44156,"run_day_11652_liz21_del_07_29.json","07",11652
145.441971,-14.694554,4292,3.55,2021-11-26 07:38:00,0.0547829355127446,6091.58449571322,"moving",29,-14.69295,145.44156,"run_day_11652_liz21_del_07_29.json","07",11652
145.441543,-14.693499,4293,3.55,2021-11-26 07:16:00,0.0575749609912575,6402.04356398621,"moving",29,-14.69295,145.44156,"run_day_11652_liz21_del_07_29.json","07",11652
145.441691,-14.694022,4293,3.55,2021-11-26 07:28:00,0.0602942844044427,6704.41853143817,"moving",29,-14.69295,145.44156,"run_day_11652_liz21_del_07_29.json","07",11652
145.441858,-14.694538,4293,3.55,2021-11-26 07:40:00,0.0601224816873092,6685.31494090917,"moving",29,-14.69295,145.44156,"run_day_11652_liz21_del_07_29.json","07",11652
145.441523,-14.693262,4294,3.55,2021-11-26 07:12:00,0.0553949937734041,6159.64226910945,"moving",29,-14.69295,145.44156,"run_day_11652_liz21_del_07_29.json","07",11652
145.441648,-14.69377,4294,3.55,2021-11-26 07:24:00,0.0580650203127894,6456.53567429543,"moving",29,-14.69295,145.44156,"run_day_11652_liz21_del_07_29.json","07",11652
145.441805,-14.694286,4294,3.55,2021-11-26 07:36:00,0.0598099551940442,6650.56358041609,"moving",29,-14.69295,145.44156,"run_day_11652_liz21_del_07_29.json","07",11652
145.441597,-14.693623,4295,3.55,2021-11-26 07:47:00,0.056933527359524,6330.71939835825,"moving",29,-14.69295,145.44156,"run_day_11652_liz21_del_07_29.json","07",11652
145.441736,-14.694143,4295,3.55,2021-11-26 07:59:00,0.0597229465870355,6640.88866474231,"moving",29,-14.69295,145.44156,"run_day_11652_liz21_del_07_29.json","07",11652
145.441899,-14.694632,4295,3.55,2021-11-26 08:11:00,0.0571308687581382,6352.66276070109,"moving",29,-14.69295,145.44156,"run_day_11652_liz21_del_07_29.json","07",11652
145.44147,-14.693354,4296,3.55,2021-11-26 07:24:00,0.0567095774060537,6305.81729971006,"moving",29,-14.69295,145.44156,"run_day_11652_liz21_del_07_29.json","07",11652
145.441608,-14.693875,4296,3.55,2021-11-26 07:36:00,0.0598038258479276,6649.88202822427,"moving",29,-14.69295,145.44156,"run_day_11652_liz21_del_07_29.json","07",11652
145.441776,-14.694408,4296,3.55,2021-11-26 07:48:00,0.0619603221203698,6889.67347304775,"moving",29,-14.69295,145.44156,"run_day_11652_liz21_del_07_29.json","07",11652
145.441697,-14.693353,4297,3.55,2021-11-26 07:51:00,0.0513229557503834,5706.85229984581,"moving",29,-14.69295,145.44156,"run_day_11652_liz21_del_07_29.json","07",11652
145.441786,-14.693816,4297,3.55,2021-11-26 08:03:00,0.0523656540133254,5822.79505670606,"moving",29,-14.69295,145.44156,"run_day_11652_liz21_del_07_29.json","07",11652
145.441902,-14.694242,4297,3.55,2021-11-26 08:15:00,0.0489846422082186,5446.84369705282,"moving",29,-14.69295,145.44156,"run_day_11652_liz21_del_07_29.json","07",11652
145.442037,-14.694659,4297,3.55,2021-11-26 08:27:00,0.0485886589619306,5402.81236902936,"moving",29,-14.69295,145.44156,"run_day_11652_liz21_del_07_29.json","07",11652
145.441713,-14.693338,4298,3.55,2021-11-26 07:29:00,0.0506866013352604,5636.09291733627,"moving",29,-14.69295,145.44156,"run_day_11652_liz21_del_07_29.json","07",11652
145.441806,-14.693787,4298,3.55,2021-11-26 07:41:00,0.0509187225464047,5661.90361838211,"moving",29,-14.69295,145.44156,"run_day_11652_liz21_del_07_29.json","07",11652
145.441927,-14.694216,4298,3.55,2021-11-26 07:53:00,0.0494461187993547,5498.15755275238,"moving",29,-14.69295,145.44156,"run_day_11652_liz21_del_07_29.json","07",11652
145.442063,-14.694645,4298,3.55,2021-11-26 08:05:00,0.049895044196298,5548.07577933437,"moving",29,-14.69295,145.44156,"run_day_11652_liz21_del_07_29.json","07",11652
145.441722,-14.693367,4299,3.55,2021-11-26 07:40:00,0.0507183940373183,5639.62810450943,"moving",29,-14.69295,145.44156,"run_day_11652_liz21_del_07_29.json","07",11652
145.441813,-14.693812,4299,3.55,2021-11-26 07:52:00,0.0504405013713963,5608.72784990718,"moving",29,-14.69295,145.44156,"run_day_11652_liz21_del_07_29.json","07",11652
145.441929,-14.694233,4299,3.55,2021-11-26 08:04:00,0.0484472116994548,5387.08415105428,"moving",29,-14.69295,145.44156,"run_day_11652_liz21_del_07_29.json","07",11652
145.442062,-14.694649,4299,3.55,2021-11-26 08:16:00,0.048418565553134,5383.8988449155,"moving",29,-14.69295,145.44156,"run_day_11652_liz21_del_07_29.json","07",11652
145.441685,-14.693179,4300,3.55,2021-11-26 07:38:00,0.0492463229763116,5475.94127086522,"moving",29,-14.69295,145.44156,"run_day_11652_liz21_del_07_29.json","07",11652
145.441767,-14.693637,4300,3.55,2021-11-26 07:50:00,0.0516853588457128,5747.14968544673,"moving",29,-14.69295,145.44156,"run_day_11652_liz21_del_07_29.json","07",11652
145.441875,-14.694068,4300,3.55,2021-11-26 08:02:00,0.0493127289249719,5483.32527545526,"moving",29,-14.69295,145.44156,"run_day_11652_liz21_del_07_29.json","07",11652
145.442,-14.694487,4300,3.55,2021-11-26 08:14:00,0.0484917778061894,5392.03967602347,"moving",29,-14.69295,145.44156,"run_day_11652_liz21_del_07_29.json","07",11652
145.441529,-14.693529,4301,3.55,2021-11-26 07:57:00,0.0572926470913513,6370.6516905954,"moving",29,-14.69295,145.44156,"run_day_11652_liz21_del_07_29.json","07",11652
145.441659,-14.694049,4301,3.55,2021-11-26 08:09:00,0.059488002932196,6614.76412227683,"moving",29,-14.69295,145.44156,"run_day_11652_liz21_del_07_29.json","07",11652
145.441822,-14.694551,4301,3.55,2021-11-26 08:21:00,0.0585083399101578,6505.8305644049,"moving",29,-14.69295,145.44156,"run_day_11652_liz21_del_07_29.json","07",11652
145.441592,-14.693234,4302,3.55,2021-11-26 07:40:00,0.0522499236572387,5809.92642825045,"moving",29,-14.69295,145.44156,"run_day_11652_liz21_del_07_29.json","07",11652
145.441693,-14.693728,4302,3.55,2021-11-26 07:52:00,0.0559942029636146,6226.27129105966,"moving",29,-14.69295,145.44156,"run_day_11652_liz21_del_07_29.json","07",11652
145.441824,-14.694216,4302,3.55,2021-11-26 08:04:00,0.0560626290577175,6233.879925574,"moving",29,-14.69295,145.44156,"run_day_11652_liz21_del_07_29.json","07",11652
145.441976,-14.69467,4302,3.55,2021-11-26 08:16:00,0.0530637943627982,5900.4247216533,"moving",29,-14.69295,145.44156,"run_day_11652_liz21_del_07_29.json","07",11652
145.441629,-14.693228,4303,3.55,2021-11-26 07:35:00,0.0511359033500568,5686.05302191281,"moving",29,-14.69295,145.44156,"run_day_11652_liz21_del_07_29.json","07",11652
145.441725,-14.693716,4303,3.55,2021-11-26 07:47:00,0.0552368079840171,6142.05281186236,"moving",29,-14.69295,145.44156,"run_day_11652_liz21_del_07_29.json","07",11652
145.441852,-14.694185,4303,3.55,2021-11-26 07:59:00,0.0539097315806362,5994.48864853669,"moving",29,-14.69295,145.44156,"run_day_11652_liz21_del_07_29.json","07",11652
145.441997,-14.694633,4303,3.55,2021-11-26 08:11:00,0.052199610300918,5804.33183828513,"moving",29,-14.69295,145.44156,"run_day_11652_liz21_del_07_29.json","07",11652
145.441621,-14.693364,4304,3.55,2021-11-26 07:37:00,0.0530966519125983,5904.07831449304,"moving",29,-14.69295,145.44156,"run_day_11652_liz21_del_07_29.json","07",11652
145.441731,-14.693865,4304,3.55,2021-11-26 07:49:00,0.0569511828320405,6332.68259732959,"moving",29,-14.69295,145.44156,"run_day_11652_liz21_del_07_29.json","07",11652
145.441871,-14.694344,4304,3.55,2021-11-26 08:01:00,0.0553500473028439,6154.64444961258,"moving",29,-14.69295,145.44156,"run_day_11652_liz21_del_07_29.json","07",11652
145.441757,-14.693168,4305,3.55,2021-11-26 08:01:00,0.0459705582452936,5111.69285189484,"moving",29,-14.69295,145.44156,"run_day_11652_liz21_del_07_29.json","07",11652
145.44182,-14.693551,4305,3.55,2021-11-26 08:13:00,0.0431233723359951,4795.10022356697,"moving",29,-14.69295,145.44156,"run_day_11652_liz21_del_07_29.json","07",11652
145.441898,-14.693913,4305,3.55,2021-11-26 08:25:00,0.0411175563337544,4572.06366033533,"moving",29,-14.69295,145.44156,"run_day_11652_liz21_del_07_29.json","07",11652
145.441996,-14.694272,4305,3.55,2021-11-26 08:37:00,0.0412871800860406,4590.92496102797,"moving",29,-14.69295,145.44156,"run_day_11652_liz21_del_07_29.json","07",11652
145.442113,-14.694646,4305,3.55,2021-11-26 08:49:00,0.0434492198401535,4831.33281288918,"moving",29,-14.69295,145.44156,"run_day_11652_liz21_del_07_29.json","07",11652
145.441512,-14.693627,4306,3.55,2021-11-26 07:43:00,0.0588653932242979,6545.53308147891,"moving",29,-14.69295,145.44156,"run_day_11652_liz21_del_07_29.json","07",11652
145.441664,-14.694163,4306,3.55,2021-11-26 07:55:00,0.0618021232458531,6872.08256080061,"moving",29,-14.69295,145.44156,"run_day_11652_liz21_del_07_29.json","07",11652
145.441845,-14.694683,4306,3.55,2021-11-26 08:07:00,0.0610107607171447,6784.08706247163,"moving",29,-14.69295,145.44156,"run_day_11652_liz21_del_07_29.json","07",11652
145.441638,-14.693423,4307,3.55,2021-11-26 07:12:00,0.0549039670588044,6105.04258959902,"moving",29,-14.69295,145.44156,"run_day_11652_liz21_del_07_29.json","07",11652
145.441764,-14.693924,4307,3.55,2021-11-26 07:24:00,0.0573334192238704,6375.18534488,"moving",29,-14.69295,145.44156,"run_day_11652_liz21_del_07_29.json","07",11652
145.441909,-14.694403,4307,3.55,2021-11-26 07:36:00,0.0554987665439847,6171.18127472187,"moving",29,-14.69295,145.44156,"run_day_11652_liz21_del_07_29.json","07",11652
145.441521,-14.693505,4308,3.55,2021-11-26 07:32:00,0.0570608692117678,6344.87916627728,"moving",29,-14.69295,145.44156,"run_day_11652_liz21_del_07_29.json","07",11652
145.441665,-14.694032,4308,3.55,2021-11-26 07:44:00,0.0606120323816062,6739.75049445032,"moving",29,-14.69295,145.44156,"run_day_11652_liz21_del_07_29.json","07",11652
145.441836,-14.694553,4308,3.55,2021-11-26 07:56:00,0.0607820916054274,6758.66021736834,"moving",29,-14.69295,145.44156,"run_day_11652_liz21_del_07_29.json","07",11652
145.441586,-14.693228,4309,3.55,2021-11-26 07:20:00,0.0527775001374135,5868.59025626288,"moving",29,-14.69295,145.44156,"run_day_11652_liz21_del_07_29.json","07",11652
145.441695,-14.69372,4309,3.55,2021-11-26 07:32:00,0.0559500132191351,6221.35761566382,"moving",29,-14.69295,145.44156,"run_day_11652_liz21_del_07_29.json","07",11652
145.441837,-14.694213,4309,3.55,2021-11-26 07:44:00,0.0569069975083003,6327.76941349754,"moving",29,-14.69295,145.44156,"run_day_11652_liz21_del_07_29.json","07",11652
145.441993,-14.694684,4309,3.55,2021-11-26 07:56:00,0.0549949791128414,6115.16266827144,"moving",29,-14.69295,145.44156,"run_day_11652_liz21_del_07_29.json","07",11652
145.441754,-14.693262,4310,3.55,2021-11-26 07:31:00,0.0475400337647719,5286.21056715365,"moving",29,-14.69295,145.44156,"run_day_11652_liz21_del_07_29.json","07",11652
145.44183,-14.693664,4310,3.55,2021-11-26 07:43:00,0.0454416524689138,5052.8812128884,"moving",29,-14.69295,145.44156,"run_day_11652_liz21_del_07_29.json","07",11652
145.441932,-14.694056,4310,3.55,2021-11-26 07:55:00,0.0449478724935849,4997.97538475316,"moving",29,-14.69295,145.44156,"run_day_11652_liz21_del_07_29.json","07",11652
145.442047,-14.694455,4310,3.55,2021-11-26 08:07:00,0.0460587388703071,5121.49809002468,"moving",29,-14.69295,145.44156,"run_day_11652_liz21_del_07_29.json","07",11652
145.441683,-14.69366,4311,3.55,2021-11-26 07:46:00,0.0554279253526748,6163.30409365076,"moving",29,-14.69295,145.44156,"run_day_11652_liz21_del_07_29.json","07",11652
145.441812,-14.694153,4311,3.55,2021-11-26 07:58:00,0.0565477645777613,6287.82453413794,"moving",29,-14.69295,145.44156,"run_day_11652_liz21_del_07_29.json","07",11652
145.441962,-14.694612,4311,3.55,2021-11-26 08:10:00,0.053527768400269,5952.01628071484,"moving",29,-14.69295,145.44156,"run_day_11652_liz21_del_07_29.json","07",11652
145.4417,-14.693164,4312,3.55,2021-11-26 07:16:00,0.0497925115264237,5536.67466662903,"moving",29,-14.69295,145.44156,"run_day_11652_liz21_del_07_29.json","07",11652
145.441784,-14.693604,4312,3.55,2021-11-26 07:28:00,0.0497529944350275,5532.28056655002,"moving",29,-14.69295,145.44156,"run_day_11652_liz21_del_07_29.json","07",11652
145.441897,-14.694028,4312,3.55,2021-11-26 07:40:00,0.0486880723266027,5413.86663082156,"moving",29,-14.69295,145.44156,"run_day_11652_liz21_del_07_29.json","07",11652
145.442021,-14.694455,4312,3.55,2021-11-26 07:52:00,0.0493178833532623,5483.8984217309,"moving",29,-14.69295,145.44156,"run_day_11652_liz21_del_07_29.json","07",11652
145.441769,-14.693441,4313,3.55,2021-11-26 08:07:00,0.047853852307731,5321.10559701769,"moving",29,-14.69295,145.44156,"run_day_11652_liz21_del_07_29.json","07",11652
145.441847,-14.693837,4313,3.55,2021-11-26 08:19:00,0.0448252890698922,4984.34472994781,"moving",29,-14.69295,145.44156,"run_day_11652_liz21_del_07_29.json","07",11652
145.441948,-14.694217,4313,3.55,2021-11-26 08:31:00,0.0436281974656765,4851.23421683022,"moving",29,-14.69295,145.44156,"run_day_11652_liz21_del_07_29.json","07",11652
145.442069,-14.694603,4313,3.55,2021-11-26 08:43:00,0.0448509835690606,4987.20182789801,"moving",29,-14.69295,145.44156,"run_day_11652_liz21_del_07_29.json","07",11652
145.441565,-14.693206,4314,3.55,2021-11-26 07:53:00,0.0526844772020772,5858.24657779191,"moving",29,-14.69295,145.44156,"run_day_11652_liz21_del_07_29.json","07",11652
145.441665,-14.693698,4314,3.55,2021-11-26 08:05:00,0.0557552063901836,6199.6960846087,"moving",29,-14.69295,145.44156,"run_day_11652_liz21_del_07_29.json","07",11652
145.44179,-14.694187,4314,3.55,2021-11-26 08:17:00,0.0560118623282973,6228.23492282014,"moving",29,-14.69295,145.44156,"run_day_11652_liz21_del_07_29.json","07",11652
145.44194,-14.694641,4314,3.55,2021-11-26 08:29:00,0.0529979134675695,5893.09910034106,"moving",29,-14.69295,145.44156,"run_day_11652_liz21_del_07_29.json","07",11652
145.441586,-14.693561,4315,3.55,2021-11-26 07:55:00,0.0564301181360379,6274.74284668052,"moving",29,-14.69295,145.44156,"run_day_11652_liz21_del_07_29.json","07",11652
145.441713,-14.694076,4315,3.55,2021-11-26 08:07:00,0.0588720442127621,6546.2726376533,"moving",29,-14.69295,145.44156,"run_day_11652_liz21_del_07_29.json","07",11652
145.44187,-14.694561,4315,3.55,2021-11-26 08:19:00,0.0565115300209767,6283.79543525428,"moving",29,-14.69295,145.44156,"run_day_11652_liz21_del_07_29.json","07",11652
145.441504,-14.693325,4316,3.55,2021-11-26 07:42:00,0.0555030292395883,6171.65526484682,"moving",29,-14.69295,145.44156,"run_day_11652_liz21_del_07_29.json","07",11652
145.441626,-14.693841,4316,3.55,2021-11-26 07:54:00,0.0588579852073802,6544.70934758116,"moving",29,-14.69295,145.44156,"run_day_11652_liz21_del_07_29.json","07",11652
145.44178,-14.69436,4316,3.55,2021-11-26 08:06:00,0.0600402205651931,6676.16792146978,"moving",29,-14.69295,145.44156,"run_day_11652_liz21_del_07_29.json","07",11652
145.441477,-14.693491,4317,3.55,2021-11-26 07:16:00,0.0589696984718814,6557.1312958326,"moving",29,-14.69295,145.44156,"run_day_11652_liz21_del_07_29.json","07",11652
145.441632,-14.694022,4317,3.55,2021-11-26 07:28:00,0.0613530279229177,6822.14543931039,"moving",29,-14.69295,145.44156,"run_day_11652_liz21_del_07_29.json","07",11652
145.44181,-14.694555,4317,3.55,2021-11-26 07:40:00,0.0622824928818465,6925.49722723718,"moving",29,-14.69295,145.44156,"run_day_11652_liz21_del_07_29.json","07",11652
145.441597,-14.693332,4318,3.55,2021-11-26 07:29:00,0.0532350455841416,5919.46698864836,"moving",29,-14.69295,145.44156,"run_day_11652_liz21_del_07_29.json","07",11652
145.441711,-14.693834,4318,3.55,2021-11-26 07:41:00,0.0571507159121515,6354.86966353571,"moving",29,-14.69295,145.44156,"run_day_11652_liz21_del_07_29.json","07",11652
145.441856,-14.694325,4318,3.55,2021-11-26 07:53:00,0.0567805764610505,6313.71203442227,"moving",29,-14.69295,145.44156,"run_day_11652_liz21_del_07_29.json","07",11652
145.441636,-14.693441,4319,3.55,2021-11-26 08:04:00,0.0535785779267509,5957.66604228484,"moving",29,-14.69295,145.44156,"run_day_11652_liz21_del_07_29.json","07",11652
145.441739,-14.69393,4319,3.55,2021-11-26 08:16:00,0.0554914410049851,6170.36671195018,"moving",29,-14.69295,145.44156,"run_day_11652_liz21_del_07_29.json","07",11652
145.441872,-14.694386,4319,3.55,2021-11-26 08:28:00,0.0526842026869701,5858.2160531047,"moving",29,-14.69295,145.44156,"run_day_11652_liz21_del_07_29.json","07",11652
145.441524,-14.693545,4320,3.55,2021-11-26 07:11:00,0.0589172557008828,6551.29992575837,"moving",29,-14.69295,145.44156,"run_day_11652_liz21_del_07_29.json","07",11652
145.441681,-14.694077,4320,3.55,2021-11-26 07:23:00,0.0615187458057955,6840.57242714069,"moving",29,-14.69295,145.44156,"run_day_11652_liz21_del_07_29.json","07",11652
145.441856,-14.694598,4320,3.55,2021-11-26 07:35:00,0.0609136573365965,6773.28965919464,"moving",29,-14.69295,145.44156,"run_day_11652_liz21_del_07_29.json","07",11652
145.441657,-14.693187,4321,3.55,2021-11-26 08:03:00,0.0500110471064647,5560.97471442091,"moving",29,-14.69295,145.44156,"run_day_11652_liz21_del_07_29.json","07",11652
145.441738,-14.693651,4321,3.55,2021-11-26 08:15:00,0.0523248503473429,5818.25789606031,"moving",29,-14.69295,145.44156,"run_day_11652_liz21_del_07_29.json","07",11652
145.441841,-14.694087,4321,3.55,2021-11-26 08:27:00,0.0497306689780959,5529.7980890042,"moving",29,-14.69295,145.44156,"run_day_11652_liz21_del_07_29.json","07",11652
145.441968,-14.694503,4321,3.55,2021-11-26 08:39:00,0.0482318414512667,5363.13607210559,"moving",29,-14.69295,145.44156,"run_day_11652_liz21_del_07_29.json","07",11652
145.441485,-14.69337,4322,3.55,2021-11-26 08:02:00,0.0564759076193885,6279.83440492278,"moving",29,-14.69295,145.44156,"run_day_11652_liz21_del_07_29.json","07",11652
145.441605,-14.693881,4322,3.55,2021-11-26 08:14:00,0.0582681071489661,6479.11790014657,"moving",29,-14.69295,145.44156,"run_day_11652_liz21_del_07_29.json","07",11652
145.441756,-14.69439,4322,3.55,2021-11-26 08:26:00,0.0588824036620172,6547.4245558533,"moving",29,-14.69295,145.44156,"run_day_11652_liz21_del_07_29.json","07",11652
145.441631,-14.693232,4323,3.55,2021-11-26 07:42:00,0.0512008996874629,5693.28028488285,"moving",29,-14.69295,145.44156,"run_day_11652_liz21_del_07_29.json","07",11652
145.441725,-14.69372,4323,3.55,2021-11-26 07:54:00,0.0551969999034068,6137.62635525903,"moving",29,-14.69295,145.44156,"run_day_11652_liz21_del_07_29.json","07",11652
145.441848,-14.694185,4323,3.55,2021-11-26 08:06:00,0.0533713154336484,5934.61950456814,"moving",29,-14.69295,145.44156,"run_day_11652_liz21_del_07_29.json","07",11652
145.44199,-14.694625,4323,3.55,2021-11-26 08:18:00,0.0512542932774373,5699.21738120335,"moving",29,-14.69295,145.44156,"run_day_11652_liz21_del_07_29.json","07",11652
145.441522,-14.693266,4324,3.55,2021-11-26 07:39:00,0.054187917570947,6025.42151932285,"moving",29,-14.69295,145.44156,"run_day_11652_liz21_del_07_29.json","07",11652
145.441638,-14.693774,4324,3.55,2021-11-26 07:51:00,0.0578485419262922,6432.46437598874,"moving",29,-14.69295,145.44156,"run_day_11652_liz21_del_07_29.json","07",11652
145.441784,-14.694289,4324,3.55,2021-11-26 08:03:00,0.0593794949747769,6602.69858791126,"moving",29,-14.69295,145.44156,"run_day_11652_liz21_del_07_29.json","07",11652
145.441608,-14.693212,4325,3.55,2021-11-26 07:53:00,0.0516582346723126,5744.1336149752,"moving",29,-14.69295,145.44156,"run_day_11652_liz21_del_07_29.json","07",11652
145.441701,-14.693699,4325,3.55,2021-11-26 08:05:00,0.0550680510155258,6123.28789313021,"moving",29,-14.69295,145.44156,"run_day_11652_liz21_del_07_29.json","07",11652
145.44182,-14.694169,4325,3.55,2021-11-26 08:17:00,0.0538061513308668,5982.97105026176,"moving",29,-14.69295,145.44156,"run_day_11652_liz21_del_07_29.json","07",11652
145.441962,-14.694609,4325,3.55,2021-11-26 08:29:00,0.0512542936096332,5699.21741814184,"moving",29,-14.69295,145.44156,"run_day_11652_liz21_del_07_29.json","07",11652
145.441605,-14.693366,4326,3.55,2021-11-26 07:44:00,0.0535540857130119,5954.94263237477,"moving",29,-14.69295,145.44156,"run_day_11652_liz21_del_07_29.json","07",11652
145.441715,-14.69387,4326,3.55,2021-11-26 07:56:00,0.0572775315567803,6368.97091983758,"moving",29,-14.69295,145.44156,"run_day_11652_liz21_del_07_29.json","07",11652
145.441855,-14.694353,4326,3.55,2021-11-26 08:08:00,0.0557781820559107,6202.25086207384,"moving",29,-14.69295,145.44156,"run_day_11652_liz21_del_07_29.json","07",11652
145.441648,-14.693429,4327,3.55,2021-11-26 07:52:00,0.0533809877597092,5935.69501815495,"moving",29,-14.69295,145.44156,"run_day_11652_liz21_del_07_29.json","07",11652
145.441754,-14.693923,4327,3.55,2021-11-26 08:04:00,0.05610101842572,6238.14862853298,"moving",29,-14.69295,145.44156,"run_day_11652_liz21_del_07_29.json","07",11652
145.441887,-14.694379,4327,3.55,2021-11-26 08:16:00,0.0526842028122451,5858.21606703464,"moving",29,-14.69295,145.44156,"run_day_11652_liz21_del_07_29.json","07",11652
145.441606,-14.693445,4328,3.55,2021-11-26 08:09:00,0.0540105993234308,6005.70462979754,"moving",29,-14.69295,145.44156,"run_day_11652_liz21_del_07_29.json","07",11652
145.441712,-14.693937,4328,3.55,2021-11-26 08:21:00,0.0558832875535018,6213.93806016841,"moving",29,-14.69295,145.44156,"run_day_11652_liz21_del_07_29.json","07",11652
145.44185,-14.694406,4328,3.55,2021-11-26 08:33:00,0.0542215980569281,6029.16661849087,"moving",29,-14.69295,145.44156,"run_day_11652_liz21_del_07_29.json","07",11652
145.441613,-14.693319,4329,3.55,2021-11-26 07:19:00,0.0535138152798448,5950.46476451281,"moving",29,-14.69295,145.44156,"run_day_11652_liz21_del_07_29.json","07",11652
145.441727,-14.693815,4329,3.55,2021-11-26 07:31:00,0.0564992641788529,6282.43153583909,"moving",29,-14.69295,145.44156,"run_day_11652_liz21_del_07_29.json","07",11652
145.441871,-14.694299,4329,3.55,2021-11-26 07:43:00,0.0560027152278556,6227.21781165752,"moving",29,-14.69295,145.44156,"run_day_11652_liz21_del_07_29.json","07",11652
145.441486,-14.693469,4330,3.55,2021-11-26 07:31:00,0.0574352527939615,6386.50872123624,"moving",29,-14.69295,145.44156,"run_day_11652_liz21_del_07_29.json","07",11652
145.441631,-14.693998,4330,3.55,2021-11-26 07:43:00,0.0608545426041832,6766.71640086033,"moving",29,-14.69295,145.44156,"run_day_11652_liz21_del_07_29.json","07",11652
145.441805,-14.694529,4330,3.55,2021-11-26 07:55:00,0.0619395589094422,6887.36470933175,"moving",29,-14.69295,145.44156,"run_day_11652_liz21_del_07_29.json","07",11652
145.441632,-14.693694,4331,3.55,2021-11-26 07:18:00,0.0578828509088529,6436.27936078783,"moving",29,-14.69295,145.44156,"run_day_11652_liz21_del_07_29.json","07",11652
145.441787,-14.69421,4331,3.55,2021-11-26 07:30:00,0.0597495775925301,6643.84989744475,"moving",29,-14.69295,145.44156,"run_day_11652_liz21_del_07_29.json","07",11652
145.441954,-14.694704,4331,3.55,2021-11-26 07:42:00,0.0577925365013755,6426.23685687343,"moving",29,-14.69295,145.44156,"run_day_11652_liz21_del_07_29.json","07",11652
145.441653,-14.693177,4332,3.55,2021-11-26 08:03:00,0.0500110471853289,5560.97472319021,"moving",29,-14.69295,145.44156,"run_day_11652_liz21_del_07_29.json","07",11652
145.441733,-14.693641,4332,3.55,2021-11-26 08:15:00,0.0523070491294483,5816.27849094234,"moving",29,-14.69295,145.44156,"run_day_11652_liz21_del_07_29.json","07",11652
145.441836,-14.694078,4332,3.55,2021-11-26 08:27:00,0.0498390759518074,5541.85239449381,"moving",29,-14.69295,145.44156,"run_day_11652_liz21_del_07_29.json","07",11652
145.441963,-14.694496,4332,3.55,2021-11-26 08:39:00,0.0484451671003626,5386.85680200821,"moving",29,-14.69295,145.44156,"run_day_11652_liz21_del_07_29.json","07",11652
145.441726,-14.693642,4333,3.55,2021-11-26 07:40:00,0.0540842513448605,6013.89436091764,"moving",29,-14.69295,145.44156,"run_day_11652_liz21_del_07_29.json","07",11652
145.441849,-14.694107,4333,3.55,2021-11-26 07:52:00,0.0533713166045429,5934.61963476567,"moving",29,-14.69295,145.44156,"run_day_11652_liz21_del_07_29.json","07",11652
145.441988,-14.694555,4333,3.55,2021-11-26 08:04:00,0.0520104447533946,5783.29758910459,"moving",29,-14.69295,145.44156,"run_day_11652_liz21_del_07_29.json","07",11652
145.441689,-14.693354,4334,3.55,2021-11-26 07:17:00,0.0524666333791557,5834.02344988218,"moving",29,-14.69295,145.44156,"run_day_11652_liz21_del_07_29.json","07",11652
145.441794,-14.693823,4334,3.55,2021-11-26 07:29:00,0.0533592779950081,5933.28100246155,"moving",29,-14.69295,145.44156,"run_day_11652_liz21_del_07_29.json","07",11652
145.441926,-14.694273,4334,3.55,2021-11-26 07:41:00,0.0520129531704498,5783.57651235504,"moving",29,-14.69295,145.44156,"run_day_11652_liz21_del_07_29.json","07",11652
145.441503,-14.693513,4335,3.55,2021-11-26 07:59:00,0.0577156063808593,6417.68261776587,"moving",29,-14.69295,145.44156,"run_day_11652_liz21_del_07_29.json","07",11652
145.441634,-14.694034,4335,3.55,2021-11-26 08:11:00,0.0596214158215552,6629.59895872257,"moving",29,-14.69295,145.44156,"run_day_11652_liz21_del_07_29.json","07",11652
145.441799,-14.694542,4335,3.55,2021-11-26 08:23:00,0.0592093125738029,6583.77516831876,"moving",29,-14.69295,145.44156,"run_day_11652_liz21_del_07_29.json","07",11652
145.441535,-14.693259,4336,3.55,2021-11-26 08:00:00,0.0540180292054964,6006.5307949888,"moving",29,-14.69295,145.44156,"run_day_11652_liz21_del_07_29.json","07",11652
145.44164,-14.693755,4336,3.55,2021-11-26 08:12:00,0.0562971116932484,6259.95320503129,"moving",29,-14.69295,145.44156,"run_day_11652_liz21_del_07_29.json","07",11652
145.441772,-14.694251,4336,3.55,2021-11-26 08:24:00,0.0569507925220149,6332.63919683493,"moving",29,-14.69295,145.44156,"run_day_11652_liz21_del_07_29.json","07",11652
145.441931,-14.694712,4336,3.55,2021-11-26 08:36:00,0.0540383632046421,6008.7918325322,"moving",29,-14.69295,145.44156,"run_day_11652_liz21_del_07_29.json","07",11652
145.441728,-14.693444,4337,3.55,2021-11-26 07:50:00,0.0514479229004643,5720.74801293204,"moving",29,-14.69295,145.44156,"run_day_11652_liz21_del_07_29.json","07",11652
145.441822,-14.693888,4337,3.55,2021-11-26 08:02:00,0.0503951676838514,5603.6869738461,"moving",29,-14.69295,145.44156,"run_day_11652_liz21_del_07_29.json","07",11652
145.441939,-14.694305,4337,3.55,2021-11-26 08:14:00,0.0480456300237434,5342.43030608175,"moving",29,-14.69295,145.44156,"run_day_11652_liz21_del_07_29.json","07",11652
145.441587,-14.693534,4338,3.55,2021-11-26 07:30:00,0.0559199175396157,6218.01112878734,"moving",29,-14.69295,145.44156,"run_day_11652_liz21_del_07_29.json","07",11652
145.441727,-14.694053,4338,3.55,2021-11-26 07:42:00,0.059642365022488,6631.92840358355,"moving",29,-14.69295,145.44156,"run_day_11652_liz21_del_07_29.json","07",11652
145.441888,-14.694554,4338,3.55,2021-11-26 07:54:00,0.0583380483203343,6486.8950035663,"moving",29,-14.69295,145.44156,"run_day_11652_liz21_del_07_29.json","07",11652
145.441756,-14.693319,4339,3.55,2021-11-26 07:36:00,0.0481062450249127,5349.17038669034,"moving",29,-14.69295,145.44156,"run_day_11652_liz21_del_07_29.json","07",11652
145.441835,-14.693728,4339,3.55,2021-11-26 07:48:00,0.0462657048105296,5144.51165256564,"moving",29,-14.69295,145.44156,"run_day_11652_liz21_del_07_29.json","07",11652
145.44194,-14.694123,4339,3.55,2021-11-26 08:00:00,0.045350716875286,5042.76963622558,"moving",29,-14.69295,145.44156,"run_day_11652_liz21_del_07_29.json","07",11652
145.442059,-14.694523,4339,3.55,2021-11-26 08:12:00,0.0462829855829277,5146.43318678481,"moving",29,-14.69295,145.44156,"run_day_11652_liz21_del_07_29.json","07",11652
145.44164,-14.693409,4340,3.55,2021-11-26 07:14:00,0.0545553305180484,6066.27597502405,"moving",29,-14.69295,145.44156,"run_day_11652_liz21_del_07_29.json","07",11652
145.441763,-14.693906,4340,3.55,2021-11-26 07:26:00,0.0568253531046765,6318.69097002566,"moving",29,-14.69295,145.44156,"run_day_11652_liz21_del_07_29.json","07",11652
145.441907,-14.694384,4340,3.55,2021-11-26 07:38:00,0.0553618741766477,6155.95953797763,"moving",29,-14.69295,145.44156,"run_day_11652_liz21_del_07_29.json","07",11652
145.441694,-14.693432,4341,3.55,2021-11-26 07:52:00,0.0523267599338912,5818.47023239647,"moving",29,-14.69295,145.44156,"run_day_11652_liz21_del_07_29.json","07",11652
145.441792,-14.693902,4341,3.55,2021-11-26 08:04:00,0.0533140063358923,5928.24702364708,"moving",29,-14.69295,145.44156,"run_day_11652_liz21_del_07_29.json","07",11652
145.441916,-14.694336,4341,3.55,2021-11-26 08:16:00,0.0500676894273843,5567.27305314054,"moving",29,-14.69295,145.44156,"run_day_11652_liz21_del_07_29.json","07",11652
145.441631,-14.69335,4342,3.55,2021-11-26 07:44:00,0.0527907164140796,5870.05983917728,"moving",29,-14.69295,145.44156,"run_day_11652_liz21_del_07_29.json","07",11652
145.441735,-14.693847,4342,3.55,2021-11-26 07:56:00,0.0563846127735887,6269.68288124105,"moving",29,-14.69295,145.44156,"run_day_11652_liz21_del_07_29.json","07",11652
145.441869,-14.694316,4342,3.55,2021-11-26 08:08:00,0.0541054069757796,6016.24675974581,"moving",29,-14.69295,145.44156,"run_day_11652_liz21_del_07_29.json","07",11652
145.441572,-14.693275,4343,3.55,2021-11-26 07:11:00,0.0546555497417546,6077.41984425243,"moving",29,-14.69295,145.44156,"run_day_11652_liz21_del_07_29.json","07",11652
145.44169,-14.693778,4343,3.55,2021-11-26 07:23:00,0.0573529982320198,6377.36243125495,"moving",29,-14.69295,145.44156,"run_day_11652_liz21_del_07_29.json","07",11652
145.441841,-14.694277,4343,3.55,2021-11-26 07:35:00,0.0578144052967724,6428.6685559734,"moving",29,-14.69295,145.44156,"run_day_11652_liz21_del_07_29.json","07",11652
145.441573,-14.693354,4344,3.55,2021-11-26 07:24:00,0.054330518621896,6041.27803272256,"moving",29,-14.69295,145.44156,"run_day_11652_liz21_del_07_29.json","07",11652
145.441696,-14.693861,4344,3.55,2021-11-26 07:36:00,0.0579073270422276,6439.00098264298,"moving",29,-14.69295,145.44156,"run_day_11652_liz21_del_07_29.json","07",11652
145.441848,-14.694363,4344,3.55,2021-11-26 07:48:00,0.0581647712772841,6467.62747547514,"moving",29,-14.69295,145.44156,"run_day_11652_liz21_del_07_29.json","07",11652
145.441533,-14.693274,4345,3.55,2021-11-26 08:08:00,0.0540180290284636,6006.53077530366,"moving",29,-14.69295,145.44156,"run_day_11652_liz21_del_07_29.json","07",11652
145.441636,-14.693766,4345,3.55,2021-11-26 08:20:00,0.0558183516420079,6206.71751625325,"moving",29,-14.69295,145.44156,"run_day_11652_liz21_del_07_29.json","07",11652
145.441768,-14.694259,4345,3.55,2021-11-26 08:32:00,0.0566278009338282,6296.7241708797,"moving",29,-14.69295,145.44156,"run_day_11652_liz21_del_07_29.json","07",11652
145.441926,-14.69472,4345,3.55,2021-11-26 08:44:00,0.0540044201186789,6005.01753357843,"moving",29,-14.69295,145.44156,"run_day_11652_liz21_del_07_29.json","07",11652
145.441532,-14.693478,4346,3.55,2021-11-26 08:04:00,0.0564378946722123,6275.60755804997,"moving",29,-14.69295,145.44156,"run_day_11652_liz21_del_07_29.json","07",11652
145.441653,-14.693987,4346,3.55,2021-11-26 08:16:00,0.0580752704021025,6457.6754322247,"moving",29,-14.69295,145.44156,"run_day_11652_liz21_del_07_29.json","07",11652
145.441808,-14.694484,4346,3.55,2021-11-26 08:28:00,0.0577237853375872,6418.59207625926,"moving",29,-14.69295,145.44156,"run_day_11652_liz21_del_07_29.json","07",11652
145.441761,-14.693636,4347,3.55,2021-11-26 07:21:00,0.0529716869787432,5890.18284783988,"moving",29,-14.69295,145.44156,"run_day_11652_liz21_del_07_29.json","07",11652
145.441885,-14.694079,4347,3.55,2021-11-26 07:33:00,0.0510329840664968,5674.60891972705,"moving",29,-14.69295,145.44156,"run_day_11652_liz21_del_07_29.json","07",11652
145.442017,-14.694526,4347,3.55,2021-11-26 07:45:00,0.0516921122126042,5747.90062558282,"moving",29,-14.69295,145.44156,"run_day_11652_liz21_del_07_29.json","07",11652
145.441729,-14.693344,4348,3.55,2021-11-26 07:24:00,0.050448218467616,5609.58595185523,"moving",29,-14.69295,145.44156,"run_day_11652_liz21_del_07_29.json","07",11652
145.441821,-14.693779,4348,3.55,2021-11-26 07:36:00,0.0493716047304983,5489.87196633191,"moving",29,-14.69295,145.44156,"run_day_11652_liz21_del_07_29.json","07",11652
145.441941,-14.694201,4348,3.55,2021-11-26 07:48:00,0.0486669950102077,5411.52294017115,"moving",29,-14.69295,145.44156,"run_day_11652_liz21_del_07_29.json","07",11652
145.442073,-14.694629,4348,3.55,2021-11-26 08:00:00,0.0496640471088796,5522.39007514378,"moving",29,-14.69295,145.44156,"run_day_11652_liz21_del_07_29.json","07",11652
145.441773,-14.693429,4349,3.55,2021-11-26 07:32:00,0.047978073508459,5334.91836432035,"moving",29,-14.69295,145.44156,"run_day_11652_liz21_del_07_29.json","07",11652
145.441863,-14.693835,4349,3.55,2021-11-26 07:44:00,0.0461713227594894,5134.01684732367,"moving",29,-14.69295,145.44156,"run_day_11652_liz21_del_07_29.json","07",11652
145.441976,-14.694236,4349,3.55,2021-11-26 07:56:00,0.0462159634256672,5138.98066292467,"moving",29,-14.69295,145.44156,"run_day_11652_liz21_del_07_29.json","07",11652
145.442103,-14.694645,4349,3.55,2021-11-26 08:08:00,0.0474858545371651,5280.18611191426,"moving",29,-14.69295,145.44156,"run_day_11652_liz21_del_07_29.json","07",11652
145.441587,-14.69352,4350,3.55,2021-11-26 07:51:00,0.0559726523266759,6223.87496956612,"moving",29,-14.69295,145.44156,"run_day_11652_liz21_del_07_29.json","07",11652
145.441713,-14.694035,4350,3.55,2021-11-26 08:03:00,0.058847181366834,6543.50801532415,"moving",29,-14.69295,145.44156,"run_day_11652_liz21_del_07_29.json","07",11652
145.441867,-14.694522,4350,3.55,2021-11-26 08:15:00,0.0566285768492476,6296.81044873785,"moving",29,-14.69295,145.44156,"run_day_11652_liz21_del_07_29.json","07",11652
145.441539,-14.693588,4351,3.55,2021-11-26 07:14:00,0.0587833228623892,6536.40727360678,"moving",29,-14.69295,145.44156,"run_day_11652_liz21_del_07_29.json","07",11652
145.441698,-14.694119,4351,3.55,2021-11-26 07:26:00,0.0614713281477672,6835.29982413457,"moving",29,-14.69295,145.44156,"run_day_11652_liz21_del_07_29.json","07",11652
145.441873,-14.694637,4351,3.55,2021-11-26 07:38:00,0.0605964847087582,6738.0216721085,"moving",29,-14.69295,145.44156,"run_day_11652_liz21_del_07_29.json","07",11652
145.441727,-14.693243,4352,3.55,2021-11-26 07:32:00,0.0488391893593958,5430.67007819773,"moving",29,-14.69295,145.44156,"run_day_11652_liz21_del_07_29.json","07",11652
145.441806,-14.69367,4352,3.55,2021-11-26 07:44:00,0.0482345690202497,5363.43936393857,"moving",29,-14.69295,145.44156,"run_day_11652_liz21_del_07_29.json","07",11652
145.441914,-14.694079,4352,3.55,2021-11-26 07:56:00,0.0469388189708494,5219.35853224582,"moving",29,-14.69295,145.44156,"run_day_11652_liz21_del_07_29.json","07",11652
145.442035,-14.69449,4352,3.55,2021-11-26 08:08:00,0.0475181000518513,5283.77164955441,"moving",29,-14.69295,145.44156,"run_day_11652_liz21_del_07_29.json","07",11652
145.441512,-14.6936,4353,3.55,2021-11-26 07:15:00,0.0595884248008157,6625.93052459151,"moving",29,-14.69295,145.44156,"run_day_11652_liz21_del_07_29.json","07",11652
145.441675,-14.694135,4353,3.55,2021-11-26 07:27:00,0.0620189178152526,6896.18901704193,"moving",29,-14.69295,145.44156,"run_day_11652_liz21_del_07_29.json","07",11652
145.441856,-14.69466,4353,3.55,2021-11-26 07:39:00,0.0615379276582063,6842.70535181241,"moving",29,-14.69295,145.44156,"run_day_11652_liz21_del_07_29.json","07",11652
145.441755,-14.693605,4354,3.55,2021-11-26 08:07:00,0.0513768153350019,5712.84121240658,"moving",29,-14.69295,145.44156,"run_day_11652_liz21_del_07_29.json","07",11652
145.441853,-14.694027,4354,3.55,2021-11-26 08:19:00,0.048093583250554,5347.76246161933,"moving",29,-14.69295,145.44156,"run_day_11652_liz21_del_07_29.json","07",11652
145.441973,-14.694434,4354,3.55,2021-11-26 08:31:00,0.0470608735613386,5232.9303834819,"moving",29,-14.69295,145.44156,"run_day_11652_liz21_del_07_29.json","07",11652
145.44173,-14.693536,4355,3.55,2021-11-26 07:47:00,0.0525986144535206,5848.69907576465,"moving",29,-14.69295,145.44156,"run_day_11652_liz21_del_07_29.json","07",11652
145.441835,-14.693987,4355,3.55,2021-11-26 07:59:00,0.0514048572045731,5715.95932603652,"moving",29,-14.69295,145.44156,"run_day_11652_liz21_del_07_29.json","07",11652
145.441961,-14.694415,4355,3.55,2021-11-26 08:11:00,0.0494834269801368,5502.30603317769,"moving",29,-14.69295,145.44156,"run_day_11652_liz21_del_07_29.json","07",11652
145.441498,-14.693407,4356,3.55,2021-11-26 07:47:00,0.0567424118361219,6309.46832175292,"moving",29,-14.69295,145.44156,"run_day_11652_liz21_del_07_29.json","07",11652
145.441626,-14.693929,4356,3.55,2021-11-26 07:59:00,0.0596541736275078,6633.2414605525,"moving",29,-14.69295,145.44156,"run_day_11652_liz21_del_07_29.json","07",11652
145.441786,-14.694445,4356,3.55,2021-11-26 08:11:00,0.0599018547923514,6660.78234950853,"moving",29,-14.69295,145.44156,"run_day_11652_liz21_del_07_29.json","07",11652
145.441551,-14.693471,4357,3.55,2021-11-26 07:43:00,0.0561608356344274,6244.79999866727,"moving",29,-14.69295,145.44156,"run_day_11652_liz21_del_07_29.json","07",11652
145.441681,-14.693991,4357,3.55,2021-11-26 07:55:00,0.0594880038046269,6614.76421928672,"moving",29,-14.69295,145.44156,"run_day_11652_liz21_del_07_29.json","07",11652
145.44184,-14.694497,4357,3.55,2021-11-26 08:07:00,0.0588062782174232,6538.95979262588,"moving",29,-14.69295,145.44156,"run_day_11652_liz21_del_07_29.json","07",11652
145.441682,-14.693346,4358,3.55,2021-11-26 07:56:00,0.0516900708286194,5747.67363404038,"moving",29,-14.69295,145.44156,"run_day_11652_liz21_del_07_29.json","07",11652
145.441771,-14.693815,4358,3.55,2021-11-26 08:08:00,0.0530217215365437,5895.7464368242,"moving",29,-14.69295,145.44156,"run_day_11652_liz21_del_07_29.json","07",11652
145.441887,-14.694247,4358,3.55,2021-11-26 08:20:00,0.0496300981884293,5518.61512742464,"moving",29,-14.69295,145.44156,"run_day_11652_liz21_del_07_29.json","07",11652
145.442025,-14.694666,4358,3.55,2021-11-26 08:32:00,0.0488979108047544,5437.19960500685,"moving",29,-14.69295,145.44156,"run_day_11652_liz21_del_07_29.json","07",11652
145.441734,-14.693489,4359,3.55,2021-11-26 07:37:00,0.0517225026689505,5751.27989014694,"moving",29,-14.69295,145.44156,"run_day_11652_liz21_del_07_29.json","07",11652
145.441839,-14.693934,4359,3.55,2021-11-26 07:49:00,0.0507542004453474,5643.60959542363,"moving",29,-14.69295,145.44156,"run_day_11652_liz21_del_07_29.json","07",11652
145.441963,-14.694363,4359,3.55,2021-11-26 08:01:00,0.0495320247063535,5507.70985377945,"moving",29,-14.69295,145.44156,"run_day_11652_liz21_del_07_29.json","07",11652
145.441638,-14.693363,4360,3.55,2021-11-26 07:16:00,0.0537940685773134,5981.62750936672,"moving",29,-14.69295,145.44156,"run_day_11652_liz21_del_07_29.json","07",11652
145.441754,-14.693858,4360,3.55,2021-11-26 07:28:00,0.05643788987526,6275.60702465322,"moving",29,-14.69295,145.44156,"run_day_11652_liz21_del_07_29.json","07",11652
145.441896,-14.694334,4360,3.55,2021-11-26 07:40:00,0.0550883724769745,6125.54753654531,"moving",29,-14.69295,145.44156,"run_day_11652_liz21_del_07_29.json","07",11652
145.44172,-14.693559,4361,3.55,2021-11-26 07:33:00,0.0531702740431559,5912.2647218998,"moving",29,-14.69295,145.44156,"run_day_11652_liz21_del_07_29.json","07",11652
145.441839,-14.694023,4361,3.55,2021-11-26 07:45:00,0.0531583721775077,5910.94129482212,"moving",29,-14.69295,145.44156,"run_day_11652_liz21_del_07_29.json","07",11652
145.441973,-14.694471,4361,3.55,2021-11-26 07:57:00,0.0518584149264628,5766.39264365112,"moving",29,-14.69295,145.44156,"run_day_11652_liz21_del_07_29.json","07",11652
145.44146,-14.693416,4362,3.55,2021-11-26 07:33:00,0.0573820843108551,6380.59665565742,"moving",29,-14.69295,145.44156,"run_day_11652_liz21_del_07_29.json","07",11652
145.441601,-14.693945,4362,3.55,2021-11-26 07:45:00,0.060745705699003,6754.61428917259,"moving",29,-14.69295,145.44156,"run_day_11652_liz21_del_07_29.json","07",11652
145.441774,-14.69448,4362,3.55,2021-11-26 07:57:00,0.0623315023964929,6930.94683662317,"moving",29,-14.69295,145.44156,"run_day_11652_liz21_del_07_29.json","07",11652
145.441471,-14.693361,4363,3.55,2021-11-26 07:46:00,0.0567633945087252,6311.80148849385,"moving",29,-14.69295,145.44156,"run_day_11652_liz21_del_07_29.json","07",11652
145.441599,-14.693884,4363,3.55,2021-11-26 07:58:00,0.0597623729096303,6645.27267179111,"moving",29,-14.69295,145.44156,"run_day_11652_liz21_del_07_29.json","07",11652
145.441759,-14.694407,4363,3.55,2021-11-26 08:10:00,0.0606478190799006,6743.72979374201,"moving",29,-14.69295,145.44156,"run_day_11652_liz21_del_07_29.json","07",11652
145.441612,-14.693229,4364,3.55,2021-11-26 07:18:00,0.0523585459201498,5822.00467280682,"moving",29,-14.69295,145.44156,"run_day_11652_liz21_del_07_29.json","07",11652
145.441717,-14.693717,4364,3.55,2021-11-26 07:30:00,0.0554259232028649,6163.08146474951,"moving",29,-14.69295,145.44156,"run_day_11652_liz21_del_07_29.json","07",11652
145.441854,-14.694197,4364,3.55,2021-11-26 07:42:00,0.0553703148369925,6156.8980965855,"moving",29,-14.69295,145.44156,"run_day_11652_liz21_del_07_29.json","07",11652
145.442005,-14.694661,4364,3.55,2021-11-26 07:54:00,0.0540903444620627,6014.57188463798,"moving",29,-14.69295,145.44156,"run_day_11652_liz21_del_07_29.json","07",11652
145.441695,-14.693418,4365,3.55,2021-11-26 07:42:00,0.0521470306459642,5798.48524740955,"moving",29,-14.69295,145.44156,"run_day_11652_liz21_del_07_29.json","07",11652
145.441796,-14.69389,4365,3.55,2021-11-26 07:54:00,0.0535964945330529,5959.65827800831,"moving",29,-14.69295,145.44156,"run_day_11652_liz21_del_07_29.json","07",11652
145.441922,-14.69433,4365,3.55,2021-11-26 08:06:00,0.0507680644647348,5645.15120404242,"moving",29,-14.69295,145.44156,"run_day_11652_liz21_del_07_29.json","07",11652
145.441467,-14.693396,4366,3.55,2021-11-26 07:26:00,0.0572745704417146,6368.64165886506,"moving",29,-14.69295,145.44156,"run_day_11652_liz21_del_07_29.json","07",11652
145.441609,-14.693921,4366,3.55,2021-11-26 07:38:00,0.0603422475674548,6709.75179183094,"moving",29,-14.69295,145.44156,"run_day_11652_liz21_del_07_29.json","07",11652
145.44178,-14.694455,4366,3.55,2021-11-26 07:50:00,0.0621613989436703,6912.03219566457,"moving",29,-14.69295,145.44156,"run_day_11652_liz21_del_07_29.json","07",11652
145.441757,-14.693264,4367,3.55,2021-11-26 07:49:00,0.0474669725847622,5278.08653460192,"moving",29,-14.69295,145.44156,"run_day_11652_liz21_del_07_29.json","07",11652
145.441828,-14.693663,4367,3.55,2021-11-26 08:01:00,0.0450192097817216,5005.90772927454,"moving",29,-14.69295,145.44156,"run_day_11652_liz21_del_07_29.json","07",11652
145.44192,-14.694042,4367,3.55,2021-11-26 08:13:00,0.0432890321887814,4813.52075874549,"moving",29,-14.69295,145.44156,"run_day_11652_liz21_del_07_29.json","07",11652
145.442029,-14.694423,4367,3.55,2021-11-26 08:25:00,0.0439575263983328,4887.85392333887,"moving",29,-14.69295,145.44156,"run_day_11652_liz21_del_07_29.json","07",11652
145.44177,-14.69325,4368,3.55,2021-11-26 07:55:00,0.0460977428967823,5125.83513988743,"moving",29,-14.69295,145.44156,"run_day_11652_liz21_del_07_29.json","07",11652
145.441836,-14.693633,4368,3.55,2021-11-26 08:07:00,0.043175251526629,4800.86892636388,"moving",29,-14.69295,145.44156,"run_day_11652_liz21_del_07_29.json","07",11652
145.441921,-14.693997,4368,3.55,2021-11-26 08:19:00,0.0414946545469254,4613.99506848668,"moving",29,-14.69295,145.44156,"run_day_11652_liz21_del_07_29.json","07",11652
145.442024,-14.694363,4368,3.55,2021-11-26 08:31:00,0.0421782719898944,4690.00985991055,"moving",29,-14.69295,145.44156,"run_day_11652_liz21_del_07_29.json","07",11652
145.441602,-14.693576,4369,3.55,2021-11-26 07:55:00,0.0561451346560977,6243.05412953365,"moving",29,-14.69295,145.44156,"run_day_11652_liz21_del_07_29.json","07",11652
145.441729,-14.694089,4369,3.55,2021-11-26 08:07:00,0.0586557460192839,6522.22137589614,"moving",29,-14.69295,145.44156,"run_day_11652_liz21_del_07_29.json","07",11652
145.441884,-14.694568,4369,3.55,2021-11-26 08:19:00,0.0558105628788275,6205.85144530276,"moving",29,-14.69295,145.44156,"run_day_11652_liz21_del_07_29.json","07",11652
145.441638,-14.693614,4370,3.55,2021-11-26 07:16:00,0.0568249470035625,6318.64581364207,"moving",29,-14.69295,145.44156,"run_day_11652_liz21_del_07_29.json","07",11652
145.441785,-14.694124,4370,3.55,2021-11-26 07:28:00,0.0588722969373922,6546.30073935001,"moving",29,-14.69295,145.44156,"run_day_11652_liz21_del_07_29.json","07",11652
145.441943,-14.694614,4370,3.55,2021-11-26 07:40:00,0.0570742767243128,6346.37001365121,"moving",29,-14.69295,145.44156,"run_day_11652_liz21_del_07_29.json","07",11652
145.441593,-14.69365,4371,3.55,2021-11-26 08:05:00,0.0568424209969598,6320.58883305607,"moving",29,-14.69295,145.44156,"run_day_11652_liz21_del_07_29.json","07",11652
145.441723,-14.694159,4371,3.55,2021-11-26 08:17:00,0.0582998339784078,6482.64576261901,"moving",29,-14.69295,145.44156,"run_day_11652_liz21_del_07_29.json","07",11652
145.441883,-14.694637,4371,3.55,2021-11-26 08:29:00,0.0558677622030552,6212.21171996438,"moving",29,-14.69295,145.44156,"run_day_11652_liz21_del_07_29.json","07",11652
145.44155,-14.693269,4372,3.55,2021-11-26 07:45:00,0.053716397514099,5972.9908811902,"moving",29,-14.69295,145.44156,"run_day_11652_liz21_del_07_29.json","07",11652
145.441659,-14.693772,4372,3.55,2021-11-26 07:57:00,0.0571465774328929,6354.40948563812,"moving",29,-14.69295,145.44156,"run_day_11652_liz21_del_07_29.json","07",11652
145.441798,-14.694274,4372,3.55,2021-11-26 08:09:00,0.0577873358483896,6425.65857064616,"moving",29,-14.69295,145.44156,"run_day_11652_liz21_del_07_29.json","07",11652
145.441717,-14.693152,4373,3.55,2021-11-26 08:02:00,0.0480510228877344,5343.02996519764,"moving",29,-14.69295,145.44156,"run_day_11652_liz21_del_07_29.json","07",11652
145.441786,-14.69357,4373,3.55,2021-11-26 08:14:00,0.0470682614929667,5233.75188399734,"moving",29,-14.69295,145.44156,"run_day_11652_liz21_del_07_29.json","07",11652
145.441872,-14.693962,4373,3.55,2021-11-26 08:26:00,0.0445590889470402,4954.7446268145,"moving",29,-14.69295,145.44156,"run_day_11652_liz21_del_07_29.json","07",11652
145.44198,-14.694345,4373,3.55,2021-11-26 08:38:00,0.044143476019145,4908.53057778467,"moving",29,-14.69295,145.44156,"run_day_11652_liz21_del_07_29.json","07",11652
145.441643,-14.693628,4374,3.55,2021-11-26 08:09:00,0.0551682748160716,6134.43227127994,"moving",29,-14.69295,145.44156,"run_day_11652_liz21_del_07_29.json","07",11652
145.441763,-14.69412,4374,3.55,2021-11-26 08:21:00,0.0562098322671694,6250.24817565085,"moving",29,-14.69295,145.44156,"run_day_11652_liz21_del_07_29.json","07",11652
145.44191,-14.694577,4374,3.55,2021-11-26 08:33:00,0.0532190089151287,5917.68379241385,"moving",29,-14.69295,145.44156,"run_day_11652_liz21_del_07_29.json","07",11652
145.441487,-14.693446,4375,3.55,2021-11-26 07:54:00,0.0574669478008894,6390.03304520659,"moving",29,-14.69295,145.44156,"run_day_11652_liz21_del_07_29.json","07",11652
145.441617,-14.693969,4375,3.55,2021-11-26 08:06:00,0.0598122944731271,6650.82369638211,"moving",29,-14.69295,145.44156,"run_day_11652_liz21_del_07_29.json","07",11652
145.441779,-14.694484,4375,3.55,2021-11-26 08:18:00,0.0598576208023662,6655.86375423692,"moving",29,-14.69295,145.44156,"run_day_11652_liz21_del_07_29.json","07",11652
145.441519,-14.69355,4376,3.55,2021-11-26 07:35:00,0.0576263767279425,6407.76073305528,"moving",29,-14.69295,145.44156,"run_day_11652_liz21_del_07_29.json","07",11652
145.441667,-14.69408,4376,3.55,2021-11-26 07:47:00,0.061045376131472,6787.93612092852,"moving",29,-14.69295,145.44156,"run_day_11652_liz21_del_07_29.json","07",11652
145.441842,-14.694602,4376,3.55,2021-11-26 07:59:00,0.061019419989849,6785.04992966478,"moving",29,-14.69295,145.44156,"run_day_11652_liz21_del_07_29.json","07",11652
145.441558,-14.693288,4377,3.55,2021-11-26 07:12:00,0.0549452983218096,6109.63841635701,"moving",29,-14.69295,145.44156,"run_day_11652_liz21_del_07_29.json","07",11652
145.44168,-14.693793,4377,3.55,2021-11-26 07:24:00,0.0576662718128644,6412.19686409664,"moving",29,-14.69295,145.44156,"run_day_11652_liz21_del_07_29.json","07",11652
145.441833,-14.694299,4377,3.55,2021-11-26 07:36:00,0.0586218573383928,6518.45312651038,"moving",29,-14.69295,145.44156,"run_day_11652_liz21_del_07_29.json","07",11652
145.441612,-14.693668,4378,3.55,2021-11-26 07:51:00,0.0571049511458728,6349.78085370644,"moving",29,-14.69295,145.44156,"run_day_11652_liz21_del_07_29.json","07",11652
145.441751,-14.694185,4378,3.55,2021-11-26 08:03:00,0.0594000411311005,6604.9832162565,"moving",29,-14.69295,145.44156,"run_day_11652_liz21_del_07_29.json","07",11652
145.441914,-14.694665,4378,3.55,2021-11-26 08:15:00,0.0561792390213846,6246.84636192999,"moving",29,-14.69295,145.44156,"run_day_11652_liz21_del_07_29.json","07",11652
145.441644,-14.693572,4379,3.55,2021-11-26 08:07:00,0.0546907337761686,6081.33213037816,"moving",29,-14.69295,145.44156,"run_day_11652_liz21_del_07_29.json","07",11652
145.441758,-14.694062,4379,3.55,2021-11-26 08:19:00,0.0558481802803493,6210.03430950553,"moving",29,-14.69295,145.44156,"run_day_11652_liz21_del_07_29.json","07",11652
145.4419,-14.694517,4379,3.55,2021-11-26 08:31:00,0.0528487815441632,5876.51638705754,"moving",29,-14.69295,145.44156,"run_day_11652_liz21_del_07_29.json","07",11652
145.441707,-14.693598,4380,3.55,2021-11-26 07:11:00,0.0557760565318656,6202.01451458356,"moving",29,-14.69295,145.44156,"run_day_11652_liz21_del_07_29.json","07",11652
145.441842,-14.694077,4380,3.55,2021-11-26 07:23:00,0.0552061700083723,6138.64602440799,"moving",29,-14.69295,145.44156,"run_day_11652_liz21_del_07_29.json","07",11652
145.441984,-14.694544,4380,3.55,2021-11-26 07:35:00,0.0541275568501111,6018.70971339729,"moving",29,-14.69295,145.44156,"run_day_11652_liz21_del_07_29.json","07",11652
145.441519,-14.693466,4381,3.55,2021-11-26 07:14:00,0.0578942285659193,6437.54449853071,"moving",29,-14.69295,145.44156,"run_day_11652_liz21_del_07_29.json","07",11652
145.441667,-14.693991,4381,3.55,2021-11-26 07:26:00,0.060508812609375,6728.27297944881,"moving",29,-14.69295,145.44156,"run_day_11652_liz21_del_07_29.json","07",11652
145.441836,-14.694513,4381,3.55,2021-11-26 07:38:00,0.0608234495600989,6763.25901210421,"moving",29,-14.69295,145.44156,"run_day_11652_liz21_del_07_29.json","07",11652
145.441571,-14.693417,4382,3.55,2021-11-26 07:33:00,0.0548124800802128,6094.8697017256,"moving",29,-14.69295,145.44156,"run_day_11652_liz21_del_07_29.json","07",11652
145.441697,-14.693931,4382,3.55,2021-11-26 07:45:00,0.0587389823886972,6531.47683788721,"moving",29,-14.69295,145.44156,"run_day_11652_liz21_del_07_29.json","07",11652
145.441852,-14.694435,4382,3.55,2021-11-26 07:57:00,0.0584694130247245,6501.50209223465,"moving",29,-14.69295,145.44156,"run_day_11652_liz21_del_07_29.json","07",11652
145.441701,-14.693354,4383,3.55,2021-11-26 07:27:00,0.0512930388532149,5703.52569265973,"moving",29,-14.69295,145.44156,"run_day_11652_liz21_del_07_29.json","07",11652
145.441799,-14.693815,4383,3.55,2021-11-26 07:39:00,0.0523333811991606,5819.20648350239,"moving",29,-14.69295,145.44156,"run_day_11652_liz21_del_07_29.json","07",11652
145.441925,-14.694254,4383,3.55,2021-11-26 07:51:00,0.0506609145833571,5633.23668084265,"moving",29,-14.69295,145.44156,"run_day_11652_liz21_del_07_29.json","07",11652
145.44167,-14.693584,4384,3.55,2021-11-26 07:11:00,0.0563187891388268,6262.36362700222,"moving",29,-14.69295,145.44156,"run_day_11652_liz21_del_07_29.json","07",11652
145.441812,-14.694083,4384,3.55,2021-11-26 07:23:00,0.0575499698767351,6399.26467884012,"moving",29,-14.69295,145.44156,"run_day_11652_liz21_del_07_29.json","07",11652
145.44196,-14.694561,4384,3.55,2021-11-26 07:35:00,0.0554837724777405,6169.51401062574,"moving",29,-14.69295,145.44156,"run_day_11652_liz21_del_07_29.json","07",11652
145.441607,-14.693679,4385,3.55,2021-11-26 08:09:00,0.0565583796712162,6289.00487867599,"moving",29,-14.69295,145.44156,"run_day_11652_liz21_del_07_29.json","07",11652
145.441736,-14.694182,4385,3.55,2021-11-26 08:21:00,0.0576263670648297,6407.75965856616,"moving",29,-14.69295,145.44156,"run_day_11652_liz21_del_07_29.json","07",11652
145.441895,-14.694654,4385,3.55,2021-11-26 08:33:00,0.0551999981777139,6137.95974815068,"moving",29,-14.69295,145.44156,"run_day_11652_liz21_del_07_29.json","07",11652
145.441616,-14.693527,4386,3.55,2021-11-26 07:30:00,0.0552352693697116,6141.88172575752,"moving",29,-14.69295,145.44156,"run_day_11652_liz21_del_07_29.json","07",11652
145.441751,-14.694039,4386,3.55,2021-11-26 07:42:00,0.0587543308878443,6533.18351312397,"moving",29,-14.69295,145.44156,"run_day_11652_liz21_del_07_29.json","07",11652
145.441906,-14.694528,4386,3.55,2021-11-26 07:54:00,0.0568727138503508,6323.95724466673,"moving",29,-14.69295,145.44156,"run_day_11652_liz21_del_07_29.json","07",11652
145.441702,-14.693621,4387,3.55,2021-11-26 07:41:00,0.0544723592220736,6057.04998785453,"moving",29,-14.69295,145.44156,"run_day_11652_liz21_del_07_29.json","07",11652
145.441827,-14.694101,4387,3.55,2021-11-26 07:53:00,0.0550408911073925,6120.26784913766,"moving",29,-14.69295,145.44156,"run_day_11652_liz21_del_07_29.json","07",11652
145.44197,-14.694556,4387,3.55,2021-11-26 08:05:00,0.0528799651780655,5879.98384894181,"moving",29,-14.69295,145.44156,"run_day_11652_liz21_del_07_29.json","07",11652
145.441498,-14.693481,4388,3.55,2021-11-26 07:37:00,0.057436645179372,6386.66354742982,"moving",29,-14.69295,145.44156,"run_day_11652_liz21_del_07_29.json","07",11652
145.44164,-14.69401,4388,3.55,2021-11-26 07:49:00,0.0607726467574617,6757.60999819164,"moving",29,-14.69295,145.44156,"run_day_11652_liz21_del_07_29.json","07",11652
145.441812,-14.694535,4388,3.55,2021-11-26 08:01:00,0.0612385751023311,6809.41886632101,"moving",29,-14.69295,145.44156,"run_day_11652_liz21_del_07_29.json","07",11652
145.441685,-14.693374,4389,3.55,2021-11-26 07:35:00,0.0516614398028408,5744.49000922916,"moving",29,-14.69295,145.44156,"run_day_11652_liz21_del_07_29.json","07",11652
145.441786,-14.693849,4389,3.55,2021-11-26 07:47:00,0.0539231979922191,5995.98604518482,"moving",29,-14.69295,145.44156,"run_day_11652_liz21_del_07_29.json","07",11652
145.441915,-14.694296,4389,3.55,2021-11-26 07:59:00,0.0516044237231199,5738.15011042704,"moving",29,-14.69295,145.44156,"run_day_11652_liz21_del_07_29.json","07",11652
145.441564,-14.693571,4390,3.55,2021-11-26 07:59:00,0.0569335279879868,6330.71946824013,"moving",29,-14.69295,145.44156,"run_day_11652_liz21_del_07_29.json","07",11652
145.441693,-14.694086,4390,3.55,2021-11-26 08:11:00,0.0589223284731898,6551.86399230293,"moving",29,-14.69295,145.44156,"run_day_11652_liz21_del_07_29.json","07",11652
145.441853,-14.694576,4390,3.55,2021-11-26 08:23:00,0.057138698621508,6353.53340178413,"moving",29,-14.69295,145.44156,"run_day_11652_liz21_del_07_29.json","07",11652
145.441613,-14.693514,4391,3.55,2021-11-26 07:52:00,0.055208219672915,6138.87393670647,"moving",29,-14.69295,145.44156,"run_day_11652_liz21_del_07_29.json","07",11652
145.441733,-14.694023,4391,3.55,2021-11-26 08:04:00,0.0580512609403982,6455.00570189171,"moving",29,-14.69295,145.44156,"run_day_11652_liz21_del_07_29.json","07",11652
145.441881,-14.694498,4391,3.55,2021-11-26 08:16:00,0.0551642962777432,6133.98987800236,"moving",29,-14.69295,145.44156,"run_day_11652_liz21_del_07_29.json","07",11652
145.441584,-14.693291,4392,3.55,2021-11-26 08:00:00,0.0532919215310561,5925.79130539337,"moving",29,-14.69295,145.44156,"run_day_11652_liz21_del_07_29.json","07",11652
145.441684,-14.693782,4392,3.55,2021-11-26 08:12:00,0.0556461034730089,6187.56439373675,"moving",29,-14.69295,145.44156,"run_day_11652_liz21_del_07_29.json","07",11652
145.441812,-14.694261,4392,3.55,2021-11-26 08:24:00,0.0550129325591739,6117.1590004194,"moving",29,-14.69295,145.44156,"run_day_11652_liz21_del_07_29.json","07",11652
145.441964,-14.694708,4392,3.55,2021-11-26 08:36:00,0.0523238421438395,5818.1457889457,"moving",29,-14.69295,145.44156,"run_day_11652_liz21_del_07_29.json","07",11652
145.441537,-14.693301,4393,3.55,2021-11-26 08:08:00,0.0542350405094525,6030.66135101324,"moving",29,-14.69295,145.44156,"run_day_11652_liz21_del_07_29.json","07",11652
145.441641,-14.693795,4393,3.55,2021-11-26 08:20:00,0.0560576981043205,6233.33162857274,"moving",29,-14.69295,145.44156,"run_day_11652_liz21_del_07_29.json","07",11652
145.441775,-14.694287,4393,3.55,2021-11-26 08:32:00,0.0565745837171549,6290.80668637549,"moving",29,-14.69295,145.44156,"run_day_11652_liz21_del_07_29.json","07",11652
145.441585,-14.693192,4394,3.55,2021-11-26 08:05:00,0.0517889278664949,5758.66603511524,"moving",29,-14.69295,145.44156,"run_day_11652_liz21_del_07_29.json","07",11652
145.441677,-14.693671,4394,3.55,2021-11-26 08:17:00,0.054173781758148,6023.8496886556,"moving",29,-14.69295,145.44156,"run_day_11652_liz21_del_07_29.json","07",11652
145.441792,-14.694146,4394,3.55,2021-11-26 08:29:00,0.0542466123681112,6031.94808298794,"moving",29,-14.69295,145.44156,"run_day_11652_liz21_del_07_29.json","07",11652
145.441935,-14.694589,4394,3.55,2021-11-26 08:41:00,0.0516047750675832,5738.18917814886,"moving",29,-14.69295,145.44156,"run_day_11652_liz21_del_07_29.json","07",11652
145.441748,-14.693615,4395,3.55,2021-11-26 07:27:00,0.0529517000960999,5887.9604078905,"moving",29,-14.69295,145.44156,"run_day_11652_liz21_del_07_29.json","07",11652
145.44187,-14.694065,4395,3.55,2021-11-26 07:39:00,0.0517297106131664,5752.08137697529,"moving",29,-14.69295,145.44156,"run_day_11652_liz21_del_07_29.json","07",11652
145.442003,-14.694511,4395,3.55,2021-11-26 07:51:00,0.0516149094515891,5739.31607023499,"moving",29,-14.69295,145.44156,"run_day_11652_liz21_del_07_29.json","07",11652
145.441564,-14.693604,4396,3.55,2021-11-26 07:22:00,0.0578990736362913,6438.08324577531,"moving",29,-14.69295,145.44156,"run_day_11652_liz21_del_07_29.json","07",11652
145.441718,-14.69413,4396,3.55,2021-11-26 07:34:00,0.0607887622197602,6759.40195583975,"moving",29,-14.69295,145.44156,"run_day_11652_liz21_del_07_29.json","07",11652
145.44189,-14.694641,4396,3.55,2021-11-26 07:46:00,0.0597564285203022,6644.61168585582,"moving",29,-14.69295,145.44156,"run_day_11652_liz21_del_07_29.json","07",11652
145.441672,-14.693134,4397,3.55,2021-11-26 07:34:00,0.0488300297129223,5429.65157198002,"moving",29,-14.69295,145.44156,"run_day_11652_liz21_del_07_29.json","07",11652
145.441754,-14.693595,4397,3.55,2021-11-26 07:46:00,0.0520140822986072,5783.70206567767,"moving",29,-14.69295,145.44156,"run_day_11652_liz21_del_07_29.json","07",11652
145.441863,-14.694032,4397,3.55,2021-11-26 07:58:00,0.0499864886261303,5558.24393600163,"moving",29,-14.69295,145.44156,"run_day_11652_liz21_del_07_29.json","07",11652
145.441988,-14.694456,4397,3.55,2021-11-26 08:10:00,0.0490261985483072,5451.46455124059,"moving",29,-14.69295,145.44156,"run_day_11652_liz21_del_07_29.json","07",11652
145.441768,-14.693308,4398,3.55,2021-11-26 08:06:00,0.0465366063225127,5174.63452631851,"moving",29,-14.69295,145.44156,"run_day_11652_liz21_del_07_29.json","07",11652
145.441835,-14.693692,4398,3.55,2021-11-26 08:18:00,0.043302706590536,4815.0412828455,"moving",29,-14.69295,145.44156,"run_day_11652_liz21_del_07_29.json","07",11652
145.441923,-14.694059,4398,3.55,2021-11-26 08:30:00,0.041891830279825,4658.15899497145,"moving",29,-14.69295,145.44156,"run_day_11652_liz21_del_07_29.json","07",11652
145.442031,-14.694431,4398,3.55,2021-11-26 08:42:00,0.0429646453867392,4777.45059208794,"moving",29,-14.69295,145.44156,"run_day_11652_liz21_del_07_29.json","07",11652
145.441466,-14.693516,4399,3.55,2021-11-26 07:11:00,0.0599672644344659,6668.0555698653,"moving",29,-14.69295,145.44156,"run_day_11652_liz21_del_07_29.json","07",11652
145.441627,-14.694054,4399,3.55,2021-11-26 07:23:00,0.0622788129318063,6925.0880354624,"moving",29,-14.69295,145.44156,"run_day_11652_liz21_del_07_29.json","07",11652
145.441809,-14.694588,4399,3.55,2021-11-26 07:35:00,0.0625216803378573,6952.09365886259,"moving",29,-14.69295,145.44156,"run_day_11652_liz21_del_07_29.json","07",11652
145.441665,-14.693647,4400,3.55,2021-11-26 07:16:00,0.0567561943143919,6311.00086341313,"moving",29,-14.69295,145.44156,"run_day_11652_liz21_del_07_29.json","07",11652
145.441812,-14.694149,4400,3.55,2021-11-26 07:28:00,0.0580159099962552,6451.07485625092,"moving",29,-14.69295,145.44156,"run_day_11652_liz21_del_07_29.json","07",11652
145.441967,-14.694631,4400,3.55,2021-11-26 07:40:00,0.0561290039386268,6241.26047558775,"moving",29,-14.69295,145.44156,"run_day_11652_liz21_del_07_29.json","07",11652
145.441595,-14.69334,4401,3.55,2021-11-26 07:17:00,0.0543908019365803,6047.98123147677,"moving",29,-14.69295,145.44156,"run_day_11652_liz21_del_07_29.json","07",11652
145.441715,-14.693842,4401,3.55,2021-11-26 07:29:00,0.057292642925568,6370.65122738143,"moving",29,-14.69295,145.44156,"run_day_11652_liz21_del_07_29.json","07",11652
145.441864,-14.694336,4401,3.55,2021-11-26 07:41:00,0.0572204093554034,6362.6192208457,"moving",29,-14.69295,145.44156,"run_day_11652_liz21_del_07_29.json","07",11652
145.441588,-14.693208,4402,3.55,2021-11-26 07:12:00,0.0532114629326149,5916.84471744177,"moving",29,-14.69295,145.44156,"run_day_11652_liz21_del_07_29.json","07",11652
145.441697,-14.693701,4402,3.55,2021-11-26 07:24:00,0.0560587446415043,6233.44799819812,"moving",29,-14.69295,145.44156,"run_day_11652_liz21_del_07_29.json","07",11652
145.441839,-14.694192,4402,3.55,2021-11-26 07:36:00,0.0566927988607377,6303.95161059445,"moving",29,-14.69295,145.44156,"run_day_11652_liz21_del_07_29.json","07",11652
145.441993,-14.694665,4402,3.55,2021-11-26 07:48:00,0.0551418080032079,6131.48929596505,"moving",29,-14.69295,145.44156,"run_day_11652_liz21_del_07_29.json","07",11652
145.441458,-14.693371,4403,3.55,2021-11-26 08:07:00,0.0569838771942793,6336.31804454043,"moving",29,-14.69295,145.44156,"run_day_11652_liz21_del_07_29.json","07",11652
145.44158,-14.693882,4403,3.55,2021-11-26 08:19:00,0.0583161351031752,6484.45836499174,"moving",29,-14.69295,145.44156,"run_day_11652_liz21_del_07_29.json","07",11652
145.441733,-14.694394,4403,3.55,2021-11-26 08:31:00,0.0592624935828865,6589.6886267227,"moving",29,-14.69295,145.44156,"run_day_11652_liz21_del_07_29.json","07",11652
145.44154,-14.693223,4404,3.55,2021-11-26 07:56:00,0.0535370511986024,5953.04848079458,"moving",29,-14.69295,145.44156,"run_day_11652_liz21_del_07_29.json","07",11652
145.441644,-14.693719,4404,3.55,2021-11-26 08:08:00,0.0562756336449332,6257.56495502441,"moving",29,-14.69295,145.44156,"run_day_11652_liz21_del_07_29.json","07",11652
145.441773,-14.694215,4404,3.55,2021-11-26 08:20:00,0.0568712096324207,6323.78998326435,"moving",29,-14.69295,145.44156,"run_day_11652_liz21_del_07_29.json","07",11652
145.441929,-14.694675,4404,3.55,2021-11-26 08:32:00,0.0538314482463035,5985.78393891808,"moving",29,-14.69295,145.44156,"run_day_11652_liz21_del_07_29.json","07",11652
145.441768,-14.693178,4405,3.55,2021-11-26 07:56:00,0.0453122683597268,5038.49435635838,"moving",29,-14.69295,145.44156,"run_day_11652_liz21_del_07_29.json","07",11652
145.44183,-14.693555,4405,3.55,2021-11-26 08:08:00,0.0424475897141926,4719.95662450797,"moving",29,-14.69295,145.44156,"run_day_11652_liz21_del_07_29.json","07",11652
145.441908,-14.693912,4405,3.55,2021-11-26 08:20:00,0.0405734363503531,4511.56027869519,"moving",29,-14.69295,145.44156,"run_day_11652_liz21_del_07_29.json","07",11652
145.442005,-14.694266,4405,3.55,2021-11-26 08:32:00,0.0407221876045186,4528.1006634904,"moving",29,-14.69295,145.44156,"run_day_11652_liz21_del_07_29.json","07",11652
145.44212,-14.694637,4405,3.55,2021-11-26 08:44:00,0.0430677674290141,4788.91724001414,"moving",29,-14.69295,145.44156,"run_day_11652_liz21_del_07_29.json","07",11652
145.441533,-14.693583,4406,3.55,2021-11-26 07:22:00,0.0582439631205247,6476.43320667513,"moving",29,-14.69295,145.44156,"run_day_11652_liz21_del_07_29.json","07",11652
145.441689,-14.694112,4406,3.55,2021-11-26 07:34:00,0.0611684506566152,6801.62138372364,"moving",29,-14.69295,145.44156,"run_day_11652_liz21_del_07_29.json","07",11652
145.441865,-14.694632,4406,3.55,2021-11-26 07:46:00,0.0608412928405063,6765.24309436021,"moving",29,-14.69295,145.44156,"run_day_11652_liz21_del_07_29.json","07",11652
145.441633,-14.69339,4407,3.55,2021-11-26 07:20:00,0.0537940682838854,5981.62747673902,"moving",29,-14.69295,145.44156,"run_day_11652_liz21_del_07_29.json","07",11652
145.441752,-14.693887,4407,3.55,2021-11-26 07:32:00,0.0567267324868416,6307.72485765986,"moving",29,-14.69295,145.44156,"run_day_11652_liz21_del_07_29.json","07",11652
145.441895,-14.694366,4407,3.55,2021-11-26 07:44:00,0.055438700975899,6164.50228828472,"moving",29,-14.69295,145.44156,"run_day_11652_liz21_del_07_29.json","07",11652
145.44148,-14.693321,4408,3.55,2021-11-26 07:21:00,0.0563855831705865,6269.79078446403,"moving",29,-14.69295,145.44156,"run_day_11652_liz21_del_07_29.json","07",11652
145.441614,-14.693837,4408,3.55,2021-11-26 07:33:00,0.0591591229659362,6578.1943385537,"moving",29,-14.69295,145.44156,"run_day_11652_liz21_del_07_29.json","07",11652
145.441779,-14.694366,4408,3.55,2021-11-26 07:45:00,0.0614410355487229,6831.93144080597,"moving",29,-14.69295,145.44156,"run_day_11652_liz21_del_07_29.json","07",11652
145.441752,-14.693522,4409,3.55,2021-11-26 07:15:00,0.0524361654814052,5830.63557422679,"moving",29,-14.69295,145.44156,"run_day_11652_liz21_del_07_29.json","07",11652
145.441867,-14.693958,4409,3.55,2021-11-26 07:27:00,0.0500340240097286,5563.52962949387,"moving",29,-14.69295,145.44156,"run_day_11652_liz21_del_07_29.json","07",11652
145.441993,-14.694397,4409,3.55,2021-11-26 07:39:00,0.0506609122105678,5633.23641700052,"moving",29,-14.69295,145.44156,"run_day_11652_liz21_del_07_29.json","07",11652
145.441721,-14.693223,4410,3.55,2021-11-26 07:15:00,0.0500810723002549,5568.76116070769,"moving",29,-14.69295,145.44156,"run_day_11652_liz21_del_07_29.json","07",11652
145.441805,-14.693651,4410,3.55,2021-11-26 07:27:00,0.0484414465596477,5386.44309675634,"moving",29,-14.69295,145.44156,"run_day_11652_liz21_del_07_29.json","07",11652
145.44192,-14.694067,4410,3.55,2021-11-26 07:39:00,0.04788230905533,5324.26984297951,"moving",29,-14.69295,145.44156,"run_day_11652_liz21_del_07_29.json","07",11652
145.442043,-14.694493,4410,3.55,2021-11-26 07:51:00,0.0491817986532657,5468.76649349734,"moving",29,-14.69295,145.44156,"run_day_11652_liz21_del_07_29.json","07",11652
145.441708,-14.693508,4411,3.55,2021-11-26 07:45:00,0.0529833084824813,5891.47510009553,"moving",29,-14.69295,145.44156,"run_day_11652_liz21_del_07_29.json","07",11652
145.441816,-14.693975,4411,3.55,2021-11-26 07:57:00,0.0532114540309214,5916.84372761861,"moving",29,-14.69295,145.44156,"run_day_11652_liz21_del_07_29.json","07",11652
145.441946,-14.694413,4411,3.55,2021-11-26 08:09:00,0.0506708091245919,5634.33690362944,"moving",29,-14.69295,145.44156,"run_day_11652_liz21_del_07_29.json","07",11652
145.441641,-14.693312,4412,3.55,2021-11-26 07:34:00,0.0518977990346153,5770.77195666809,"moving",29,-14.69295,145.44156,"run_day_11652_liz21_del_07_29.json","07",11652
145.441744,-14.693803,4412,3.55,2021-11-26 07:46:00,0.0557093728155245,6194.59962363662,"moving",29,-14.69295,145.44156,"run_day_11652_liz21_del_07_29.json","07",11652
145.441876,-14.69427,4412,3.55,2021-11-26 07:58:00,0.0538339537278972,5986.06253576009,"moving",29,-14.69295,145.44156,"run_day_11652_liz21_del_07_29.json","07",11652
145.441778,-14.693222,4413,3.55,2021-11-26 07:13:00,0.0464264334296205,5162.38385957514,"moving",29,-14.69295,145.44156,"run_day_11652_liz21_del_07_29.json","07",11652
145.441849,-14.693597,4413,3.55,2021-11-26 07:25:00,0.0423916244537531,4713.73357147876,"moving",29,-14.69295,145.44156,"run_day_11652_liz21_del_07_29.json","07",11652
145.441949,-14.693971,4413,3.55,2021-11-26 07:37:00,0.0429553070396077,4776.41221526368,"moving",29,-14.69295,145.44156,"run_day_11652_liz21_del_07_29.json","07",11652
145.442057,-14.694363,4413,3.55,2021-11-26 07:49:00,0.0451097276933568,5015.97286181883,"moving",29,-14.69295,145.44156,"run_day_11652_liz21_del_07_29.json","07",11652
145.441583,-14.6934,4414,3.55,2021-11-26 07:23:00,0.0548964269730765,6104.20417031962,"moving",29,-14.69295,145.44156,"run_day_11652_liz21_del_07_29.json","07",11652
145.44171,-14.693908,4414,3.55,2021-11-26 07:35:00,0.0581152048485153,6462.11594006417,"moving",29,-14.69295,145.44156,"run_day_11652_liz21_del_07_29.json","07",11652
145.441863,-14.694409,4414,3.55,2021-11-26 07:47:00,0.0580884460924359,6459.14050214481,"moving",29,-14.69295,145.44156,"run_day_11652_liz21_del_07_29.json","07",11652
145.441738,-14.693447,4415,3.55,2021-11-26 07:42:00,0.0510096224953938,5672.01123154195,"moving",29,-14.69295,145.44156,"run_day_11652_liz21_del_07_29.json","07",11652
145.441834,-14.693884,4415,3.55,2021-11-26 07:54:00,0.0496771412471191,5523.84607688479,"moving",29,-14.69295,145.44156,"run_day_11652_liz21_del_07_29.json","07",11652
145.441952,-14.694302,4415,3.55,2021-11-26 08:06:00,0.0481811729679511,5357.50199382012,"moving",29,-14.69295,145.44156,"run_day_11652_liz21_del_07_29.json","07",11652
145.441602,-14.693573,4416,3.55,2021-11-26 07:47:00,0.0562127821642256,6250.57618923762,"moving",29,-14.69295,145.44156,"run_day_11652_liz21_del_07_29.json","07",11652
145.441734,-14.694091,4416,3.55,2021-11-26 07:59:00,0.0593229816356522,6596.41459131285,"moving",29,-14.69295,145.44156,"run_day_11652_liz21_del_07_29.json","07",11652
145.441892,-14.694577,4416,3.55,2021-11-26 08:11:00,0.0566498268596178,6299.17334208215,"moving",29,-14.69295,145.44156,"run_day_11652_liz21_del_07_29.json","07",11652
145.441618,-14.693524,4417,3.55,2021-11-26 07:24:00,0.0554756799186149,6168.6141591074,"moving",29,-14.69295,145.44156,"run_day_11652_liz21_del_07_29.json","07",11652
145.441755,-14.694034,4417,3.55,2021-11-26 07:36:00,0.0585925948968868,6515.19929147367,"moving",29,-14.69295,145.44156,"run_day_11652_liz21_del_07_29.json","07",11652
145.441909,-14.694525,4417,3.55,2021-11-26 07:48:00,0.0570540524492496,6344.12117686911,"moving",29,-14.69295,145.44156,"run_day_11652_liz21_del_07_29.json","07",11652
145.441731,-14.693616,4418,3.55,2021-11-26 08:05:00,0.0531282315649263,5907.58981161711,"moving",29,-14.69295,145.44156,"run_day_11652_liz21_del_07_29.json","07",11652
145.441834,-14.694059,4418,3.55,2021-11-26 08:17:00,0.050489772056053,5614.20650007331,"moving",29,-14.69295,145.44156,"run_day_11652_liz21_del_07_29.json","07",11652
145.441962,-14.69448,4418,3.55,2021-11-26 08:29:00,0.0487955453618761,5425.81708709505,"moving",29,-14.69295,145.44156,"run_day_11652_liz21_del_07_29.json","07",11652
145.441634,-14.693527,4419,3.55,2021-11-26 07:32:00,0.0548176803403936,6095.44794427494,"moving",29,-14.69295,145.44156,"run_day_11652_liz21_del_07_29.json","07",11652
145.441765,-14.694034,4419,3.55,2021-11-26 07:44:00,0.0581099478383679,6461.53138720646,"moving",29,-14.69295,145.44156,"run_day_11652_liz21_del_07_29.json","07",11652
145.441916,-14.694516,4419,3.55,2021-11-26 07:56:00,0.0560027252524807,6227.21892634497,"moving",29,-14.69295,145.44156,"run_day_11652_liz21_del_07_29.json","07",11652
145.441505,-14.693275,4420,3.55,2021-11-26 08:05:00,0.0548964285667592,6104.20434752905,"moving",29,-14.69295,145.44156,"run_day_11652_liz21_del_07_29.json","07",11652
145.441614,-14.693773,4420,3.55,2021-11-26 08:17:00,0.056602543474641,6293.91566955816,"moving",29,-14.69295,145.44156,"run_day_11652_liz21_del_07_29.json","07",11652
145.441751,-14.694275,4420,3.55,2021-11-26 08:29:00,0.0577320554134183,6419.51166673465,"moving",29,-14.69295,145.44156,"run_day_11652_liz21_del_07_29.json","07",11652
145.441649,-14.693167,4421,3.55,2021-11-26 07:23:00,0.0502862451929974,5591.57534546564,"moving",29,-14.69295,145.44156,"run_day_11652_liz21_del_07_29.json","07",11652
145.44174,-14.69364,4421,3.55,2021-11-26 07:35:00,0.0534981925857071,5948.72760018418,"moving",29,-14.69295,145.44156,"run_day_11652_liz21_del_07_29.json","07",11652
145.441863,-14.694096,4421,3.55,2021-11-26 07:47:00,0.0524023822620241,5826.8790516259,"moving",29,-14.69295,145.44156,"run_day_11652_liz21_del_07_29.json","07",11652
145.441999,-14.694541,4421,3.55,2021-11-26 07:59:00,0.0515986258509268,5737.50541645384,"moving",29,-14.69295,145.44156,"run_day_11652_liz21_del_07_29.json","07",11652
145.441581,-14.693505,4422,3.55,2021-11-26 07:30:00,0.0557032550629881,6193.91936059211,"moving",29,-14.69295,145.44156,"run_day_11652_liz21_del_07_29.json","07",11652
145.441718,-14.694024,4422,3.55,2021-11-26 07:42:00,0.0595617167007041,6622.96071935878,"moving",29,-14.69295,145.44156,"run_day_11652_liz21_del_07_29.json","07",11652
145.441878,-14.694526,4422,3.55,2021-11-26 07:54:00,0.0584124626983196,6495.16950486767,"moving",29,-14.69295,145.44156,"run_day_11652_liz21_del_07_29.json","07",11652
145.441675,-14.693603,4423,3.55,2021-11-26 07:12:00,0.0563406616066491,6264.79573445726,"moving",29,-14.69295,145.44156,"run_day_11652_liz21_del_07_29.json","07",11652
145.441817,-14.6941,4423,3.55,2021-11-26 07:24:00,0.0573355848088589,6375.42614694395,"moving",29,-14.69295,145.44156,"run_day_11652_liz21_del_07_29.json","07",11652
145.441966,-14.694578,4423,3.55,2021-11-26 07:36:00,0.0555147267245096,6172.95596582457,"moving",29,-14.69295,145.44156,"run_day_11652_liz21_del_07_29.json","07",11652
145.441612,-14.693436,4424,3.55,2021-11-26 07:50:00,0.054402334846319,6049.26363252917,"moving",29,-14.69295,145.44156,"run_day_11652_liz21_del_07_29.json","07",11652
145.441725,-14.693941,4424,3.55,2021-11-26 08:02:00,0.0574537261740021,6388.56286737473,"moving",29,-14.69295,145.44156,"run_day_11652_liz21_del_07_29.json","07",11652
145.441867,-14.694416,4424,3.55,2021-11-26 08:14:00,0.0549815436812149,6113.66871643729,"moving",29,-14.69295,145.44156,"run_day_11652_liz21_del_07_29.json","07",11652
145.441552,-14.693618,4425,3.55,2021-11-26 07:31:00,0.0577085508948144,6416.89808351267,"moving",29,-14.69295,145.44156,"run_day_11652_liz21_del_07_29.json","07",11652
145.441705,-14.694148,4425,3.55,2021-11-26 07:43:00,0.0611878158479085,6803.77469474895,"moving",29,-14.69295,145.44156,"run_day_11652_liz21_del_07_29.json","07",11652
145.44188,-14.694662,4425,3.55,2021-11-26 07:55:00,0.0601738646983997,6691.02847105815,"moving",29,-14.69295,145.44156,"run_day_11652_liz21_del_07_29.json","07",11652
145.441672,-14.693582,4426,3.55,2021-11-26 07:54:00,0.0546705286484489,6079.08542268352,"moving",29,-14.69295,145.44156,"run_day_11652_liz21_del_07_29.json","07",11652
145.44179,-14.694071,4426,3.55,2021-11-26 08:06:00,0.0558359239451462,6208.67146721169,"moving",29,-14.69295,145.44156,"run_day_11652_liz21_del_07_29.json","07",11652
145.441931,-14.694523,4426,3.55,2021-11-26 08:18:00,0.0524983471100278,5837.54985586012,"moving",29,-14.69295,145.44156,"run_day_11652_liz21_del_07_29.json","07",11652
145.441747,-14.693437,4427,3.55,2021-11-26 07:54:00,0.0502797291626597,5590.85079595022,"moving",29,-14.69295,145.44156,"run_day_11652_liz21_del_07_29.json","07",11652
145.441834,-14.693862,4427,3.55,2021-11-26 08:06:00,0.0481753890582327,5356.85885240326,"moving",29,-14.69295,145.44156,"run_day_11652_liz21_del_07_29.json","07",11652
145.441944,-14.694262,4427,3.55,2021-11-26 08:18:00,0.0460246881849692,5117.71182656634,"moving",29,-14.69295,145.44156,"run_day_11652_liz21_del_07_29.json","07",11652
145.442073,-14.694663,4427,3.55,2021-11-26 08:30:00,0.0466980598021114,5192.58733413899,"moving",29,-14.69295,145.44156,"run_day_11652_liz21_del_07_29.json","07",11652
145.441501,-14.693524,4428,3.55,2021-11-26 07:55:00,0.0579819023025904,6447.29337324851,"moving",29,-14.69295,145.44156,"run_day_11652_liz21_del_07_29.json","07",11652
145.441636,-14.694049,4428,3.55,2021-11-26 08:07:00,0.0601560859555802,6689.05156505451,"moving",29,-14.69295,145.44156,"run_day_11652_liz21_del_07_29.json","07",11652
145.441803,-14.69456,4428,3.55,2021-11-26 08:19:00,0.0595921302794793,6626.34255501969,"moving",29,-14.69295,145.44156,"run_day_11652_liz21_del_07_29.json","07",11652
145.441775,-14.69337,4429,3.55,2021-11-26 07:55:00,0.0470105389031939,5227.33342486182,"moving",29,-14.69295,145.44156,"run_day_11652_liz21_del_07_29.json","07",11652
145.441849,-14.693763,4429,3.55,2021-11-26 08:07:00,0.0444185369010678,4939.11595237286,"moving",29,-14.69295,145.44156,"run_day_11652_liz21_del_07_29.json","07",11652
145.441945,-14.694137,4429,3.55,2021-11-26 08:19:00,0.042849601008078,4764.65824084184,"moving",29,-14.69295,145.44156,"run_day_11652_liz21_del_07_29.json","07",11652
145.442059,-14.694519,4429,3.55,2021-11-26 08:31:00,0.0442108257965912,4916.01953134732,"moving",29,-14.69295,145.44156,"run_day_11652_liz21_del_07_29.json","07",11652
145.44148,-14.693463,4430,3.55,2021-11-26 07:26:00,0.0577047098502063,6416.47097883924,"moving",29,-14.69295,145.44156,"run_day_11652_liz21_del_07_29.json","07",11652
145.441628,-14.693992,4430,3.55,2021-11-26 07:38:00,0.060938036921933,6776.00054539775,"moving",29,-14.69295,145.44156,"run_day_11652_liz21_del_07_29.json","07",11652
145.441803,-14.694524,4430,3.55,2021-11-26 07:50:00,0.0620780938044779,6902.76908682296,"moving",29,-14.69295,145.44156,"run_day_11652_liz21_del_07_29.json","07",11652
145.441748,-14.693542,4431,3.55,2021-11-26 07:59:00,0.0513942639239839,5714.78140697848,"moving",29,-14.69295,145.44156,"run_day_11652_liz21_del_07_29.json","07",11652
145.441844,-14.693971,4431,3.55,2021-11-26 08:11:00,0.0488073593029572,5427.13073740694,"moving",29,-14.69295,145.44156,"run_day_11652_liz21_del_07_29.json","07",11652
145.441962,-14.69438,4431,3.55,2021-11-26 08:23:00,0.0472164985451659,5250.23509214264,"moving",29,-14.69295,145.44156,"run_day_11652_liz21_del_07_29.json","07",11652
145.441688,-14.693412,4432,3.55,2021-11-26 08:06:00,0.0518508490871864,5765.55136070778,"moving",29,-14.69295,145.44156,"run_day_11652_liz21_del_07_29.json","07",11652
145.441779,-14.693874,4432,3.55,2021-11-26 08:18:00,0.052296170547746,5815.06884784795,"moving",29,-14.69295,145.44156,"run_day_11652_liz21_del_07_29.json","07",11652
145.441897,-14.694302,4432,3.55,2021-11-26 08:30:00,0.0492547207190508,5476.87505725308,"moving",29,-14.69295,145.44156,"run_day_11652_liz21_del_07_29.json","07",11652
145.441635,-14.69344,4433,3.55,2021-11-26 08:05:00,0.0534694280741074,5945.52913242688,"moving",29,-14.69295,145.44156,"run_day_11652_liz21_del_07_29.json","07",11652
145.441737,-14.693928,4433,3.55,2021-11-26 08:17:00,0.0553610737701198,6155.87053683248,"moving",29,-14.69295,145.44156,"run_day_11652_liz21_del_07_29.json","07",11652
145.44187,-14.694384,4433,3.55,2021-11-26 08:29:00,0.0526842027233558,5858.21605715061,"moving",29,-14.69295,145.44156,"run_day_11652_liz21_del_07_29.json","07",11652
145.441605,-14.693499,4434,3.55,2021-11-26 08:02:00,0.0550341487994739,6119.51813870323,"moving",29,-14.69295,145.44156,"run_day_11652_liz21_del_07_29.json","07",11652
145.441719,-14.694,4434,3.55,2021-11-26 08:14:00,0.0570421133505418,6342.7936096641,"moving",29,-14.69295,145.44156,"run_day_11652_liz21_del_07_29.json","07",11652
145.441864,-14.694471,4434,3.55,2021-11-26 08:26:00,0.0546456234166661,6076.31608726237,"moving",29,-14.69295,145.44156,"run_day_11652_liz21_del_07_29.json","07",11652
145.44147,-14.693461,4435,3.55,2021-11-26 07:59:00,0.0579245460079028,6440.91564426812,"moving",29,-14.69295,145.44156,"run_day_11652_liz21_del_07_29.json","07",11652
145.441601,-14.693984,4435,3.55,2021-11-26 08:11:00,0.0598375300301115,6653.62976228983,"moving",29,-14.69295,145.44156,"run_day_11652_liz21_del_07_29.json","07",11652
145.441765,-14.694498,4435,3.55,2021-11-26 08:23:00,0.0598143350138077,6651.05059415341,"moving",29,-14.69295,145.44156,"run_day_11652_liz21_del_07_29.json","07",11652
145.44162,-14.69327,4436,3.55,2021-11-26 07:24:00,0.0522270018693551,5807.37764172817,"moving",29,-14.69295,145.44156,"run_day_11652_liz21_del_07_29.json","07",11652
145.441726,-14.693761,4436,3.55,2021-11-26 07:36:00,0.0557744378564091,6201.83452608491,"moving",29,-14.69295,145.44156,"run_day_11652_liz21_del_07_29.json","07",11652
145.441863,-14.694239,4436,3.55,2021-11-26 07:48:00,0.0551559757280081,6133.06467508492,"moving",29,-14.69295,145.44156,"run_day_11652_liz21_del_07_29.json","07",11652
145.441635,-14.693607,4437,3.55,2021-11-26 07:39:00,0.0558188101298114,6206.76849777094,"moving",29,-14.69295,145.44156,"run_day_11652_liz21_del_07_29.json","07",11652
145.441772,-14.694118,4437,3.55,2021-11-26 07:51:00,0.058700221235001,6527.16679424531,"moving",29,-14.69295,145.44156,"run_day_11652_liz21_del_07_29.json","07",11652
145.441929,-14.694599,4437,3.55,2021-11-26 08:03:00,0.0560872286751724,6236.61527823239,"moving",29,-14.69295,145.44156,"run_day_11652_liz21_del_07_29.json","07",11652
145.441685,-14.693629,4438,3.55,2021-11-26 07:26:00,0.0550774341380689,6124.33124875309,"moving",29,-14.69295,145.44156,"run_day_11652_liz21_del_07_29.json","07",11652
145.441822,-14.69412,4438,3.55,2021-11-26 07:38:00,0.0565502886155209,6288.10519433147,"moving",29,-14.69295,145.44156,"run_day_11652_liz21_del_07_29.json","07",11652
145.441971,-14.694592,4438,3.55,2021-11-26 07:50:00,0.0548762996792472,6101.96611735872,"moving",29,-14.69295,145.44156,"run_day_11652_liz21_del_07_29.json","07",11652
145.441698,-14.693675,4439,3.55,2021-11-26 08:00:00,0.0550876904223108,6125.47169552701,"moving",29,-14.69295,145.44156,"run_day_11652_liz21_del_07_29.json","07",11652
145.441817,-14.694149,4439,3.55,2021-11-26 08:12:00,0.0542382668875147,6031.02010788519,"moving",29,-14.69295,145.44156,"run_day_11652_liz21_del_07_29.json","07",11652
145.441959,-14.694592,4439,3.55,2021-11-26 08:24:00,0.0515728195346913,5734.63588501307,"moving",29,-14.69295,145.44156,"run_day_11652_liz21_del_07_29.json","07",11652
145.441506,-14.693438,4440,3.55,2021-11-26 07:40:00,0.0567933594607464,6315.13343913575,"moving",29,-14.69295,145.44156,"run_day_11652_liz21_del_07_29.json","07",11652
145.44164,-14.693962,4440,3.55,2021-11-26 07:52:00,0.0600222681472813,6674.17170367698,"moving",29,-14.69295,145.44156,"run_day_11652_liz21_del_07_29.json","07",11652
145.441806,-14.694484,4440,3.55,2021-11-26 08:04:00,0.0607277985198641,6752.62310170183,"moving",29,-14.69295,145.44156,"run_day_11652_liz21_del_07_29.json","07",11652
145.441558,-14.693454,4441,3.55,2021-11-26 07:50:00,0.0558481877712174,6210.03514245206,"moving",29,-14.69295,145.44156,"run_day_11652_liz21_del_07_29.json","07",11652
145.44168,-14.693969,4441,3.55,2021-11-26 08:02:00,0.0587495924645582,6532.65662449427,"moving",29,-14.69295,145.44156,"run_day_11652_liz21_del_07_29.json","07",11652
145.441834,-14.694466,4441,3.55,2021-11-26 08:14:00,0.0576928132129965,6415.14813313737,"moving",29,-14.69295,145.44156,"run_day_11652_liz21_del_07_29.json","07",11652
145.441702,-14.693399,4442,3.55,2021-11-26 07:12:00,0.0532306199391091,5918.97487937362,"moving",29,-14.69295,145.44156,"run_day_11652_liz21_del_07_29.json","07",11652
145.441811,-14.693865,4442,3.55,2021-11-26 07:24:00,0.0531265800172242,5907.40616789152,"moving",29,-14.69295,145.44156,"run_day_11652_liz21_del_07_29.json","07",11652
145.441944,-14.694313,4442,3.55,2021-11-26 07:36:00,0.0518286276086064,5763.08044502715,"moving",29,-14.69295,145.44156,"run_day_11652_liz21_del_07_29.json","07",11652
145.441556,-14.693607,4443,3.55,2021-11-26 07:22:00,0.0580581692545828,6455.77387138071,"moving",29,-14.69295,145.44156,"run_day_11652_liz21_del_07_29.json","07",11652
145.441712,-14.694135,4443,3.55,2021-11-26 07:34:00,0.0610615281308695,6789.7321413167,"moving",29,-14.69295,145.44156,"run_day_11652_liz21_del_07_29.json","07",11652
145.441885,-14.694649,4443,3.55,2021-11-26 07:46:00,0.0601069230571102,6683.58490016551,"moving",29,-14.69295,145.44156,"run_day_11652_liz21_del_07_29.json","07",11652
145.441574,-14.693622,4444,3.55,2021-11-26 07:23:00,0.0576576089507361,6411.23359777775,"moving",29,-14.69295,145.44156,"run_day_11652_liz21_del_07_29.json","07",11652
145.441728,-14.694148,4444,3.55,2021-11-26 07:35:00,0.0607887618481244,6759.40191451574,"moving",29,-14.69295,145.44156,"run_day_11652_liz21_del_07_29.json","07",11652
145.4419,-14.694657,4444,3.55,2021-11-26 07:47:00,0.0595450039913085,6621.10235086351,"moving",29,-14.69295,145.44156,"run_day_11652_liz21_del_07_29.json","07",11652
145.441675,-14.693439,4445,3.55,2021-11-26 07:23:00,0.0532050153021269,5916.12777364263,"moving",29,-14.69295,145.44156,"run_day_11652_liz21_del_07_29.json","07",11652
145.441792,-14.693922,4445,3.55,2021-11-26 07:35:00,0.0551617918770139,6133.71140134698,"moving",29,-14.69295,145.44156,"run_day_11652_liz21_del_07_29.json","07",11652
145.44193,-14.694386,4445,3.55,2021-11-26 07:47:00,0.0536870768162878,5969.73056834792,"moving",29,-14.69295,145.44156,"run_day_11652_liz21_del_07_29.json","07",11652
145.441671,-14.693307,4446,3.55,2021-11-26 07:44:00,0.0512930392463727,5703.52573637688,"moving",29,-14.69295,145.44156,"run_day_11652_liz21_del_07_29.json","07",11652
145.441764,-14.693785,4446,3.55,2021-11-26 07:56:00,0.0540842501338754,6013.89422626224,"moving",29,-14.69295,145.44156,"run_day_11652_liz21_del_07_29.json","07",11652
145.441885,-14.694229,4446,3.55,2021-11-26 08:08:00,0.0510571181886316,5677.29251166746,"moving",29,-14.69295,145.44156,"run_day_11652_liz21_del_07_29.json","07",11652
145.442024,-14.694657,4446,3.55,2021-11-26 08:20:00,0.0498845005288943,5546.90337701086,"moving",29,-14.69295,145.44156,"run_day_11652_liz21_del_07_29.json","07",11652
145.441667,-14.693139,4447,3.55,2021-11-26 07:35:00,0.0490483162728288,5453.92392999631,"moving",29,-14.69295,145.44156,"run_day_11652_liz21_del_07_29.json","07",11652
145.441751,-14.693603,4447,3.55,2021-11-26 07:47:00,0.0523795434481401,5824.33949139141,"moving",29,-14.69295,145.44156,"run_day_11652_liz21_del_07_29.json","07",11652
145.44186,-14.694044,4447,3.55,2021-11-26 07:59:00,0.0504189695973048,5606.33362586655,"moving",29,-14.69295,145.44156,"run_day_11652_liz21_del_07_29.json","07",11652
145.441987,-14.69447,4447,3.55,2021-11-26 08:11:00,0.0492992707795391,5481.82879796109,"moving",29,-14.69295,145.44156,"run_day_11652_liz21_del_07_29.json","07",11652
145.441521,-14.693602,4448,3.55,2021-11-26 07:42:00,0.0582486233081283,6476.95139589386,"moving",29,-14.69295,145.44156,"run_day_11652_liz21_del_07_29.json","07",11652
145.44167,-14.694135,4448,3.55,2021-11-26 07:54:00,0.0613954684163979,6826.86460686969,"moving",29,-14.69295,145.44156,"run_day_11652_liz21_del_07_29.json","07",11652
145.441847,-14.694653,4448,3.55,2021-11-26 08:06:00,0.0606636488569425,6745.48998463899,"moving",29,-14.69295,145.44156,"run_day_11652_liz21_del_07_29.json","07",11652
145.4416,-14.693529,4449,3.55,2021-11-26 07:48:00,0.0556013094131315,6182.58352153458,"moving",29,-14.69295,145.44156,"run_day_11652_liz21_del_07_29.json","07",11652
145.441727,-14.694044,4449,3.55,2021-11-26 08:00:00,0.0588720446769515,6546.2726892688,"moving",29,-14.69295,145.44156,"run_day_11652_liz21_del_07_29.json","07",11652
145.44188,-14.694528,4449,3.55,2021-11-26 08:12:00,0.0562781205599484,6257.8414873571,"moving",29,-14.69295,145.44156,"run_day_11652_liz21_del_07_29.json","07",11652
145.441771,-14.693529,4450,3.55,2021-11-26 07:53:00,0.0494592105403394,5499.61328793083,"moving",29,-14.69295,145.44156,"run_day_11652_liz21_del_07_29.json","07",11652
145.441864,-14.693943,4450,3.55,2021-11-26 08:05:00,0.0471089387655988,5238.27499034377,"moving",29,-14.69295,145.44156,"run_day_11652_liz21_del_07_29.json","07",11652
145.441977,-14.694341,4450,3.55,2021-11-26 08:17:00,0.0458942030780339,5103.20254467247,"moving",29,-14.69295,145.44156,"run_day_11652_liz21_del_07_29.json","07",11652
145.441761,-14.693396,4451,3.55,2021-11-26 07:15:00,0.049933259420087,5552.3251183403,"moving",29,-14.69295,145.44156,"run_day_11652_liz21_del_07_29.json","07",11652
145.441855,-14.693809,4451,3.55,2021-11-26 07:27:00,0.0470232954615202,5228.75188942915,"moving",29,-14.69295,145.44156,"run_day_11652_liz21_del_07_29.json","07",11652
145.441974,-14.694223,4451,3.55,2021-11-26 07:39:00,0.0477809471549281,5312.99891389977,"moving",29,-14.69295,145.44156,"run_day_11652_liz21_del_07_29.json","07",11652
145.442105,-14.69465,4451,3.55,2021-11-26 07:51:00,0.0495267955205781,5507.12839485074,"moving",29,-14.69295,145.44156,"run_day_11652_liz21_del_07_29.json","07",11652
145.441743,-14.693304,4452,3.55,2021-11-26 08:04:00,0.0485814576350662,5402.01161801693,"moving",29,-14.69295,145.44156,"run_day_11652_liz21_del_07_29.json","07",11652
145.441815,-14.693712,4452,3.55,2021-11-26 08:16:00,0.0460237499911739,5117.60750417609,"moving",29,-14.69295,145.44156,"run_day_11652_liz21_del_07_29.json","07",11652
145.441909,-14.694098,4452,3.55,2021-11-26 08:28:00,0.0440959718855585,4903.2483591352,"moving",29,-14.69295,145.44156,"run_day_11652_liz21_del_07_29.json","07",11652
145.442025,-14.694484,4452,3.55,2021-11-26 08:40:00,0.044697896533698,4970.17932623063,"moving",29,-14.69295,145.44156,"run_day_11652_liz21_del_07_29.json","07",11652
145.441572,-14.69362,4453,3.55,2021-11-26 07:20:00,0.0580900216083248,6459.31569151851,"moving",29,-14.69295,145.44156,"run_day_11652_liz21_del_07_29.json","07",11652
145.441728,-14.694145,4453,3.55,2021-11-26 07:32:00,0.0607408538577882,6754.07478904462,"moving",29,-14.69295,145.44156,"run_day_11652_liz21_del_07_29.json","07",11652
145.4419,-14.694654,4453,3.55,2021-11-26 07:44:00,0.0595450040702301,6621.10235963919,"moving",29,-14.69295,145.44156,"run_day_11652_liz21_del_07_29.json","07",11652
145.44169,-14.693321,4454,3.55,2021-11-26 08:06:00,0.0507183943681271,5639.62814129369,"moving",29,-14.69295,145.44156,"run_day_11652_liz21_del_07_29.json","07",11652
145.441773,-14.693776,4454,3.55,2021-11-26 08:18:00,0.0513752783383005,5712.67030617111,"moving",29,-14.69295,145.44156,"run_day_11652_liz21_del_07_29.json","07",11652
145.441881,-14.694197,4454,3.55,2021-11-26 08:30:00,0.0482327806858001,5363.24051022063,"moving",29,-14.69295,145.44156,"run_day_11652_liz21_del_07_29.json","07",11652
145.442013,-14.694608,4454,3.55,2021-11-26 08:42:00,0.0478556728134521,5321.30802801782,"moving",29,-14.69295,145.44156,"run_day_11652_liz21_del_07_29.json","07",11652
145.441606,-14.693332,4455,3.55,2021-11-26 08:07:00,0.0528780849336045,5879.7747752969,"moving",29,-14.69295,145.44156,"run_day_11652_liz21_del_07_29.json","07",11652
145.441703,-14.693818,4455,3.55,2021-11-26 08:19:00,0.055038640589987,6120.01760301983,"moving",29,-14.69295,145.44156,"run_day_11652_liz21_del_07_29.json","07",11652
145.44183,-14.694286,4455,3.55,2021-11-26 08:31:00,0.0538021711984613,5982.5284797309,"moving",29,-14.69295,145.44156,"run_day_11652_liz21_del_07_29.json","07",11652
145.441699,-14.693479,4456,3.55,2021-11-26 07:34:00,0.0527532295395416,5865.8914889129,"moving",29,-14.69295,145.44156,"run_day_11652_liz21_del_07_29.json","07",11652
145.441811,-14.693951,4456,3.55,2021-11-26 07:46:00,0.0538487684289245,5987.70985535409,"moving",29,-14.69295,145.44156,"run_day_11652_liz21_del_07_29.json","07",11652
145.441944,-14.694401,4456,3.55,2021-11-26 07:58:00,0.0520424132862633,5786.85232777185,"moving",29,-14.69295,145.44156,"run_day_11652_liz21_del_07_29.json","07",11652
145.441657,-14.693418,4457,3.55,2021-11-26 07:53:00,0.052991886693156,5892.42895360224,"moving",29,-14.69295,145.44156,"run_day_11652_liz21_del_07_29.json","07",11652
145.44176,-14.693907,4457,3.55,2021-11-26 08:05:00,0.0554914412371945,6170.36673777069,"moving",29,-14.69295,145.44156,"run_day_11652_liz21_del_07_29.json","07",11652
145.441889,-14.694358,4457,3.55,2021-11-26 08:17:00,0.0520329611863453,5785.80130221484,"moving",29,-14.69295,145.44156,"run_day_11652_liz21_del_07_29.json","07",11652
145.441616,-14.693155,4458,3.55,2021-11-26 07:52:00,0.0507220210402579,5640.03140883524,"moving",29,-14.69295,145.44156,"run_day_11652_liz21_del_07_29.json","07",11652
145.441705,-14.693636,4458,3.55,2021-11-26 08:04:00,0.0543346690738249,6041.73954192033,"moving",29,-14.69295,145.44156,"run_day_11652_liz21_del_07_29.json","07",11652
145.441817,-14.694101,4458,3.55,2021-11-26 08:16:00,0.0530904147358051,5903.38477207705,"moving",29,-14.69295,145.44156,"run_day_11652_liz21_del_07_29.json","07",11652
145.441953,-14.694536,4458,3.55,2021-11-26 08:28:00,0.0505332786066431,5619.04420777473,"moving",29,-14.69295,145.44156,"run_day_11652_liz21_del_07_29.json","07",11652
145.441761,-14.693399,4459,3.55,2021-11-26 07:27:00,0.0488007991375494,5426.40128029565,"moving",29,-14.69295,145.44156,"run_day_11652_liz21_del_07_29.json","07",11652
145.441852,-14.693813,4459,3.55,2021-11-26 07:39:00,0.0470637324017511,5233.24827203186,"moving",29,-14.69295,145.44156,"run_day_11652_liz21_del_07_29.json","07",11652
145.441967,-14.694219,4459,3.55,2021-11-26 07:51:00,0.0468089805297739,5204.92115631479,"moving",29,-14.69295,145.44156,"run_day_11652_liz21_del_07_29.json","07",11652
145.442096,-14.694636,4459,3.55,2021-11-26 08:03:00,0.0483997206874951,5381.80339146315,"moving",29,-14.69295,145.44156,"run_day_11652_liz21_del_07_29.json","07",11652
145.441692,-14.693528,4460,3.55,2021-11-26 07:55:00,0.053568656201575,5956.56279678172,"moving",29,-14.69295,145.44156,"run_day_11652_liz21_del_07_29.json","07",11652
145.441799,-14.694003,4460,3.55,2021-11-26 08:07:00,0.0540569049473037,6010.85358024732,"moving",29,-14.69295,145.44156,"run_day_11652_liz21_del_07_29.json","07",11652
145.44193,-14.694442,4460,3.55,2021-11-26 08:19:00,0.050807418658601,5649.52719074252,"moving",29,-14.69295,145.44156,"run_day_11652_liz21_del_07_29.json","07",11652
145.441736,-14.69328,4461,3.55,2021-11-26 08:04:00,0.0488185142407478,5428.37110989629,"moving",29,-14.69295,145.44156,"run_day_11652_liz21_del_07_29.json","07",11652
145.441807,-14.693692,4461,3.55,2021-11-26 08:16:00,0.046444441817862,5164.38630098464,"moving",29,-14.69295,145.44156,"run_day_11652_liz21_del_07_29.json","07",11652
145.441901,-14.69408,4461,3.55,2021-11-26 08:28:00,0.0443124667420291,4927.32148881938,"moving",29,-14.69295,145.44156,"run_day_11652_liz21_del_07_29.json","07",11652
145.442016,-14.694467,4461,3.55,2021-11-26 08:40:00,0.044774850229256,4978.73618676323,"moving",29,-14.69295,145.44156,"run_day_11652_liz21_del_07_29.json","07",11652
145.44166,-14.693185,4462,3.55,2021-11-26 07:41:00,0.0499625940976617,5555.58698566136,"moving",29,-14.69295,145.44156,"run_day_11652_liz21_del_07_29.json","07",11652
145.441746,-14.693658,4462,3.55,2021-11-26 07:53:00,0.0534024173389625,5938.07787864805,"moving",29,-14.69295,145.44156,"run_day_11652_liz21_del_07_29.json","07",11652
145.441859,-14.694104,4462,3.55,2021-11-26 08:05:00,0.051060564285564,5677.67570016306,"moving",29,-14.69295,145.44156,"run_day_11652_liz21_del_07_29.json","07",11652
145.44199,-14.694531,4462,3.55,2021-11-26 08:17:00,0.0495267977038693,5507.12863762165,"moving",29,-14.69295,145.44156,"run_day_11652_liz21_del_07_29.json","07",11652
145.441717,-14.69364,4463,3.55,2021-11-26 07:17:00,0.0554488977879232,6165.63612204976,"moving",29,-14.69295,145.44156,"run_day_11652_liz21_del_07_29.json","07",11652
145.441853,-14.694114,4463,3.55,2021-11-26 07:29:00,0.0546986318466729,6082.21035574852,"moving",29,-14.69295,145.44156,"run_day_11652_liz21_del_07_29.json","07",11652
145.441995,-14.694579,4463,3.55,2021-11-26 07:41:00,0.053914239831753,5994.98994318892,"moving",29,-14.69295,145.44156,"run_day_11652_liz21_del_07_29.json","07",11652
145.441682,-14.693214,4464,3.55,2021-11-26 07:26:00,0.0498742283608876,5545.76116404287,"moving",29,-14.69295,145.44156,"run_day_11652_liz21_del_07_29.json","07",11652
145.441771,-14.693675,4464,3.55,2021-11-26 07:38:00,0.0521470285792685,5798.48501760346,"moving",29,-14.69295,145.44156,"run_day_11652_liz21_del_07_29.json","07",11652
145.44189,-14.694113,4464,3.55,2021-11-26 07:50:00,0.0503571696973241,5599.46179052155,"moving",29,-14.69295,145.44156,"run_day_11652_liz21_del_07_29.json","07",11652
145.442022,-14.694548,4464,3.55,2021-11-26 08:02:00,0.0504104209292994,5605.38305735478,"moving",29,-14.69295,145.44156,"run_day_11652_liz21_del_07_29.json","07",11652
145.441577,-14.693253,4465,3.55,2021-11-26 07:20:00,0.0533912082154358,5936.83148097975,"moving",29,-14.69295,145.44156,"run_day_11652_liz21_del_07_29.json","07",11652
145.441689,-14.693749,4465,3.55,2021-11-26 07:32:00,0.0564529701189814,6277.2838712476,"moving",29,-14.69295,145.44156,"run_day_11652_liz21_del_07_29.json","07",11652
145.441835,-14.694247,4465,3.55,2021-11-26 07:44:00,0.0575586543197376,6400.23034484273,"moving",29,-14.69295,145.44156,"run_day_11652_liz21_del_07_29.json","07",11652
145.441699,-14.693541,4466,3.55,2021-11-26 07:42:00,0.0536272579846419,5963.07901775108,"moving",29,-14.69295,145.44156,"run_day_11652_liz21_del_07_29.json","07",11652
145.441814,-14.694017,4466,3.55,2021-11-26 07:54:00,0.0543548856610576,6043.98752385467,"moving",29,-14.69295,145.44156,"run_day_11652_liz21_del_07_29.json","07",11652
145.44195,-14.694466,4466,3.55,2021-11-26 08:06:00,0.0520253122932491,5784.95078410809,"moving",29,-14.69295,145.44156,"run_day_11652_liz21_del_07_29.json","07",11652
145.441706,-14.693284,4467,3.55,2021-11-26 07:45:00,0.0502998287823708,5593.08577168958,"moving",29,-14.69295,145.44156,"run_day_11652_liz21_del_07_29.json","07",11652
145.441789,-14.693735,4467,3.55,2021-11-26 07:57:00,0.0509373241060529,5663.97201744266,"moving",29,-14.69295,145.44156,"run_day_11652_liz21_del_07_29.json","07",11652
145.4419,-14.694157,4467,3.55,2021-11-26 08:09:00,0.0484192625282172,5383.97634500874,"moving",29,-14.69295,145.44156,"run_day_11652_liz21_del_07_29.json","07",11652
145.442028,-14.69457,4467,3.55,2021-11-26 08:21:00,0.0479427825258198,5330.99418609456,"moving",29,-14.69295,145.44156,"run_day_11652_liz21_del_07_29.json","07",11652
145.441639,-14.69318,4468,3.55,2021-11-26 07:23:00,0.0506564728251767,5632.74277986761,"moving",29,-14.69295,145.44156,"run_day_11652_liz21_del_07_29.json","07",11652
145.441733,-14.693657,4468,3.55,2021-11-26 07:35:00,0.0539950153561649,6003.97177170058,"moving",29,-14.69295,145.44156,"run_day_11652_liz21_del_07_29.json","07",11652
145.441859,-14.69412,4468,3.55,2021-11-26 07:47:00,0.0532371217460805,5919.69784732286,"moving",29,-14.69295,145.44156,"run_day_11652_liz21_del_07_29.json","07",11652
145.441999,-14.69457,4468,3.55,2021-11-26 07:59:00,0.0522543808263253,5810.42204284008,"moving",29,-14.69295,145.44156,"run_day_11652_liz21_del_07_29.json","07",11652
145.441706,-14.69333,4469,3.55,2021-11-26 07:18:00,0.0516409459582564,5742.21119768394,"moving",29,-14.69295,145.44156,"run_day_11652_liz21_del_07_29.json","07",11652
145.441803,-14.693783,4469,3.55,2021-11-26 07:30:00,0.0514404417692952,5719.91614910047,"moving",29,-14.69295,145.44156,"run_day_11652_liz21_del_07_29.json","07",11652
145.44193,-14.694221,4469,3.55,2021-11-26 07:42:00,0.0505827215436601,5624.54201152942,"moving",29,-14.69295,145.44156,"run_day_11652_liz21_del_07_29.json","07",11652
145.442068,-14.694661,4469,3.55,2021-11-26 07:54:00,0.0511277373965958,5685.14500931673,"moving",29,-14.69295,145.44156,"run_day_11652_liz21_del_07_29.json","07",11652
145.441771,-14.693277,4470,3.55,2021-11-26 07:17:00,0.0474494424547423,5276.13727308028,"moving",29,-14.69295,145.44156,"run_day_11652_liz21_del_07_29.json","07",11652
145.441848,-14.693664,4470,3.55,2021-11-26 07:29:00,0.0438221653497801,4872.80246147453,"moving",29,-14.69295,145.44156,"run_day_11652_liz21_del_07_29.json","07",11652
145.441955,-14.694052,4470,3.55,2021-11-26 07:41:00,0.0446522560764822,4965.10433893849,"moving",29,-14.69295,145.44156,"run_day_11652_liz21_del_07_29.json","07",11652
145.442068,-14.694458,4470,3.55,2021-11-26 07:53:00,0.0467525932575643,5198.65117771775,"moving",29,-14.69295,145.44156,"run_day_11652_liz21_del_07_29.json","07",11652
145.441742,-14.693207,4471,3.55,2021-11-26 07:29:00,0.0476683452189524,5300.47814988891,"moving",29,-14.69295,145.44156,"run_day_11652_liz21_del_07_29.json","07",11652
145.441817,-14.693614,4471,3.55,2021-11-26 07:41:00,0.0459696699816904,5111.59408148864,"moving",29,-14.69295,145.44156,"run_day_11652_liz21_del_07_29.json","07",11652
145.441918,-14.694009,4471,3.55,2021-11-26 07:53:00,0.0452454966879305,5031.06968521106,"moving",29,-14.69295,145.44156,"run_day_11652_liz21_del_07_29.json","07",11652
145.442032,-14.694408,4471,3.55,2021-11-26 08:05:00,0.0460299712007799,5118.29927112187,"moving",29,-14.69295,145.44156,"run_day_11652_liz21_del_07_29.json","07",11652
145.441633,-14.693594,4472,3.55,2021-11-26 08:04:00,0.0554071545892397,6160.99449013423,"moving",29,-14.69295,145.44156,"run_day_11652_liz21_del_07_29.json","07",11652
145.441753,-14.69409,4472,3.55,2021-11-26 08:16:00,0.0566428199526706,6298.39420957815,"moving",29,-14.69295,145.44156,"run_day_11652_liz21_del_07_29.json","07",11652
145.4419,-14.694552,4472,3.55,2021-11-26 08:28:00,0.0537501347454205,5976.74229015218,"moving",29,-14.69295,145.44156,"run_day_11652_liz21_del_07_29.json","07",11652
145.441686,-14.693577,4473,3.55,2021-11-26 07:28:00,0.0543375418482853,6042.05897986573,"moving",29,-14.69295,145.44156,"run_day_11652_liz21_del_07_29.json","07",11652
145.441817,-14.694065,4473,3.55,2021-11-26 07:40:00,0.0560626315042958,6233.8801976211,"moving",29,-14.69295,145.44156,"run_day_11652_liz21_del_07_29.json","07",11652
145.441961,-14.694532,4473,3.55,2021-11-26 07:52:00,0.0541886496892745,6025.50292716656,"moving",29,-14.69295,145.44156,"run_day_11652_liz21_del_07_29.json","07",11652
145.441541,-14.693374,4474,3.55,2021-11-26 07:15:00,0.0561767386303394,6246.56833113114,"moving",29,-14.69295,145.44156,"run_day_11652_liz21_del_07_29.json","07",11652
145.441674,-14.693888,4474,3.55,2021-11-26 07:27:00,0.0589172502489724,6551.2993195336,"moving",29,-14.69295,145.44156,"run_day_11652_liz21_del_07_29.json","07",11652
145.441834,-14.694402,4474,3.55,2021-11-26 07:39:00,0.0596888753397031,6637.10011489449,"moving",29,-14.69295,145.44156,"run_day_11652_liz21_del_07_29.json","07",11652
145.441686,-14.693218,4475,3.55,2021-11-26 07:12:00,0.0512042988017396,5693.6582491455,"moving",29,-14.69295,145.44156,"run_day_11652_liz21_del_07_29.json","07",11652
145.441778,-14.693679,4475,3.55,2021-11-26 07:24:00,0.0522072261337048,5805.1786802532,"moving",29,-14.69295,145.44156,"run_day_11652_liz21_del_07_29.json","07",11652
145.441903,-14.694117,4475,3.55,2021-11-26 07:36:00,0.0505250554709309,5618.12983680243,"moving",29,-14.69295,145.44156,"run_day_11652_liz21_del_07_29.json","07",11652
145.442035,-14.694561,4475,3.55,2021-11-26 07:48:00,0.0513714375167622,5712.2432263019,"moving",29,-14.69295,145.44156,"run_day_11652_liz21_del_07_29.json","07",11652
145.441727,-14.693577,4476,3.55,2021-11-26 07:34:00,0.0531505791680354,5910.0747517055,"moving",29,-14.69295,145.44156,"run_day_11652_liz21_del_07_29.json","07",11652
145.441846,-14.694036,4476,3.55,2021-11-26 07:46:00,0.0526189244556657,5850.95744496332,"moving",29,-14.69295,145.44156,"run_day_11652_liz21_del_07_29.json","07",11652
145.44198,-14.694482,4476,3.55,2021-11-26 07:58:00,0.051644823424268,5742.64235223267,"moving",29,-14.69295,145.44156,"run_day_11652_liz21_del_07_29.json","07",11652
145.441526,-14.693366,4477,3.55,2021-11-26 08:01:00,0.0555466440807592,6176.50501391143,"moving",29,-14.69295,145.44156,"run_day_11652_liz21_del_07_29.json","07",11652
145.441639,-14.693871,4477,3.55,2021-11-26 08:13:00,0.0574537269977221,6388.56295896821,"moving",29,-14.69295,145.44156,"run_day_11652_liz21_del_07_29.json","07",11652
145.441784,-14.69437,4477,3.55,2021-11-26 08:25:00,0.0576364391746359,6408.87962607721,"moving",29,-14.69295,145.44156,"run_day_11652_liz21_del_07_29.json","07",11652
145.441539,-14.693415,4478,3.55,2021-11-26 07:27:00,0.0557445666126509,6198.51299532644,"moving",29,-14.69295,145.44156,"run_day_11652_liz21_del_07_29.json","07",11652
145.441673,-14.693932,4478,3.55,2021-11-26 07:39:00,0.0592669721218284,6590.18661753182,"moving",29,-14.69295,145.44156,"run_day_11652_liz21_del_07_29.json","07",11652
145.441834,-14.694447,4478,3.55,2021-11-26 07:51:00,0.0598264002296215,6652.39218494078,"moving",29,-14.69295,145.44156,"run_day_11652_liz21_del_07_29.json","07",11652
145.441663,-14.693146,4479,3.55,2021-11-26 07:57:00,0.049444771550495,5498.00774551425,"moving",29,-14.69295,145.44156,"run_day_11652_liz21_del_07_29.json","07",11652
145.441742,-14.693608,4479,3.55,2021-11-26 08:09:00,0.0520700418663523,5789.92448570815,"moving",29,-14.69295,145.44156,"run_day_11652_liz21_del_07_29.json","07",11652
145.441841,-14.69404,4479,3.55,2021-11-26 08:21:00,0.0492022663633574,5471.04239901956,"moving",29,-14.69295,145.44156,"run_day_11652_liz21_del_07_29.json","07",11652
145.441964,-14.694453,4479,3.55,2021-11-26 08:33:00,0.0477911270490006,5314.13086647441,"moving",29,-14.69295,145.44156,"run_day_11652_liz21_del_07_29.json","07",11652
145.441495,-14.693516,4480,3.55,2021-11-26 08:04:00,0.0577990832914227,6426.96482671249,"moving",29,-14.69295,145.44156,"run_day_11652_liz21_del_07_29.json","07",11652
145.441624,-14.694034,4480,3.55,2021-11-26 08:16:00,0.0592465854625251,6587.91972444605,"moving",29,-14.69295,145.44156,"run_day_11652_liz21_del_07_29.json","07",11652
145.441789,-14.694541,4480,3.55,2021-11-26 08:28:00,0.0591032395093856,6571.98038170192,"moving",29,-14.69295,145.44156,"run_day_11652_liz21_del_07_29.json","07",11652
145.441562,-14.6935,4481,3.55,2021-11-26 07:46:00,0.0561972564986812,6248.8498139963,"moving",29,-14.69295,145.44156,"run_day_11652_liz21_del_07_29.json","07",11652
145.441692,-14.69402,4481,3.55,2021-11-26 07:58:00,0.0594880033684118,6614.76417078182,"moving",29,-14.69295,145.44156,"run_day_11652_liz21_del_07_29.json","07",11652
145.441852,-14.69452,4481,3.55,2021-11-26 08:10:00,0.0581999805110924,6471.54256364567,"moving",29,-14.69295,145.44156,"run_day_11652_liz21_del_07_29.json","07",11652
145.441673,-14.69357,4482,3.55,2021-11-26 07:35:00,0.0544465410930719,6054.17914289408,"moving",29,-14.69295,145.44156,"run_day_11652_liz21_del_07_29.json","07",11652
145.441801,-14.694064,4482,3.55,2021-11-26 07:47:00,0.0566293230845243,6296.8934263147,"moving",29,-14.69295,145.44156,"run_day_11652_liz21_del_07_29.json","07",11652
145.441947,-14.694531,4482,3.55,2021-11-26 07:59:00,0.0542505265060687,6032.383315271,"moving",29,-14.69295,145.44156,"run_day_11652_liz21_del_07_29.json","07",11652
145.441565,-14.693328,4483,3.55,2021-11-26 07:23:00,0.0542712493618723,6034.68759170194,"moving",29,-14.69295,145.44156,"run_day_11652_liz21_del_07_29.json","07",11652
145.441686,-14.693833,4483,3.55,2021-11-26 07:35:00,0.0576418911873265,6409.48586222841,"moving",29,-14.69295,145.44156,"run_day_11652_liz21_del_07_29.json","07",11652
145.441838,-14.694338,4483,3.55,2021-11-26 07:47:00,0.0584849832715345,6503.23342468653,"moving",29,-14.69295,145.44156,"run_day_11652_liz21_del_07_29.json","07",11652
145.44161,-14.693522,4484,3.55,2021-11-26 08:08:00,0.0547735920489518,6090.54554994218,"moving",29,-14.69295,145.44156,"run_day_11652_liz21_del_07_29.json","07",11652
145.441723,-14.694018,4484,3.55,2021-11-26 08:20:00,0.0564760166518659,6279.84652878111,"moving",29,-14.69295,145.44156,"run_day_11652_liz21_del_07_29.json","07",11652
145.441868,-14.694486,4484,3.55,2021-11-26 08:32:00,0.0543259961323573,6040.77515483005,"moving",29,-14.69295,145.44156,"run_day_11652_liz21_del_07_29.json","07",11652
145.441575,-14.693189,4485,3.55,2021-11-26 07:51:00,0.0522270027406915,5807.37773861636,"moving",29,-14.69295,145.44156,"run_day_11652_liz21_del_07_29.json","07",11652
145.441672,-14.69368,4485,3.55,2021-11-26 08:03:00,0.0555846360134994,6180.72952408557,"moving",29,-14.69295,145.44156,"run_day_11652_liz21_del_07_29.json","07",11652
145.441795,-14.694166,4485,3.55,2021-11-26 08:15:00,0.0556365439937863,6186.50142814583,"moving",29,-14.69295,145.44156,"run_day_11652_liz21_del_07_29.json","07",11652
145.441943,-14.694617,4485,3.55,2021-11-26 08:27:00,0.0526147775484844,5850.4963299235,"moving",29,-14.69295,145.44156,"run_day_11652_liz21_del_07_29.json","07",11652
145.441698,-14.693455,4486,3.55,2021-11-26 07:39:00,0.0524749820431536,5834.951778963,"moving",29,-14.69295,145.44156,"run_day_11652_liz21_del_07_29.json","07",11652
145.441805,-14.693926,4486,3.55,2021-11-26 07:51:00,0.0536224067700992,5962.53958730587,"moving",29,-14.69295,145.44156,"run_day_11652_liz21_del_07_29.json","07",11652
145.441934,-14.69437,4486,3.55,2021-11-26 08:03:00,0.051283200072066,5702.43167011161,"moving",29,-14.69295,145.44156,"run_day_11652_liz21_del_07_29.json","07",11652
145.441604,-14.693613,4487,3.55,2021-11-26 07:54:00,0.0566249212336843,6296.40396283345,"moving",29,-14.69295,145.44156,"run_day_11652_liz21_del_07_29.json","07",11652
145.441736,-14.694128,4487,3.55,2021-11-26 08:06:00,0.0589991447144099,6560.40556861052,"moving",29,-14.69295,145.44156,"run_day_11652_liz21_del_07_29.json","07",11652
145.441894,-14.694609,4487,3.55,2021-11-26 08:18:00,0.0561197054954456,6240.22653588031,"moving",29,-14.69295,145.44156,"run_day_11652_liz21_del_07_29.json","07",11652
145.441464,-14.693407,4488,3.55,2021-11-26 07:24:00,0.0576521636910962,6410.62811253154,"moving",29,-14.69295,145.44156,"run_day_11652_liz21_del_07_29.json","07",11652
145.441608,-14.693933,4488,3.55,2021-11-26 07:36:00,0.0605045375610212,6727.7976157607,"moving",29,-14.69295,145.44156,"run_day_11652_liz21_del_07_29.json","07",11652
145.441781,-14.694468,4488,3.55,2021-11-26 07:48:00,0.0623315027006673,6930.94687044581,"moving",29,-14.69295,145.44156,"run_day_11652_liz21_del_07_29.json","07",11652
145.44169,-14.693168,4489,3.55,2021-11-26 07:49:00,0.0491867351228096,5469.31540386616,"moving",29,-14.69295,145.44156,"run_day_11652_liz21_del_07_29.json","07",11652
145.441767,-14.69362,4489,3.55,2021-11-26 08:01:00,0.0509379030109339,5664.03638872844,"moving",29,-14.69295,145.44156,"run_day_11652_liz21_del_07_29.json","07",11652
145.441867,-14.69404,4489,3.55,2021-11-26 08:13:00,0.04792444548574,5328.95520026801,"moving",29,-14.69295,145.44156,"run_day_11652_liz21_del_07_29.json","07",11652
145.441987,-14.694447,4489,3.55,2021-11-26 08:25:00,0.0470608733517446,5232.93036017611,"moving",29,-14.69295,145.44156,"run_day_11652_liz21_del_07_29.json","07",11652
145.441487,-14.693468,4490,3.55,2021-11-26 07:54:00,0.0576576111958498,6411.23384742301,"moving",29,-14.69295,145.44156,"run_day_11652_liz21_del_07_29.json","07",11652
145.441619,-14.693992,4490,3.55,2021-11-26 08:06:00,0.0599709764400828,6668.46832605756,"moving",29,-14.69295,145.44156,"run_day_11652_liz21_del_07_29.json","07",11652
145.441783,-14.694506,4490,3.55,2021-11-26 08:18:00,0.0598143348226229,6651.05057289463,"moving",29,-14.69295,145.44156,"run_day_11652_liz21_del_07_29.json","07",11652
145.441577,-14.693295,4491,3.55,2021-11-26 07:35:00,0.0532588368957119,5922.1124617932,"moving",29,-14.69295,145.44156,"run_day_11652_liz21_del_07_29.json","07",11652
145.441688,-14.693798,4491,3.55,2021-11-26 07:47:00,0.0571910968593512,6359.35981999741,"moving",29,-14.69295,145.44156,"run_day_11652_liz21_del_07_29.json","07",11652
145.441831,-14.694295,4491,3.55,2021-11-26 07:59:00,0.0573643266097067,6378.62208938085,"moving",29,-14.69295,145.44156,"run_day_11652_liz21_del_07_29.json","07",11652
145.441709,-14.693274,4492,3.55,2021-11-26 07:51:00,0.0501521688882226,5576.66674059144,"moving",29,-14.69295,145.44156,"run_day_11652_liz21_del_07_29.json","07",11652
145.441789,-14.693719,4492,3.55,2021-11-26 08:03:00,0.0502243297791203,5584.69066556141,"moving",29,-14.69295,145.44156,"run_day_11652_liz21_del_07_29.json","07",11652
145.441894,-14.694132,4492,3.55,2021-11-26 08:15:00,0.0472917970756178,5258.60790671268,"moving",29,-14.69295,145.44156,"run_day_11652_liz21_del_07_29.json","07",11652
145.442018,-14.694538,4492,3.55,2021-11-26 08:27:00,0.0470740327720977,5234.39362095696,"moving",29,-14.69295,145.44156,"run_day_11652_liz21_del_07_29.json","07",11652
145.441569,-14.693526,4493,3.55,2021-11-26 07:20:00,0.0569086064450188,6327.94831909792,"moving",29,-14.69295,145.44156,"run_day_11652_liz21_del_07_29.json","07",11652
145.441715,-14.694046,4493,3.55,2021-11-26 07:32:00,0.0599158600933535,6662.33966792608,"moving",29,-14.69295,145.44156,"run_day_11652_liz21_del_07_29.json","07",11652
145.441879,-14.694554,4493,3.55,2021-11-26 07:44:00,0.059177162366024,6580.20022832318,"moving",29,-14.69295,145.44156,"run_day_11652_liz21_del_07_29.json","07",11652
145.441587,-14.693211,4494,3.55,2021-11-26 07:29:00,0.0518624098121992,5766.83685467753,"moving",29,-14.69295,145.44156,"run_day_11652_liz21_del_07_29.json","07",11652
145.441691,-14.693704,4494,3.55,2021-11-26 07:41:00,0.0559487448005633,6221.21657395377,"moving",29,-14.69295,145.44156,"run_day_11652_liz21_del_07_29.json","07",11652
145.441826,-14.694196,4494,3.55,2021-11-26 07:53:00,0.0566020820871225,6293.86436560688,"moving",29,-14.69295,145.44156,"run_day_11652_liz21_del_07_29.json","07",11652
145.44198,-14.69466,4494,3.55,2021-11-26 08:05:00,0.0541881052487625,6025.44238814377,"moving",29,-14.69295,145.44156,"run_day_11652_liz21_del_07_29.json","07",11652
145.441601,-14.693401,4495,3.55,2021-11-26 07:24:00,0.0543908011917296,6047.98114865315,"moving",29,-14.69295,145.44156,"run_day_11652_liz21_del_07_29.json","07",11652
145.441725,-14.693907,4495,3.55,2021-11-26 07:36:00,0.0578237918020082,6429.71228773453,"moving",29,-14.69295,145.44156,"run_day_11652_liz21_del_07_29.json","07",11652
145.441875,-14.6944,4495,3.55,2021-11-26 07:48:00,0.0571439461110647,6354.11689600046,"moving",29,-14.69295,145.44156,"run_day_11652_liz21_del_07_29.json","07",11652
145.441772,-14.693589,4496,3.55,2021-11-26 07:23:00,0.0511042216305316,5682.53017543423,"moving",29,-14.69295,145.44156,"run_day_11652_liz21_del_07_29.json","07",11652
145.441888,-14.694019,4496,3.55,2021-11-26 07:35:00,0.049414885371509,5494.68455403422,"moving",29,-14.69295,145.44156,"run_day_11652_liz21_del_07_29.json","07",11652
145.442013,-14.694454,4496,3.55,2021-11-26 07:47:00,0.0502035709671916,5582.38239099177,"moving",29,-14.69295,145.44156,"run_day_11652_liz21_del_07_29.json","07",11652
145.441668,-14.693394,4497,3.55,2021-11-26 07:19:00,0.0532264291913576,5918.50888948481,"moving",29,-14.69295,145.44156,"run_day_11652_liz21_del_07_29.json","07",11652
145.441781,-14.693877,4497,3.55,2021-11-26 07:31:00,0.0550652344368628,6122.97470387239,"moving",29,-14.69295,145.44156,"run_day_11652_liz21_del_07_29.json","07",11652
145.441919,-14.694341,4497,3.55,2021-11-26 07:43:00,0.0536870776614823,5969.73066232926,"moving",29,-14.69295,145.44156,"run_day_11652_liz21_del_07_29.json","07",11652
145.441647,-14.693565,4498,3.55,2021-11-26 07:59:00,0.054929468073952,6107.87817310772,"moving",29,-14.69295,145.44156,"run_day_11652_liz21_del_07_29.json","07",11652
145.441764,-14.69406,4498,3.55,2021-11-26 08:11:00,0.0564617627608122,6278.26156841099,"moving",29,-14.69295,145.44156,"run_day_11652_liz21_del_07_29.json","07",11652
145.441908,-14.694519,4498,3.55,2021-11-26 08:23:00,0.0533368067448614,5930.78231344986,"moving",29,-14.69295,145.44156,"run_day_11652_liz21_del_07_29.json","07",11652
145.441743,-14.693542,4499,3.55,2021-11-26 07:40:00,0.051941487462791,5775.62988823431,"moving",29,-14.69295,145.44156,"run_day_11652_liz21_del_07_29.json","07",11652
145.441851,-14.693985,4499,3.55,2021-11-26 07:52:00,0.0506104954054591,5627.6303240548,"moving",29,-14.69295,145.44156,"run_day_11652_liz21_del_07_29.json","07",11652
145.441977,-14.694415,4499,3.55,2021-11-26 08:04:00,0.0496973510992248,5526.09330990718,"moving",29,-14.69295,145.44156,"run_day_11652_liz21_del_07_29.json","07",11652
145.441652,-14.693546,4500,3.55,2021-11-26 08:03:00,0.0544520738187862,6054.79435392402,"moving",29,-14.69295,145.44156,"run_day_11652_liz21_del_07_29.json","07",11652
145.441763,-14.694035,4500,3.55,2021-11-26 08:15:00,0.0556696118236275,6190.17840305932,"moving",29,-14.69295,145.44156,"run_day_11652_liz21_del_07_29.json","07",11652
145.441903,-14.694489,4500,3.55,2021-11-26 08:27:00,0.0526804502532158,5857.79880150865,"moving",29,-14.69295,145.44156,"run_day_11652_liz21_del_07_29.json","07",11652
145.441637,-14.693211,4501,3.55,2021-11-26 07:17:00,0.051702110312585,5749.01236357677,"moving",29,-14.69295,145.44156,"run_day_11652_liz21_del_07_29.json","07",11652
145.441736,-14.693692,4501,3.55,2021-11-26 07:29:00,0.0545344442984565,6063.95353336865,"moving",29,-14.69295,145.44156,"run_day_11652_liz21_del_07_29.json","07",11652
145.441868,-14.694158,4501,3.55,2021-11-26 07:41:00,0.0537267054349364,5974.13706969157,"moving",29,-14.69295,145.44156,"run_day_11652_liz21_del_07_29.json","07",11652
145.442012,-14.694615,4501,3.55,2021-11-26 07:53:00,0.0531240371366491,5907.12341247252,"moving",29,-14.69295,145.44156,"run_day_11652_liz21_del_07_29.json","07",11652
145.441614,-14.693556,4502,3.55,2021-11-26 08:04:00,0.0554700714973741,6167.99053111894,"moving",29,-14.69295,145.44156,"run_day_11652_liz21_del_07_29.json","07",11652
145.441732,-14.694056,4502,3.55,2021-11-26 08:16:00,0.0570277281699877,6341.19405056761,"moving",29,-14.69295,145.44156,"run_day_11652_liz21_del_07_29.json","07",11652
145.44188,-14.694524,4502,3.55,2021-11-26 08:28:00,0.0544195065558477,6051.17303951057,"moving",29,-14.69295,145.44156,"run_day_11652_liz21_del_07_29.json","07",11652
145.441738,-14.69345,4503,3.55,2021-11-26 08:01:00,0.050845828425421,5653.79816194651,"moving",29,-14.69295,145.44156,"run_day_11652_liz21_del_07_29.json","07",11652
145.441825,-14.693878,4503,3.55,2021-11-26 08:13:00,0.0485026635655697,5393.25011723924,"moving",29,-14.69295,145.44156,"run_day_11652_liz21_del_07_29.json","07",11652
145.441936,-14.694282,4503,3.55,2021-11-26 08:25:00,0.0464821710164825,5168.58159645761,"moving",29,-14.69295,145.44156,"run_day_11652_liz21_del_07_29.json","07",11652
145.441618,-14.693297,4504,3.55,2021-11-26 07:54:00,0.0525512375075945,5843.43099973776,"moving",29,-14.69295,145.44156,"run_day_11652_liz21_del_07_29.json","07",11652
145.441715,-14.693789,4504,3.55,2021-11-26 08:06:00,0.0556938575698466,6192.8744070316,"moving",29,-14.69295,145.44156,"run_day_11652_liz21_del_07_29.json","07",11652
145.441841,-14.694255,4504,3.55,2021-11-26 08:18:00,0.0535597819654145,5955.57602674283,"moving",29,-14.69295,145.44156,"run_day_11652_liz21_del_07_29.json","07",11652
145.441988,-14.694694,4504,3.55,2021-11-26 08:30:00,0.0513113145639598,5705.55785897539,"moving",29,-14.69295,145.44156,"run_day_11652_liz21_del_07_29.json","07",11652
145.44177,-14.693388,4505,3.55,2021-11-26 07:17:00,0.0489102559167898,5438.57231883404,"moving",29,-14.69295,145.44156,"run_day_11652_liz21_del_07_29.json","07",11652
145.44186,-14.693791,4505,3.55,2021-11-26 07:29:00,0.045845205826544,5097.75429888725,"moving",29,-14.69295,145.44156,"run_day_11652_liz21_del_07_29.json","07",11652
145.441977,-14.694198,4505,3.55,2021-11-26 07:41:00,0.0469734050694431,5223.20433094187,"moving",29,-14.69295,145.44156,"run_day_11652_liz21_del_07_29.json","07",11652
145.442103,-14.694619,4505,3.55,2021-11-26 07:53:00,0.04873528590598,5419.11654131705,"moving",29,-14.69295,145.44156,"run_day_11652_liz21_del_07_29.json","07",11652
145.441709,-14.693199,4506,3.55,2021-11-26 07:21:00,0.0495540529750571,5510.15928550205,"moving",29,-14.69295,145.44156,"run_day_11652_liz21_del_07_29.json","07",11652
145.441792,-14.693634,4506,3.55,2021-11-26 07:33:00,0.0491867316672026,5469.31501962019,"moving",29,-14.69295,145.44156,"run_day_11652_liz21_del_07_29.json","07",11652
145.441905,-14.694054,4506,3.55,2021-11-26 07:45:00,0.0482575013100993,5365.98931822619,"moving",29,-14.69295,145.44156,"run_day_11652_liz21_del_07_29.json","07",11652
145.442028,-14.694478,4506,3.55,2021-11-26 07:57:00,0.0489676424928391,5444.95341494823,"moving",29,-14.69295,145.44156,"run_day_11652_liz21_del_07_29.json","07",11652
145.441683,-14.693303,4507,3.55,2021-11-26 07:51:00,0.0511435984147536,5686.9086740673,"moving",29,-14.69295,145.44156,"run_day_11652_liz21_del_07_29.json","07",11652
145.44177,-14.693772,4507,3.55,2021-11-26 08:03:00,0.0529833064851184,5891.47487799891,"moving",29,-14.69295,145.44156,"run_day_11652_liz21_del_07_29.json","07",11652
145.441884,-14.694204,4507,3.55,2021-11-26 08:15:00,0.0495764568338295,5512.6504809348,"moving",29,-14.69295,145.44156,"run_day_11652_liz21_del_07_29.json","07",11652
145.442019,-14.694623,4507,3.55,2021-11-26 08:27:00,0.0488009321664453,5426.41607243397,"moving",29,-14.69295,145.44156,"run_day_11652_liz21_del_07_29.json","07",11652
145.441571,-14.693512,4508,3.55,2021-11-26 07:36:00,0.0560282660817802,6230.05893698537,"moving",29,-14.69295,145.44156,"run_day_11652_liz21_del_07_29.json","07",11652
145.441707,-14.694033,4508,3.55,2021-11-26 07:48:00,0.0597507955406938,6643.98532710148,"moving",29,-14.69295,145.44156,"run_day_11652_liz21_del_07_29.json","07",11652
145.441869,-14.694537,4508,3.55,2021-11-26 08:00:00,0.0586885255870087,6525.86629752475,"moving",29,-14.69295,145.44156,"run_day_11652_liz21_del_07_29.json","07",11652
145.441539,-14.693214,4509,3.55,2021-11-26 08:00:00,0.0534285108610668,5940.97934592433,"moving",29,-14.69295,145.44156,"run_day_11652_liz21_del_07_29.json","07",11652
145.44164,-14.693706,4509,3.55,2021-11-26 08:12:00,0.0557760554862443,6202.01439831577,"moving",29,-14.69295,145.44156,"run_day_11652_liz21_del_07_29.json","07",11652
145.441767,-14.694199,4509,3.55,2021-11-26 08:24:00,0.0564953660434942,6281.99808296383,"moving",29,-14.69295,145.44156,"run_day_11652_liz21_del_07_29.json","07",11652
145.441921,-14.694658,4509,3.55,2021-11-26 08:36:00,0.0536590108989045,5966.60978072327,"moving",29,-14.69295,145.44156,"run_day_11652_liz21_del_07_29.json","07",11652
145.441592,-14.693246,4510,3.55,2021-11-26 07:28:00,0.0523199541890258,5817.7134680954,"moving",29,-14.69295,145.44156,"run_day_11652_liz21_del_07_29.json","07",11652
145.441698,-14.69374,4510,3.55,2021-11-26 07:40:00,0.0561010203656856,6238.14884424731,"moving",29,-14.69295,145.44156,"run_day_11652_liz21_del_07_29.json","07",11652
145.441837,-14.694231,4510,3.55,2021-11-26 07:52:00,0.0566067211933056,6294.38021067861,"moving",29,-14.69295,145.44156,"run_day_11652_liz21_del_07_29.json","07",11652
145.441994,-14.694696,4510,3.55,2021-11-26 08:04:00,0.0543932966854164,6048.25863489059,"moving",29,-14.69295,145.44156,"run_day_11652_liz21_del_07_29.json","07",11652
145.441537,-14.693424,4511,3.55,2021-11-26 08:05:00,0.055739711668114,6197.9731501248,"moving",29,-14.69295,145.44156,"run_day_11652_liz21_del_07_29.json","07",11652
145.441652,-14.693928,4511,3.55,2021-11-26 08:17:00,0.0573910311182855,6381.59149525334,"moving",29,-14.69295,145.44156,"run_day_11652_liz21_del_07_29.json","07",11652
145.4418,-14.694423,4511,3.55,2021-11-26 08:29:00,0.0572971851682001,6371.1563017177,"moving",29,-14.69295,145.44156,"run_day_11652_liz21_del_07_29.json","07",11652
145.441641,-14.693437,4512,3.55,2021-11-26 07:32:00,0.0535317220168904,5952.45590282504,"moving",29,-14.69295,145.44156,"run_day_11652_liz21_del_07_29.json","07",11652
145.441759,-14.693937,4512,3.55,2021-11-26 07:44:00,0.0570277297077109,6341.19422155464,"moving",29,-14.69295,145.44156,"run_day_11652_liz21_del_07_29.json","07",11652
145.441902,-14.694411,4512,3.55,2021-11-26 07:56:00,0.0549047677148795,6105.13161849256,"moving",29,-14.69295,145.44156,"run_day_11652_liz21_del_07_29.json","07",11652
145.441738,-14.693496,4513,3.55,2021-11-26 07:48:00,0.0516671142710534,5745.12098130582,"moving",29,-14.69295,145.44156,"run_day_11652_liz21_del_07_29.json","07",11652
145.441836,-14.693937,4513,3.55,2021-11-26 08:00:00,0.050157058029797,5577.21038833016,"moving",29,-14.69295,145.44156,"run_day_11652_liz21_del_07_29.json","07",11652
145.441956,-14.694355,4513,3.55,2021-11-26 08:12:00,0.0482382843608679,5363.85249096607,"moving",29,-14.69295,145.44156,"run_day_11652_liz21_del_07_29.json","07",11652
145.441755,-14.693337,4514,3.55,2021-11-26 07:23:00,0.0489292934293674,5440.6891936486,"moving",29,-14.69295,145.44156,"run_day_11652_liz21_del_07_29.json","07",11652
145.44184,-14.693748,4514,3.55,2021-11-26 07:35:00,0.0466066156092555,5182.41920382231,"moving",29,-14.69295,145.44156,"run_day_11652_liz21_del_07_29.json","07",11652
145.441954,-14.694153,4514,3.55,2021-11-26 07:47:00,0.0466733761736179,5189.84263987934,"moving",29,-14.69295,145.44156,"run_day_11652_liz21_del_07_29.json","07",11652
145.442078,-14.694571,4514,3.55,2021-11-26 07:59:00,0.0483551737838514,5376.85000178025,"moving",29,-14.69295,145.44156,"run_day_11652_liz21_del_07_29.json","07",11652
145.441734,-14.693336,4515,3.55,2021-11-26 08:03:00,0.0496039565849452,5515.70831374285,"moving",29,-14.69295,145.44156,"run_day_11652_liz21_del_07_29.json","07",11652
145.44181,-14.693756,4515,3.55,2021-11-26 08:15:00,0.0474118770397244,5271.96018951299,"moving",29,-14.69295,145.44156,"run_day_11652_liz21_del_07_29.json","07",11652
145.441911,-14.694151,4515,3.55,2021-11-26 08:27:00,0.0452454949927936,5031.06949672044,"moving",29,-14.69295,145.44156,"run_day_11652_liz21_del_07_29.json","07",11652
145.442031,-14.694545,4515,3.55,2021-11-26 08:39:00,0.0456724869405292,5078.54883502671,"moving",29,-14.69295,145.44156,"run_day_11652_liz21_del_07_29.json","07",11652
145.441718,-14.693201,4516,3.55,2021-11-26 07:37:00,0.0487104744251153,5416.35763052235,"moving",29,-14.69295,145.44156,"run_day_11652_liz21_del_07_29.json","07",11652
145.441795,-14.693632,4516,3.55,2021-11-26 07:49:00,0.048635362823324,5408.00560147101,"moving",29,-14.69295,145.44156,"run_day_11652_liz21_del_07_29.json","07",11652
145.441897,-14.694042,4516,3.55,2021-11-26 08:01:00,0.0468913901576177,5214.08468883769,"moving",29,-14.69295,145.44156,"run_day_11652_liz21_del_07_29.json","07",11652
145.442015,-14.694447,4516,3.55,2021-11-26 08:13:00,0.0467882403407649,5202.61495251934,"moving",29,-14.69295,145.44156,"run_day_11652_liz21_del_07_29.json","07",11652
145.441704,-14.693171,4517,3.55,2021-11-26 07:27:00,0.0487494095617533,5420.68702018471,"moving",29,-14.69295,145.44156,"run_day_11652_liz21_del_07_29.json","07",11652
145.441785,-14.69361,4517,3.55,2021-11-26 07:39:00,0.0495859420284603,5513.70518645598,"moving",29,-14.69295,145.44156,"run_day_11652_liz21_del_07_29.json","07",11652
145.441893,-14.694029,4517,3.55,2021-11-26 07:51:00,0.0480169688264452,5339.24332635064,"moving",29,-14.69295,145.44156,"run_day_11652_liz21_del_07_29.json","07",11652
145.442014,-14.694446,4517,3.55,2021-11-26 08:03:00,0.0481601059590011,5355.1594493053,"moving",29,-14.69295,145.44156,"run_day_11652_liz21_del_07_29.json","07",11652
145.441663,-14.693494,4518,3.55,2021-11-26 08:02:00,0.0536272583772019,5963.07906140176,"moving",29,-14.69295,145.44156,"run_day_11652_liz21_del_07_29.json","07",11652
145.441768,-14.693977,4518,3.55,2021-11-26 08:14:00,0.0548817266767472,6102.56957194763,"moving",29,-14.69295,145.44156,"run_day_11652_liz21_del_07_29.json","07",11652
145.441901,-14.694423,4518,3.55,2021-11-26 08:26:00,0.0516149110484591,5739.31624779883,"moving",29,-14.69295,145.44156,"run_day_11652_liz21_del_07_29.json","07",11652
145.441653,-14.693525,4519,3.55,2021-11-26 07:36:00,0.0543589353035419,6044.43782355366,"moving",29,-14.69295,145.44156,"run_day_11652_liz21_del_07_29.json","07",11652
145.441779,-14.694025,4519,3.55,2021-11-26 07:48:00,0.0572253799744808,6363.17192846939,"moving",29,-14.69295,145.44156,"run_day_11652_liz21_del_07_29.json","07",11652
145.441925,-14.694498,4519,3.55,2021-11-26 08:00:00,0.054889474633043,6103.43110537958,"moving",29,-14.69295,145.44156,"run_day_11652_liz21_del_07_29.json","07",11652
145.441587,-14.693498,4520,3.55,2021-11-26 07:35:00,0.0554143459865632,6161.79413703209,"moving",29,-14.69295,145.44156,"run_day_11652_liz21_del_07_29.json","07",11652
145.44172,-14.694016,4520,3.55,2021-11-26 07:47:00,0.0593488164973208,6599.28729686096,"moving",29,-14.69295,145.44156,"run_day_11652_liz21_del_07_29.json","07",11652
145.441878,-14.694514,4520,3.55,2021-11-26 07:59:00,0.0579240956625547,6440.86556815017,"moving",29,-14.69295,145.44156,"run_day_11652_liz21_del_07_29.json","07",11652
145.441513,-14.693373,4521,3.55,2021-11-26 08:05:00,0.0558115825714825,6205.96482995274,"moving",29,-14.69295,145.44156,"run_day_11652_liz21_del_07_29.json","07",11652
145.441627,-14.693877,4521,3.55,2021-11-26 08:17:00,0.0573679463351539,6379.02458448642,"moving",29,-14.69295,145.44156,"run_day_11652_liz21_del_07_29.json","07",11652
145.441773,-14.694378,4521,3.55,2021-11-26 08:29:00,0.0578796530481309,6435.92377489942,"moving",29,-14.69295,145.44156,"run_day_11652_liz21_del_07_29.json","07",11652
145.441608,-14.693537,4522,3.55,2021-11-26 07:56:00,0.0555347918525219,6175.18710626202,"moving",29,-14.69295,145.44156,"run_day_11652_liz21_del_07_29.json","07",11652
145.441729,-14.694045,4522,3.55,2021-11-26 08:08:00,0.0579669081164175,6445.62609581692,"moving",29,-14.69295,145.44156,"run_day_11652_liz21_del_07_29.json","07",11652
145.441879,-14.69452,4522,3.55,2021-11-26 08:20:00,0.0552267553132317,6140.9350058718,"moving",29,-14.69295,145.44156,"run_day_11652_liz21_del_07_29.json","07",11652
145.441608,-14.693551,4523,3.55,2021-11-26 07:33:00,0.0556076363560219,6183.28704548515,"moving",29,-14.69295,145.44156,"run_day_11652_liz21_del_07_29.json","07",11652
145.441745,-14.694067,4523,3.55,2021-11-26 07:45:00,0.0592385585580105,6587.02717338737,"moving",29,-14.69295,145.44156,"run_day_11652_liz21_del_07_29.json","07",11652
145.441903,-14.69456,4523,3.55,2021-11-26 07:57:00,0.0573928180660083,6381.7901947743,"moving",29,-14.69295,145.44156,"run_day_11652_liz21_del_07_29.json","07",11652
145.441607,-14.69337,4524,3.55,2021-11-26 07:54:00,0.0536184041822172,5962.09451983995,"moving",29,-14.69295,145.44156,"run_day_11652_liz21_del_07_29.json","07",11652
145.441712,-14.69387,4524,3.55,2021-11-26 08:06:00,0.0567329187586307,6308.41273969765,"moving",29,-14.69295,145.44156,"run_day_11652_liz21_del_07_29.json","07",11652
145.441847,-14.694343,4524,3.55,2021-11-26 08:18:00,0.05456276880188,6067.10307444906,"moving",29,-14.69295,145.44156,"run_day_11652_liz21_del_07_29.json","07",11652
145.441654,-14.693603,4525,3.55,2021-11-26 08:07:00,0.0547797679119241,6091.23227457235,"moving",29,-14.69295,145.44156,"run_day_11652_liz21_del_07_29.json","07",11652
145.44177,-14.694091,4525,3.55,2021-11-26 08:19:00,0.0556790467562991,6191.22751970563,"moving",29,-14.69295,145.44156,"run_day_11652_liz21_del_07_29.json","07",11652
145.441913,-14.694543,4525,3.55,2021-11-26 08:31:00,0.0525608927811861,5844.50461717651,"moving",29,-14.69295,145.44156,"run_day_11652_liz21_del_07_29.json","07",11652
145.441557,-14.693632,4526,3.55,2021-11-26 07:47:00,0.057882851752075,6436.27945454984,"moving",29,-14.69295,145.44156,"run_day_11652_liz21_del_07_29.json","07",11652
145.441701,-14.694161,4526,3.55,2021-11-26 07:59:00,0.0608270631766681,6763.66082793355,"moving",29,-14.69295,145.44156,"run_day_11652_liz21_del_07_29.json","07",11652
145.441873,-14.694663,4526,3.55,2021-11-26 08:11:00,0.0588056565017439,6538.89066099653,"moving",29,-14.69295,145.44156,"run_day_11652_liz21_del_07_29.json","07",11652
145.441646,-14.693199,4527,3.55,2021-11-26 07:40:00,0.0504614884940831,5611.06151147482,"moving",29,-14.69295,145.44156,"run_day_11652_liz21_del_07_29.json","07",11652
145.441736,-14.693679,4527,3.55,2021-11-26 07:52:00,0.054244307940579,6031.69184233753,"moving",29,-14.69295,145.44156,"run_day_11652_liz21_del_07_29.json","07",11652
145.441853,-14.694135,4527,3.55,2021-11-26 08:04:00,0.0522431867327312,5809.17731642404,"moving",29,-14.69295,145.44156,"run_day_11652_liz21_del_07_29.json","07",11652
145.44199,-14.694569,4527,3.55,2021-11-26 08:16:00,0.0504581594832535,5610.69134235982,"moving",29,-14.69295,145.44156,"run_day_11652_liz21_del_07_29.json","07",11652
145.441535,-14.693425,4528,3.55,2021-11-26 08:04:00,0.0558246718444021,6207.42029069486,"moving",29,-14.69295,145.44156,"run_day_11652_liz21_del_07_29.json","07",11652
145.441651,-14.69393,4528,3.55,2021-11-26 08:16:00,0.0575228514182785,6396.24924384133,"moving",29,-14.69295,145.44156,"run_day_11652_liz21_del_07_29.json","07",11652
145.4418,-14.694426,4528,3.55,2021-11-26 08:28:00,0.0574339305171808,6386.3616907666,"moving",29,-14.69295,145.44156,"run_day_11652_liz21_del_07_29.json","07",11652
145.441542,-14.693332,4529,3.55,2021-11-26 07:27:00,0.054670596504701,6079.0929679545,"moving",29,-14.69295,145.44156,"run_day_11652_liz21_del_07_29.json","07",11652
145.441666,-14.693841,4529,3.55,2021-11-26 07:39:00,0.058148433662871,6465.81081563893,"moving",29,-14.69295,145.44156,"run_day_11652_liz21_del_07_29.json","07",11652
145.44182,-14.694354,4529,3.55,2021-11-26 07:51:00,0.0593992278994203,6604.89278901947,"moving",29,-14.69295,145.44156,"run_day_11652_liz21_del_07_29.json","07",11652
145.441729,-14.693651,4530,3.55,2021-11-26 07:50:00,0.0541157719288225,6017.39928993909,"moving",29,-14.69295,145.44156,"run_day_11652_liz21_del_07_29.json","07",11652
145.441847,-14.69411,4530,3.55,2021-11-26 08:02:00,0.0525928635664947,5848.05960630367,"moving",29,-14.69295,145.44156,"run_day_11652_liz21_del_07_29.json","07",11652
145.441982,-14.694547,4530,3.55,2021-11-26 08:14:00,0.0507152882196739,5639.28275334429,"moving",29,-14.69295,145.44156,"run_day_11652_liz21_del_07_29.json","07",11652
145.441606,-14.693204,4531,3.55,2021-11-26 07:38:00,0.0513981238111814,5715.21060685227,"moving",29,-14.69295,145.44156,"run_day_11652_liz21_del_07_29.json","07",11652
145.441703,-14.693694,4531,3.55,2021-11-26 07:50:00,0.0554754211922946,6168.5853900532,"moving",29,-14.69295,145.44156,"run_day_11652_liz21_del_07_29.json","07",11652
145.44183,-14.694174,4531,3.55,2021-11-26 08:02:00,0.0550938312086013,6126.15451980812,"moving",29,-14.69295,145.44156,"run_day_11652_liz21_del_07_29.json","07",11652
145.441976,-14.694624,4531,3.55,2021-11-26 08:14:00,0.0524439905211118,5831.50567894296,"moving",29,-14.69295,145.44156,"run_day_11652_liz21_del_07_29.json","07",11652
145.441699,-14.693511,4532,3.55,2021-11-26 07:48:00,0.0532212404075663,5917.93192305176,"moving",29,-14.69295,145.44156,"run_day_11652_liz21_del_07_29.json","07",11652
145.441807,-14.693984,4532,3.55,2021-11-26 08:00:00,0.0538627287721927,5989.26217469973,"moving",29,-14.69295,145.44156,"run_day_11652_liz21_del_07_29.json","07",11652
145.441938,-14.694424,4532,3.55,2021-11-26 08:12:00,0.0509142617963849,5661.40760561087,"moving",29,-14.69295,145.44156,"run_day_11652_liz21_del_07_29.json","07",11652
145.441566,-14.693634,4533,3.55,2021-11-26 07:23:00,0.0580325579189439,6452.92602079307,"moving",29,-14.69295,145.44156,"run_day_11652_liz21_del_07_29.json","07",11652
145.441723,-14.694162,4533,3.55,2021-11-26 07:35:00,0.06109117102158,6793.02828037479,"moving",29,-14.69295,145.44156,"run_day_11652_liz21_del_07_29.json","07",11652
145.441897,-14.694674,4533,3.55,2021-11-26 07:47:00,0.0599289988024828,6663.80062572392,"moving",29,-14.69295,145.44156,"run_day_11652_liz21_del_07_29.json","07",11652
145.441517,-14.693585,4534,3.55,2021-11-26 07:32:00,0.058136128690182,6464.44256510342,"moving",29,-14.69295,145.44156,"run_day_11652_liz21_del_07_29.json","07",11652
145.44167,-14.694118,4534,3.55,2021-11-26 07:44:00,0.0615091755453155,6839.50826272864,"moving",29,-14.69295,145.44156,"run_day_11652_liz21_del_07_29.json","07",11652
145.441849,-14.694642,4534,3.55,2021-11-26 07:56:00,0.0613646229689041,6823.43474959829,"moving",29,-14.69295,145.44156,"run_day_11652_liz21_del_07_29.json","07",11652
145.441615,-14.693205,4535,3.55,2021-11-26 07:18:00,0.0519868902410668,5780.67844683415,"moving",29,-14.69295,145.44156,"run_day_11652_liz21_del_07_29.json","07",11652
145.441717,-14.693691,4535,3.55,2021-11-26 07:30:00,0.05514311443661,6131.63456473136,"moving",29,-14.69295,145.44156,"run_day_11652_liz21_del_07_29.json","07",11652
145.441853,-14.694168,4535,3.55,2021-11-26 07:42:00,0.0550201381711821,6117.96022791808,"moving",29,-14.69295,145.44156,"run_day_11652_liz21_del_07_29.json","07",11652
145.442001,-14.694631,4535,3.55,2021-11-26 07:54:00,0.0538880930147834,5992.082549794,"moving",29,-14.69295,145.44156,"run_day_11652_liz21_del_07_29.json","07",11652
145.441584,-14.693394,4536,3.55,2021-11-26 07:59:00,0.0544689614318779,6056.67217082297,"moving",29,-14.69295,145.44156,"run_day_11652_liz21_del_07_29.json","07",11652
145.441692,-14.693894,4536,3.55,2021-11-26 08:11:00,0.0567980326379368,6315.65307273064,"moving",29,-14.69295,145.44156,"run_day_11652_liz21_del_07_29.json","07",11652
145.441832,-14.694376,4536,3.55,2021-11-26 08:23:00,0.0556711234294164,6190.34648595413,"moving",29,-14.69295,145.44156,"run_day_11652_liz21_del_07_29.json","07",11652
145.44177,-14.693397,4537,3.55,2021-11-26 07:32:00,0.0478685518551159,5322.74011211087,"moving",29,-14.69295,145.44156,"run_day_11652_liz21_del_07_29.json","07",11652
145.441857,-14.693801,4537,3.55,2021-11-26 07:44:00,0.0458870117660578,5102.4029072648,"moving",29,-14.69295,145.44156,"run_day_11652_liz21_del_07_29.json","07",11652
145.441968,-14.694199,4537,3.55,2021-11-26 07:56:00,0.0458377056452669,5096.92031678033,"moving",29,-14.69295,145.44156,"run_day_11652_liz21_del_07_29.json","07",11652
145.442092,-14.694607,4537,3.55,2021-11-26 08:08:00,0.0472873508474831,5258.1135087014,"moving",29,-14.69295,145.44156,"run_day_11652_liz21_del_07_29.json","07",11652
145.441731,-14.693442,4538,3.55,2021-11-26 07:25:00,0.0515417186884059,5731.17762869178,"moving",29,-14.69295,145.44156,"run_day_11652_liz21_del_07_29.json","07",11652
145.441836,-14.693885,4538,3.55,2021-11-26 07:37:00,0.0505374109079919,5619.50369872008,"moving",29,-14.69295,145.44156,"run_day_11652_liz21_del_07_29.json","07",11652
145.441961,-14.694318,4538,3.55,2021-11-26 07:49:00,0.0499893420252841,5558.56121951122,"moving",29,-14.69295,145.44156,"run_day_11652_liz21_del_07_29.json","07",11652
145.441744,-14.693392,4539,3.55,2021-11-26 07:50:00,0.0499507314524236,5554.26791969429,"moving",29,-14.69295,145.44156,"run_day_11652_liz21_del_07_29.json","07",11652
145.441828,-14.693817,4539,3.55,2021-11-26 08:02:00,0.0481137542286306,5350.00537204691,"moving",29,-14.69295,145.44156,"run_day_11652_liz21_del_07_29.json","07",11652
145.441936,-14.694218,4539,3.55,2021-11-26 08:14:00,0.0460774544643854,5123.57916913533,"moving",29,-14.69295,145.44156,"run_day_11652_liz21_del_07_29.json","07",11652
145.442062,-14.694619,4539,3.55,2021-11-26 08:26:00,0.0466032058017052,5182.04005052188,"moving",29,-14.69295,145.44156,"run_day_11652_liz21_del_07_29.json","07",11652
145.441612,-14.693328,4540,3.55,2021-11-26 07:50:00,0.0530521855073395,5899.13387582213,"moving",29,-14.69295,145.44156,"run_day_11652_liz21_del_07_29.json","07",11652
145.441714,-14.693826,4540,3.55,2021-11-26 08:02:00,0.0564514014029524,6277.10943798383,"moving",29,-14.69295,145.44156,"run_day_11652_liz21_del_07_29.json","07",11652
145.441846,-14.694298,4540,3.55,2021-11-26 08:14:00,0.0543704420657939,6045.71731713818,"moving",29,-14.69295,145.44156,"run_day_11652_liz21_del_07_29.json","07",11652
145.441586,-14.69366,4541,3.55,2021-11-26 07:14:00,0.0587889911070282,6537.03755365361,"moving",29,-14.69295,145.44156,"run_day_11652_liz21_del_07_29.json","07",11652
145.441746,-14.694187,4541,3.55,2021-11-26 07:26:00,0.0610744518614526,6791.16919459086,"moving",29,-14.69295,145.44156,"run_day_11652_liz21_del_07_29.json","07",11652
145.441919,-14.694692,4541,3.55,2021-11-26 07:38:00,0.059156140392466,6577.86269151547,"moving",29,-14.69295,145.44156,"run_day_11652_liz21_del_07_29.json","07",11652
145.441525,-14.69357,4542,3.55,2021-11-26 07:22:00,0.0581361289280179,6464.44259154956,"moving",29,-14.69295,145.44156,"run_day_11652_liz21_del_07_29.json","07",11652
145.44168,-14.6941,4542,3.55,2021-11-26 07:34:00,0.0612460227343599,6810.24700521812,"moving",29,-14.69295,145.44156,"run_day_11652_liz21_del_07_29.json","07",11652
145.441856,-14.694622,4542,3.55,2021-11-26 07:46:00,0.0610526836117642,6788.74867566357,"moving",29,-14.69295,145.44156,"run_day_11652_liz21_del_07_29.json","07",11652
145.441514,-14.693439,4543,3.55,2021-11-26 07:40:00,0.0565262762797786,6285.43514442004,"moving",29,-14.69295,145.44156,"run_day_11652_liz21_del_07_29.json","07",11652
145.441647,-14.693962,4543,3.55,2021-11-26 07:52:00,0.0598885495554725,6659.30287466978,"moving",29,-14.69295,145.44156,"run_day_11652_liz21_del_07_29.json","07",11652
145.441812,-14.694481,4543,3.55,2021-11-26 08:04:00,0.0603773344606843,6713.65327634978,"moving",29,-14.69295,145.44156,"run_day_11652_liz21_del_07_29.json","07",11652
145.441717,-14.693431,4544,3.55,2021-11-26 08:06:00,0.0513201939376959,5706.54520028663,"moving",29,-14.69295,145.44156,"run_day_11652_liz21_del_07_29.json","07",11652
145.441804,-14.693872,4544,3.55,2021-11-26 08:18:00,0.0499218190006251,5551.05300173744,"moving",29,-14.69295,145.44156,"run_day_11652_liz21_del_07_29.json","07",11652
145.441917,-14.694284,4544,3.55,2021-11-26 08:30:00,0.0473971439806081,5270.32194808531,"moving",29,-14.69295,145.44156,"run_day_11652_liz21_del_07_29.json","07",11652
145.442051,-14.69469,4544,3.55,2021-11-26 08:42:00,0.04738999482851,5269.52699864219,"moving",29,-14.69295,145.44156,"run_day_11652_liz21_del_07_29.json","07",11652
145.441605,-14.693314,4545,3.55,2021-11-26 07:17:00,0.0537775096822052,5979.78624423986,"moving",29,-14.69295,145.44156,"run_day_11652_liz21_del_07_29.json","07",11652
145.44172,-14.693812,4545,3.55,2021-11-26 07:29:00,0.0567397247882927,6309.16953566665,"moving",29,-14.69295,145.44156,"run_day_11652_liz21_del_07_29.json","07",11652
145.441865,-14.694299,4545,3.55,2021-11-26 07:41:00,0.0563530365579865,6266.17176626345,"moving",29,-14.69295,145.44156,"run_day_11652_liz21_del_07_29.json","07",11652
145.441521,-14.693326,4546,3.55,2021-11-26 07:20:00,0.055580201370267,6180.23641425664,"moving",29,-14.69295,145.44156,"run_day_11652_liz21_del_07_29.json","07",11652
145.441649,-14.693837,4546,3.55,2021-11-26 07:32:00,0.058464732166238,6500.98160451861,"moving",29,-14.69295,145.44156,"run_day_11652_liz21_del_07_29.json","07",11652
145.441809,-14.694356,4546,3.55,2021-11-26 07:44:00,0.0602214549873078,6696.32026974228,"moving",29,-14.69295,145.44156,"run_day_11652_liz21_del_07_29.json","07",11652
145.441681,-14.693508,4547,3.55,2021-11-26 07:35:00,0.0534900862174498,5947.82621316045,"moving",29,-14.69295,145.44156,"run_day_11652_liz21_del_07_29.json","07",11652
145.4418,-14.693994,4547,3.55,2021-11-26 07:47:00,0.0555358146371247,6175.30083472089,"moving",29,-14.69295,145.44156,"run_day_11652_liz21_del_07_29.json","07",11652
145.441939,-14.694454,4547,3.55,2021-11-26 07:59:00,0.0532898500908979,5925.56097175693,"moving",29,-14.69295,145.44156,"run_day_11652_liz21_del_07_29.json","07",11652
145.44168,-14.693508,4548,3.55,2021-11-26 07:29:00,0.0536410506201411,5964.61268884366,"moving",29,-14.69295,145.44156,"run_day_11652_liz21_del_07_29.json","07",11652
145.441802,-14.693994,4548,3.55,2021-11-26 07:41:00,0.0556110685729571,6183.66869059549,"moving",29,-14.69295,145.44156,"run_day_11652_liz21_del_07_29.json","07",11652
145.441942,-14.694457,4548,3.55,2021-11-26 07:53:00,0.0536402141986053,5964.51968301233,"moving",29,-14.69295,145.44156,"run_day_11652_liz21_del_07_29.json","07",11652
145.441633,-14.693562,4549,3.55,2021-11-26 07:34:00,0.0551438745968848,6131.71909069735,"moving",29,-14.69295,145.44156,"run_day_11652_liz21_del_07_29.json","07",11652
145.441768,-14.694072,4549,3.55,2021-11-26 07:46:00,0.0585388646910617,6509.22476517835,"moving",29,-14.69295,145.44156,"run_day_11652_liz21_del_07_29.json","07",11652
145.441922,-14.694555,4549,3.55,2021-11-26 07:58:00,0.0562033993511226,6249.53286802292,"moving",29,-14.69295,145.44156,"run_day_11652_liz21_del_07_29.json","07",11652
145.441565,-14.693195,4550,3.55,2021-11-26 07:56:00,0.0525530437125599,5843.63184056638,"moving",29,-14.69295,145.44156,"run_day_11652_liz21_del_07_29.json","07",11652
145.441663,-14.693685,4550,3.55,2021-11-26 08:08:00,0.0554957501740502,6170.84586968827,"moving",29,-14.69295,145.44156,"run_day_11652_liz21_del_07_29.json","07",11652
145.441785,-14.694172,4550,3.55,2021-11-26 08:20:00,0.055719127266548,6195.68426910264,"moving",29,-14.69295,145.44156,"run_day_11652_liz21_del_07_29.json","07",11652
145.441934,-14.694624,4550,3.55,2021-11-26 08:32:00,0.0527533476407145,5865.90462116415,"moving",29,-14.69295,145.44156,"run_day_11652_liz21_del_07_29.json","07",11652
145.441597,-14.693236,4551,3.55,2021-11-26 07:26:00,0.0521878853120256,5803.02807900533,"moving",29,-14.69295,145.44156,"run_day_11652_liz21_del_07_29.json","07",11652
145.441702,-14.693728,4551,3.55,2021-11-26 07:38:00,0.0558614451498464,6211.50929569621,"moving",29,-14.69295,145.44156,"run_day_11652_liz21_del_07_29.json","07",11652
145.44184,-14.694216,4551,3.55,2021-11-26 07:50:00,0.0562565763099792,6255.44587606216,"moving",29,-14.69295,145.44156,"run_day_11652_liz21_del_07_29.json","07",11652
145.441994,-14.694681,4551,3.55,2021-11-26 08:02:00,0.0542939881056331,6037.21602464641,"moving",29,-14.69295,145.44156,"run_day_11652_liz21_del_07_29.json","07",11652
145.441655,-14.693407,4552,3.55,2021-11-26 07:48:00,0.0530329138946391,5896.9909702616,"moving",29,-14.69295,145.44156,"run_day_11652_liz21_del_07_29.json","07",11652
145.441759,-14.693898,4552,3.55,2021-11-26 08:00:00,0.0557308608938025,6196.98898892448,"moving",29,-14.69295,145.44156,"run_day_11652_liz21_del_07_29.json","07",11652
145.44189,-14.694353,4552,3.55,2021-11-26 08:12:00,0.052519073504165,5839.85452573581,"moving",29,-14.69295,145.44156,"run_day_11652_liz21_del_07_29.json","07",11652
145.441555,-14.693398,4553,3.55,2021-11-26 08:00:00,0.0552352708932394,6141.88189516609,"moving",29,-14.69295,145.44156,"run_day_11652_liz21_del_07_29.json","07",11652
145.441667,-14.693902,4553,3.55,2021-11-26 08:12:00,0.0573223528042659,6373.95481516386,"moving",29,-14.69295,145.44156,"run_day_11652_liz21_del_07_29.json","07",11652
145.441811,-14.694393,4553,3.55,2021-11-26 08:24:00,0.056751126346501,6310.43733109527,"moving",29,-14.69295,145.44156,"run_day_11652_liz21_del_07_29.json","07",11652
145.441688,-14.693516,4554,3.55,2021-11-26 08:06:00,0.053073907430222,5901.54924344363,"moving",29,-14.69295,145.44156,"run_day_11652_liz21_del_07_29.json","07",11652
145.441789,-14.693983,4554,3.55,2021-11-26 08:18:00,0.053052178839004,5899.13313433706,"moving",29,-14.69295,145.44156,"run_day_11652_liz21_del_07_29.json","07",11652
145.441917,-14.694417,4554,3.55,2021-11-26 08:30:00,0.0501840083334551,5580.20712536847,"moving",29,-14.69295,145.44156,"run_day_11652_liz21_del_07_29.json","07",11652
145.441724,-14.693528,4555,3.55,2021-11-26 07:46:00,0.0527267037322652,5862.94195371861,"moving",29,-14.69295,145.44156,"run_day_11652_liz21_del_07_29.json","07",11652
145.44183,-14.693984,4555,3.55,2021-11-26 07:58:00,0.0519708814667607,5778.89835234951,"moving",29,-14.69295,145.44156,"run_day_11652_liz21_del_07_29.json","07",11652
145.441957,-14.694416,4555,3.55,2021-11-26 08:10:00,0.0499406615229456,5553.14819462467,"moving",29,-14.69295,145.44156,"run_day_11652_liz21_del_07_29.json","07",11652
145.441708,-14.693504,4556,3.55,2021-11-26 07:46:00,0.0529833085129303,5891.47510348131,"moving",29,-14.69295,145.44156,"run_day_11652_liz21_del_07_29.json","07",11652
145.441815,-14.69397,4556,3.55,2021-11-26 07:58:00,0.0530795219559847,5902.17355022396,"moving",29,-14.69295,145.44156,"run_day_11652_liz21_del_07_29.json","07",11652
145.441944,-14.694407,4556,3.55,2021-11-26 08:10:00,0.0505343034772913,5619.15816819128,"moving",29,-14.69295,145.44156,"run_day_11652_liz21_del_07_29.json","07",11652
145.44174,-14.693275,4557,3.55,2021-11-26 07:35:00,0.0485629751557344,5399.95646008342,"moving",29,-14.69295,145.44156,"run_day_11652_liz21_del_07_29.json","07",11652
145.441819,-14.693693,4557,3.55,2021-11-26 07:47:00,0.0472497940714257,5253.93738574269,"moving",29,-14.69295,145.44156,"run_day_11652_liz21_del_07_29.json","07",11652
145.441925,-14.694095,4557,3.55,2021-11-26 07:59:00,0.0461314325158155,5129.58125460451,"moving",29,-14.69295,145.44156,"run_day_11652_liz21_del_07_29.json","07",11652
145.442044,-14.694499,4557,3.55,2021-11-26 08:11:00,0.0467105814555113,5193.97967847027,"moving",29,-14.69295,145.44156,"run_day_11652_liz21_del_07_29.json","07",11652
145.441689,-14.693674,4558,3.55,2021-11-26 07:41:00,0.0554700703255595,6167.9904008191,"moving",29,-14.69295,145.44156,"run_day_11652_liz21_del_07_29.json","07",11652
145.441822,-14.694165,4558,3.55,2021-11-26 07:53:00,0.0564397091708687,6275.80932109497,"moving",29,-14.69295,145.44156,"run_day_11652_liz21_del_07_29.json","07",11652
145.441973,-14.694629,4558,3.55,2021-11-26 08:05:00,0.0540903451764965,6014.57196407939,"moving",29,-14.69295,145.44156,"run_day_11652_liz21_del_07_29.json","07",11652
145.441455,-14.69342,4559,3.55,2021-11-26 07:48:00,0.0578392129169877,6431.42703748346,"moving",29,-14.69295,145.44156,"run_day_11652_liz21_del_07_29.json","07",11652
145.44159,-14.693949,4559,3.55,2021-11-26 08:00:00,0.0605878107586946,6737.05717286745,"moving",29,-14.69295,145.44156,"run_day_11652_liz21_del_07_29.json","07",11652
145.441758,-14.694475,4559,3.55,2021-11-26 08:12:00,0.061216212426532,6806.93225022596,"moving",29,-14.69295,145.44156,"run_day_11652_liz21_del_07_29.json","07",11652
145.441642,-14.693387,4560,3.55,2021-11-26 07:30:00,0.0528567471941497,5877.40212692346,"moving",29,-14.69295,145.44156,"run_day_11652_liz21_del_07_29.json","07",11652
145.441755,-14.693883,4560,3.55,2021-11-26 07:42:00,0.0564760182679755,6279.84670848429,"moving",29,-14.69295,145.44156,"run_day_11652_liz21_del_07_29.json","07",11652
145.441895,-14.694355,4560,3.55,2021-11-26 07:54:00,0.0546014512928696,6071.40437119709,"moving",29,-14.69295,145.44156,"run_day_11652_liz21_del_07_29.json","07",11652
145.441675,-14.693237,4561,3.55,2021-11-26 07:50:00,0.0503587891398822,5599.641864318,"moving",29,-14.69295,145.44156,"run_day_11652_liz21_del_07_29.json","07",11652
145.44176,-14.693706,4561,3.55,2021-11-26 08:02:00,0.0529457377187167,5887.29742177475,"moving",29,-14.69295,145.44156,"run_day_11652_liz21_del_07_29.json","07",11652
145.441869,-14.694139,4561,3.55,2021-11-26 08:14:00,0.0495542238691135,5510.17828805411,"moving",29,-14.69295,145.44156,"run_day_11652_liz21_del_07_29.json","07",11652
145.442,-14.694558,4561,3.55,2021-11-26 08:26:00,0.048674654316248,5412.37461614445,"moving",29,-14.69295,145.44156,"run_day_11652_liz21_del_07_29.json","07",11652
145.441752,-14.693233,4562,3.55,2021-11-26 08:00:00,0.0473573132417775,5265.89297200284,"moving",29,-14.69295,145.44156,"run_day_11652_liz21_del_07_29.json","07",11652
145.441818,-14.693628,4562,3.55,2021-11-26 08:12:00,0.0444919719007405,4947.28155177461,"moving",29,-14.69295,145.44156,"run_day_11652_liz21_del_07_29.json","07",11652
145.441904,-14.694002,4562,3.55,2021-11-26 08:24:00,0.0426032069158116,4737.26046782663,"moving",29,-14.69295,145.44156,"run_day_11652_liz21_del_07_29.json","07",11652
145.442011,-14.694375,4562,3.55,2021-11-26 08:36:00,0.0430428269732921,4786.14398786965,"moving",29,-14.69295,145.44156,"run_day_11652_liz21_del_07_29.json","07",11652
145.441599,-14.693519,4563,3.55,2021-11-26 08:00:00,0.055534792041721,6175.18712729999,"moving",29,-14.69295,145.44156,"run_day_11652_liz21_del_07_29.json","07",11652
145.441717,-14.694025,4563,3.55,2021-11-26 08:12:00,0.0576783565632846,6413.54062703313,"moving",29,-14.69295,145.44156,"run_day_11652_liz21_del_07_29.json","07",11652
145.441866,-14.694501,4563,3.55,2021-11-26 08:24:00,0.05530184404838,6149.28449226844,"moving",29,-14.69295,145.44156,"run_day_11652_liz21_del_07_29.json","07",11652
145.44167,-14.693339,4564,3.55,2021-11-26 07:19:00,0.052529768627417,5841.04376918128,"moving",29,-14.69295,145.44156,"run_day_11652_liz21_del_07_29.json","07",11652
145.441776,-14.693817,4564,3.55,2021-11-26 07:31:00,0.0543602300332116,6044.5817909243,"moving",29,-14.69295,145.44156,"run_day_11652_liz21_del_07_29.json","07",11652
145.44191,-14.694275,4564,3.55,2021-11-26 07:43:00,0.0529274621060562,5885.26526636558,"moving",29,-14.69295,145.44156,"run_day_11652_liz21_del_07_29.json","07",11652
145.441458,-14.693406,4565,3.55,2021-11-26 08:02:00,0.0577085540821013,6416.8984379228,"moving",29,-14.69295,145.44156,"run_day_11652_liz21_del_07_29.json","07",11652
145.441584,-14.693923,4565,3.55,2021-11-26 08:14:00,0.0590636172628392,6567.5745889037,"moving",29,-14.69295,145.44156,"run_day_11652_liz21_del_07_29.json","07",11652
145.441743,-14.694438,4565,3.55,2021-11-26 08:26:00,0.0597644893561768,6645.50800990959,"moving",29,-14.69295,145.44156,"run_day_11652_liz21_del_07_29.json","07",11652
145.441645,-14.693417,4566,3.55,2021-11-26 07:21:00,0.0537493172626366,5976.651390214,"moving",29,-14.69295,145.44156,"run_day_11652_liz21_del_07_29.json","07",11652
145.441765,-14.693912,4566,3.55,2021-11-26 07:33:00,0.0565345583686622,6286.35607068592,"moving",29,-14.69295,145.44156,"run_day_11652_liz21_del_07_29.json","07",11652
145.441908,-14.694387,4566,3.55,2021-11-26 07:45:00,0.0550115197272895,6117.00190068165,"moving",29,-14.69295,145.44156,"run_day_11652_liz21_del_07_29.json","07",11652
145.441691,-14.69353,4567,3.55,2021-11-26 07:52:00,0.0535879813853378,5958.71165917262,"moving",29,-14.69295,145.44156,"run_day_11652_liz21_del_07_29.json","07",11652
145.441801,-14.694008,4567,3.55,2021-11-26 08:04:00,0.0544520873905664,6054.79586303713,"moving",29,-14.69295,145.44156,"run_day_11652_liz21_del_07_29.json","07",11652
145.441934,-14.69445,4567,3.55,2021-11-26 08:16:00,0.0511877031425648,5691.81289604094,"moving",29,-14.69295,145.44156,"run_day_11652_liz21_del_07_29.json","07",11652
145.441618,-14.693569,4568,3.55,2021-11-26 07:15:00,0.0568482535250295,6321.23738058693,"moving",29,-14.69295,145.44156,"run_day_11652_liz21_del_07_29.json","07",11652
145.441764,-14.694083,4568,3.55,2021-11-26 07:27:00,0.0592722701654577,6590.77573310454,"moving",29,-14.69295,145.44156,"run_day_11652_liz21_del_07_29.json","07",11652
145.441922,-14.694577,4568,3.55,2021-11-26 07:39:00,0.0574990356234872,6393.60104828653,"moving",29,-14.69295,145.44156,"run_day_11652_liz21_del_07_29.json","07",11652
145.441481,-14.693455,4569,3.55,2021-11-26 08:09:00,0.0572580109116677,6366.80032313624,"moving",29,-14.69295,145.44156,"run_day_11652_liz21_del_07_29.json","07",11652
145.441605,-14.693967,4569,3.55,2021-11-26 08:21:00,0.0584731735199734,6501.92024022799,"moving",29,-14.69295,145.44156,"run_day_11652_liz21_del_07_29.json","07",11652
145.441764,-14.694474,4569,3.55,2021-11-26 08:33:00,0.0589126766354172,6550.79075690982,"moving",29,-14.69295,145.44156,"run_day_11652_liz21_del_07_29.json","07",11652
145.441545,-14.693448,4570,3.55,2021-11-26 07:59:00,0.0560651727471434,6234.16277093312,"moving",29,-14.69295,145.44156,"run_day_11652_liz21_del_07_29.json","07",11652
145.441663,-14.693958,4570,3.55,2021-11-26 08:11:00,0.058112317802537,6461.79491519839,"moving",29,-14.69295,145.44156,"run_day_11652_liz21_del_07_29.json","07",11652
145.441815,-14.694453,4570,3.55,2021-11-26 08:23:00,0.057418201448153,6384.61269808987,"moving",29,-14.69295,145.44156,"run_day_11652_liz21_del_07_29.json","07",11652
145.441739,-14.693156,4571,3.55,2021-11-26 07:18:00,0.0482345725410962,5363.43975543884,"moving",29,-14.69295,145.44156,"run_day_11652_liz21_del_07_29.json","07",11652
145.441813,-14.693558,4571,3.55,2021-11-26 07:30:00,0.0454034491222452,5048.63319455801,"moving",29,-14.69295,145.44156,"run_day_11652_liz21_del_07_29.json","07",11652
145.441914,-14.693951,4571,3.55,2021-11-26 07:42:00,0.0450296444230724,5007.0680084541,"moving",29,-14.69295,145.44156,"run_day_11652_liz21_del_07_29.json","07",11652
145.442027,-14.694352,4571,3.55,2021-11-26 07:54:00,0.0462159617286838,5138.98047422872,"moving",29,-14.69295,145.44156,"run_day_11652_liz21_del_07_29.json","07",11652
145.441536,-14.6935,4572,3.55,2021-11-26 08:06:00,0.0566312132594687,6297.10360417898,"moving",29,-14.69295,145.44156,"run_day_11652_liz21_del_07_29.json","07",11652
145.441658,-14.694008,4572,3.55,2021-11-26 08:18:00,0.0579911520106166,6448.32189385396,"moving",29,-14.69295,145.44156,"run_day_11652_liz21_del_07_29.json","07",11652
145.441814,-14.694503,4572,3.55,2021-11-26 08:30:00,0.05754217955299,6398.39843436275,"moving",29,-14.69295,145.44156,"run_day_11652_liz21_del_07_29.json","07",11652
145.441693,-14.693672,4573,3.55,2021-11-26 07:24:00,0.0557744388057113,6201.8346316425,"moving",29,-14.69295,145.44156,"run_day_11652_liz21_del_07_29.json","07",11652
145.441834,-14.694162,4573,3.55,2021-11-26 07:36:00,0.0565567869609038,6288.82777736964,"moving",29,-14.69295,145.44156,"run_day_11652_liz21_del_07_29.json","07",11652
145.441986,-14.694635,4573,3.55,2021-11-26 07:48:00,0.0550775725974689,6124.34664473591,"moving",29,-14.69295,145.44156,"run_day_11652_liz21_del_07_29.json","07",11652
145.441567,-14.693511,4574,3.55,2021-11-26 07:48:00,0.0563057297168412,6260.9114855325,"moving",29,-14.69295,145.44156,"run_day_11652_liz21_del_07_29.json","07",11652
145.441696,-14.69403,4574,3.55,2021-11-26 08:00:00,0.0593546939021525,6599.94083446008,"moving",29,-14.69295,145.44156,"run_day_11652_liz21_del_07_29.json","07",11652
145.441855,-14.694527,4574,3.55,2021-11-26 08:12:00,0.0578495084120365,6432.57184430018,"moving",29,-14.69295,145.44156,"run_day_11652_liz21_del_07_29.json","07",11652
145.441679,-14.693469,4575,3.55,2021-11-26 07:52:00,0.053150580039468,5910.07484860439,"moving",29,-14.69295,145.44156,"run_day_11652_liz21_del_07_29.json","07",11652
145.441784,-14.693951,4575,3.55,2021-11-26 08:04:00,0.0547729165924856,6090.47044260997,"moving",29,-14.69295,145.44156,"run_day_11652_liz21_del_07_29.json","07",11652
145.441914,-14.694394,4575,3.55,2021-11-26 08:16:00,0.051205426751668,5693.78367145504,"moving",29,-14.69295,145.44156,"run_day_11652_liz21_del_07_29.json","07",11652
145.441765,-14.693248,4576,3.55,2021-11-26 07:57:00,0.0465541294640422,5176.58301075547,"moving",29,-14.69295,145.44156,"run_day_11652_liz21_del_07_29.json","07",11652
145.441831,-14.693634,4576,3.55,2021-11-26 08:09:00,0.043504330953736,4837.46088912128,"moving",29,-14.69295,145.44156,"run_day_11652_liz21_del_07_29.json","07",11652
145.441916,-14.694001,4576,3.55,2021-11-26 08:21:00,0.0418201062838816,4650.18365050387,"moving",29,-14.69295,145.44156,"run_day_11652_liz21_del_07_29.json","07",11652
145.44202,-14.694369,4576,3.55,2021-11-26 08:33:00,0.0424211287404991,4717.01429847918,"moving",29,-14.69295,145.44156,"run_day_11652_liz21_del_07_29.json","07",11652
145.441488,-14.693569,4577,3.55,2021-11-26 07:50:00,0.0587574376213181,6533.5289661247,"moving",29,-14.69295,145.44156,"run_day_11652_liz21_del_07_29.json","07",11652
145.441632,-14.694103,4577,3.55,2021-11-26 08:02:00,0.0613648764709229,6823.46293773668,"moving",29,-14.69295,145.44156,"run_day_11652_liz21_del_07_29.json","07",11652
145.441809,-14.694623,4577,3.55,2021-11-26 08:14:00,0.0608748446123799,6768.97388117249,"moving",29,-14.69295,145.44156,"run_day_11652_liz21_del_07_29.json","07",11652
145.441594,-14.693415,4578,3.55,2021-11-26 07:12:00,0.0557634713578619,6200.61510708341,"moving",29,-14.69295,145.44156,"run_day_11652_liz21_del_07_29.json","07",11652
145.441726,-14.693927,4578,3.55,2021-11-26 07:24:00,0.0586754207548234,6524.40910667121,"moving",29,-14.69295,145.44156,"run_day_11652_liz21_del_07_29.json","07",11652
145.441879,-14.694424,4578,3.55,2021-11-26 07:36:00,0.0576620255881843,6411.72470545482,"moving",29,-14.69295,145.44156,"run_day_11652_liz21_del_07_29.json","07",11652
145.441619,-14.693172,4579,3.55,2021-11-26 07:47:00,0.0508309891885057,5652.14811408625,"moving",29,-14.69295,145.44156,"run_day_11652_liz21_del_07_29.json","07",11652
145.44171,-14.693656,4579,3.55,2021-11-26 07:59:00,0.0547011490749914,6082.49025876674,"moving",29,-14.69295,145.44156,"run_day_11652_liz21_del_07_29.json","07",11652
145.441826,-14.694123,4579,3.55,2021-11-26 08:11:00,0.0534058977616952,5938.4648839985,"moving",29,-14.69295,145.44156,"run_day_11652_liz21_del_07_29.json","07",11652
145.441964,-14.69456,4579,3.55,2021-11-26 08:23:00,0.0508086137179937,5649.66007528403,"moving",29,-14.69295,145.44156,"run_day_11652_liz21_del_07_29.json","07",11652
145.441693,-14.693671,4580,3.55,2021-11-26 07:58:00,0.0553260814296589,6151.9795661018,"moving",29,-14.69295,145.44156,"run_day_11652_liz21_del_07_29.json","07",11652
145.441814,-14.69415,4580,3.55,2021-11-26 08:10:00,0.0548293585334445,6096.74650009458,"moving",29,-14.69295,145.44156,"run_day_11652_liz21_del_07_29.json","07",11652
145.441958,-14.694596,4580,3.55,2021-11-26 08:22:00,0.0519552561643529,5777.16089799448,"moving",29,-14.69295,145.44156,"run_day_11652_liz21_del_07_29.json","07",11652
145.441627,-14.69338,4581,3.55,2021-11-26 07:13:00,0.0544915768141224,6059.18688659268,"moving",29,-14.69295,145.44156,"run_day_11652_liz21_del_07_29.json","07",11652
145.441748,-14.69388,4581,3.55,2021-11-26 07:25:00,0.0571004104755785,6349.27595420614,"moving",29,-14.69295,145.44156,"run_day_11652_liz21_del_07_29.json","07",11652
145.441894,-14.694362,4581,3.55,2021-11-26 07:37:00,0.0558491360882991,6210.1405905004,"moving",29,-14.69295,145.44156,"run_day_11652_liz21_del_07_29.json","07",11652
145.441761,-14.693376,4582,3.55,2021-11-26 07:53:00,0.0483620860539558,5377.61861114746,"moving",29,-14.69295,145.44156,"run_day_11652_liz21_del_07_29.json","07",11652
145.441839,-14.693783,4582,3.55,2021-11-26 08:05:00,0.0460273890614909,5118.01215033304,"moving",29,-14.69295,145.44156,"run_day_11652_liz21_del_07_29.json","07",11652
145.44194,-14.694169,4582,3.55,2021-11-26 08:17:00,0.0442746659595628,4923.11823358592,"moving",29,-14.69295,145.44156,"run_day_11652_liz21_del_07_29.json","07",11652
145.442059,-14.69456,4582,3.55,2021-11-26 08:29:00,0.045322104509165,5039.58808627363,"moving",29,-14.69295,145.44156,"run_day_11652_liz21_del_07_29.json","07",11652
145.441596,-14.693651,4583,3.55,2021-11-26 07:27:00,0.0572332520056244,6364.04725839495,"moving",29,-14.69295,145.44156,"run_day_11652_liz21_del_07_29.json","07",11652
145.441749,-14.694175,4583,3.55,2021-11-26 07:39:00,0.0605454938580751,6732.35174820724,"moving",29,-14.69295,145.44156,"run_day_11652_liz21_del_07_29.json","07",11652
145.441919,-14.694676,4583,3.55,2021-11-26 07:51:00,0.058632676736546,6519.65618869436,"moving",29,-14.69295,145.44156,"run_day_11652_liz21_del_07_29.json","07",11652
145.441744,-14.693229,4584,3.55,2021-11-26 07:45:00,0.047941409294446,5330.84148973269,"moving",29,-14.69295,145.44156,"run_day_11652_liz21_del_07_29.json","07",11652
145.441816,-14.693638,4584,3.55,2021-11-26 07:57:00,0.0461333637057562,5129.79599312831,"moving",29,-14.69295,145.44156,"run_day_11652_liz21_del_07_29.json","07",11652
145.44191,-14.694027,4584,3.55,2021-11-26 08:09:00,0.0444207364762743,4939.3605339766,"moving",29,-14.69295,145.44156,"run_day_11652_liz21_del_07_29.json","07",11652
145.442021,-14.694413,4584,3.55,2021-11-26 08:21:00,0.0445507747094394,4953.82012577438,"moving",29,-14.69295,145.44156,"run_day_11652_liz21_del_07_29.json","07",11652
145.441716,-14.693155,4585,3.55,2021-11-26 07:46:00,0.0482157409385754,5361.34577677794,"moving",29,-14.69295,145.44156,"run_day_11652_liz21_del_07_29.json","07",11652
145.441789,-14.693583,4585,3.55,2021-11-26 07:58:00,0.0482347842622884,5363.46329776128,"moving",29,-14.69295,145.44156,"run_day_11652_liz21_del_07_29.json","07",11652
145.441882,-14.693986,4585,3.55,2021-11-26 08:10:00,0.0459144203685663,5105.45060481016,"moving",29,-14.69295,145.44156,"run_day_11652_liz21_del_07_29.json","07",11652
145.441994,-14.694378,4585,3.55,2021-11-26 08:22:00,0.0452224282349247,5028.50459027127,"moving",29,-14.69295,145.44156,"run_day_11652_liz21_del_07_29.json","07",11652
145.441545,-14.693212,4586,3.55,2021-11-26 07:55:00,0.0532114628861925,5916.84471227984,"moving",29,-14.69295,145.44156,"run_day_11652_liz21_del_07_29.json","07",11652
145.441647,-14.693707,4586,3.55,2021-11-26 08:07:00,0.056124215497451,6240.72802522247,"moving",29,-14.69295,145.44156,"run_day_11652_liz21_del_07_29.json","07",11652
145.441775,-14.694201,4586,3.55,2021-11-26 08:19:00,0.0566293209865776,6296.89319303367,"moving",29,-14.69295,145.44156,"run_day_11652_liz21_del_07_29.json","07",11652
145.441929,-14.69466,4586,3.55,2021-11-26 08:31:00,0.0536590108511559,5966.60977541386,"moving",29,-14.69295,145.44156,"run_day_11652_liz21_del_07_29.json","07",11652
145.441657,-14.693415,4587,3.55,2021-11-26 07:37:00,0.0528567484296752,5877.40226430764,"moving",29,-14.69295,145.44156,"run_day_11652_liz21_del_07_29.json","07",11652
145.441768,-14.693907,4587,3.55,2021-11-26 07:49:00,0.0559954821295178,6226.41352781843,"moving",29,-14.69295,145.44156,"run_day_11652_liz21_del_07_29.json","07",11652
145.441904,-14.69437,4587,3.55,2021-11-26 08:01:00,0.0535210318742928,5951.26721320308,"moving",29,-14.69295,145.44156,"run_day_11652_liz21_del_07_29.json","07",11652
145.441593,-14.69364,4588,3.55,2021-11-26 07:25:00,0.0573662001760929,6378.83042045772,"moving",29,-14.69295,145.44156,"run_day_11652_liz21_del_07_29.json","07",11652
145.441746,-14.694164,4588,3.55,2021-11-26 07:37:00,0.0605454940832621,6732.3517732469,"moving",29,-14.69295,145.44156,"run_day_11652_liz21_del_07_29.json","07",11652
145.441915,-14.694667,4588,3.55,2021-11-26 07:49:00,0.0588106839893111,6539.44969210777,"moving",29,-14.69295,145.44156,"run_day_11652_liz21_del_07_29.json","07",11652
145.441528,-14.693479,4589,3.55,2021-11-26 07:39:00,0.056634337199615,6297.45097047439,"moving",29,-14.69295,145.44156,"run_day_11652_liz21_del_07_29.json","07",11652
145.441664,-14.694004,4589,3.55,2021-11-26 07:51:00,0.0601821394491048,6691.94858135581,"moving",29,-14.69295,145.44156,"run_day_11652_liz21_del_07_29.json","07",11652
145.44183,-14.69452,4589,3.55,2021-11-26 08:03:00,0.0600904357278082,6681.7515927932,"moving",29,-14.69295,145.44156,"run_day_11652_liz21_del_07_29.json","07",11652
145.441548,-14.69329,4590,3.55,2021-11-26 07:25:00,0.0540797686021042,6013.39590266569,"moving",29,-14.69295,145.44156,"run_day_11652_liz21_del_07_29.json","07",11652
145.441667,-14.693795,4590,3.55,2021-11-26 07:37:00,0.0575937031732349,6404.12759953634,"moving",29,-14.69295,145.44156,"run_day_11652_liz21_del_07_29.json","07",11652
145.441819,-14.694305,4590,3.55,2021-11-26 07:49:00,0.0590189989508549,6562.61325897559,"moving",29,-14.69295,145.44156,"run_day_11652_liz21_del_07_29.json","07",11652
145.441635,-14.693148,4591,3.55,2021-11-26 07:43:00,0.0501344236225295,5574.6935570744,"moving",29,-14.69295,145.44156,"run_day_11652_liz21_del_07_29.json","07",11652
145.441722,-14.693626,4591,3.55,2021-11-26 07:55:00,0.0539686197294394,6001.0367119231,"moving",29,-14.69295,145.44156,"run_day_11652_liz21_del_07_29.json","07",11652
145.441835,-14.694085,4591,3.55,2021-11-26 08:07:00,0.0524656781802821,5833.9172366135,"moving",29,-14.69295,145.44156,"run_day_11652_liz21_del_07_29.json","07",11652
145.441968,-14.694519,4591,3.55,2021-11-26 08:19:00,0.050334200299579,5596.90771002422,"moving",29,-14.69295,145.44156,"run_day_11652_liz21_del_07_29.json","07",11652
145.441618,-14.693445,4592,3.55,2021-11-26 07:41:00,0.0542067174293803,6027.51196820227,"moving",29,-14.69295,145.44156,"run_day_11652_liz21_del_07_29.json","07",11652
145.441737,-14.693952,4592,3.55,2021-11-26 07:53:00,0.0578105507512211,6428.23995006357,"moving",29,-14.69295,145.44156,"run_day_11652_liz21_del_07_29.json","07",11652
145.441883,-14.694433,4592,3.55,2021-11-26 08:05:00,0.0557424345381694,6198.27591946086,"moving",29,-14.69295,145.44156,"run_day_11652_liz21_del_07_29.json","07",11652
145.441613,-14.693194,4593,3.55,2021-11-26 07:51:00,0.0513098152382278,5705.39114156061,"moving",29,-14.69295,145.44156,"run_day_11652_liz21_del_07_29.json","07",11652
145.441705,-14.69368,4593,3.55,2021-11-26 08:03:00,0.0549392350758786,6108.96421417049,"moving",29,-14.69295,145.44156,"run_day_11652_liz21_del_07_29.json","07",11652
145.441822,-14.694148,4593,3.55,2021-11-26 08:15:00,0.0535392009468066,5953.28752188845,"moving",29,-14.69295,145.44156,"run_day_11652_liz21_del_07_29.json","07",11652
145.441962,-14.694587,4593,3.55,2021-11-26 08:27:00,0.0510843387401197,5680.3192988934,"moving",29,-14.69295,145.44156,"run_day_11652_liz21_del_07_29.json","07",11652
145.441516,-14.693302,4594,3.55,2021-11-26 07:36:00,0.0548293705224957,6096.74783321624,"moving",29,-14.69295,145.44156,"run_day_11652_liz21_del_07_29.json","07",11652
145.441637,-14.693814,4594,3.55,2021-11-26 07:48:00,0.0584004211417272,6493.83054486569,"moving",29,-14.69295,145.44156,"run_day_11652_liz21_del_07_29.json","07",11652
145.44179,-14.694332,4594,3.55,2021-11-26 08:00:00,0.0599037123487224,6660.98890035294,"moving",29,-14.69295,145.44156,"run_day_11652_liz21_del_07_29.json","07",11652
145.441611,-14.6932,4595,3.55,2021-11-26 08:07:00,0.0511368028459465,5686.15304129228,"moving",29,-14.69295,145.44156,"run_day_11652_liz21_del_07_29.json","07",11652
145.441699,-14.693674,4595,3.55,2021-11-26 08:19:00,0.0535495389502246,5954.43705542017,"moving",29,-14.69295,145.44156,"run_day_11652_liz21_del_07_29.json","07",11652
145.44181,-14.694137,4595,3.55,2021-11-26 08:31:00,0.0528494473676373,5876.5904232499,"moving",29,-14.69295,145.44156,"run_day_11652_liz21_del_07_29.json","07",11652
145.441949,-14.694571,4595,3.55,2021-11-26 08:43:00,0.0505213993798573,5617.72329802369,"moving",29,-14.69295,145.44156,"run_day_11652_liz21_del_07_29.json","07",11652
145.441607,-14.693564,4596,3.55,2021-11-26 07:36:00,0.055933202921578,6219.48839586008,"moving",29,-14.69295,145.44156,"run_day_11652_liz21_del_07_29.json","07",11652
145.441744,-14.694081,4596,3.55,2021-11-26 07:48:00,0.0593462646439295,6599.00354371031,"moving",29,-14.69295,145.44156,"run_day_11652_liz21_del_07_29.json","07",11652
145.441903,-14.694573,4596,3.55,2021-11-26 08:00:00,0.05731861802448,6373.53952659953,"moving",29,-14.69295,145.44156,"run_day_11652_liz21_del_07_29.json","07",11652
145.441518,-14.693585,4597,3.55,2021-11-26 07:25:00,0.0582967740118036,6482.30550985692,"moving",29,-14.69295,145.44156,"run_day_11652_liz21_del_07_29.json","07",11652
145.441675,-14.694117,4597,3.55,2021-11-26 07:37:00,0.0615187449572025,6840.57233278145,"moving",29,-14.69295,145.44156,"run_day_11652_liz21_del_07_29.json","07",11652
145.441854,-14.694642,4597,3.55,2021-11-26 07:49:00,0.0614702132482712,6835.1758529669,"moving",29,-14.69295,145.44156,"run_day_11652_liz21_del_07_29.json","07",11652
145.441507,-14.693504,4598,3.55,2021-11-26 07:38:00,0.0573846551070522,6380.88251515197,"moving",29,-14.69295,145.44156,"run_day_11652_liz21_del_07_29.json","07",11652
145.44165,-14.694033,4598,3.55,2021-11-26 07:50:00,0.060799766870137,6760.62561713116,"moving",29,-14.69295,145.44156,"run_day_11652_liz21_del_07_29.json","07",11652
145.441822,-14.694556,4598,3.55,2021-11-26 08:02:00,0.0610266123450428,6785.84968307296,"moving",29,-14.69295,145.44156,"run_day_11652_liz21_del_07_29.json","07",11652
145.441579,-14.69365,4599,3.55,2021-11-26 08:09:00,0.0568875855286601,6325.61089984543,"moving",29,-14.69295,145.44156,"run_day_11652_liz21_del_07_29.json","07",11652
145.441709,-14.694159,4599,3.55,2021-11-26 08:21:00,0.058299833979141,6482.64576270054,"moving",29,-14.69295,145.44156,"run_day_11652_liz21_del_07_29.json","07",11652
145.441871,-14.69464,4599,3.55,2021-11-26 08:33:00,0.0562514820738571,6254.87942285025,"moving",29,-14.69295,145.44156,"run_day_11652_liz21_del_07_29.json","07",11652
145.44177,-14.69357,4600,3.55,2021-11-26 07:35:00,0.050242870001411,5586.752244219,"moving",29,-14.69295,145.44156,"run_day_11652_liz21_del_07_29.json","07",11652
145.441879,-14.693996,4600,3.55,2021-11-26 07:47:00,0.0487983060410748,5426.12406061604,"moving",29,-14.69295,145.44156,"run_day_11652_liz21_del_07_29.json","07",11652
145.442001,-14.694418,4600,3.55,2021-11-26 07:59:00,0.0487244840600334,5417.91543084938,"moving",29,-14.69295,145.44156,"run_day_11652_liz21_del_07_29.json","07",11652
145.44161,-14.693561,4601,3.55,2021-11-26 08:04:00,0.0556004055832753,6182.48302024001,"moving",29,-14.69295,145.44156,"run_day_11652_liz21_del_07_29.json","07",11652
145.441729,-14.694062,4601,3.55,2021-11-26 08:16:00,0.05716012816261,6355.91625803499,"moving",29,-14.69295,145.44156,"run_day_11652_liz21_del_07_29.json","07",11652
145.441878,-14.694532,4601,3.55,2021-11-26 08:28:00,0.0546636446089294,6078.31995241413,"moving",29,-14.69295,145.44156,"run_day_11652_liz21_del_07_29.json","07",11652
145.44157,-14.693647,4602,3.55,2021-11-26 07:17:00,0.0586237447433096,6518.66299636164,"moving",29,-14.69295,145.44156,"run_day_11652_liz21_del_07_29.json","07",11652
145.441729,-14.694175,4602,3.55,2021-11-26 07:29:00,0.0611509821015956,6799.67896902965,"moving",29,-14.69295,145.44156,"run_day_11652_liz21_del_07_29.json","07",11652
145.441904,-14.694686,4602,3.55,2021-11-26 07:41:00,0.0598571102840436,6655.80698718949,"moving",29,-14.69295,145.44156,"run_day_11652_liz21_del_07_29.json","07",11652
145.441617,-14.6934,4603,3.55,2021-11-26 07:34:00,0.0535766548903888,5957.45221039762,"moving",29,-14.69295,145.44156,"run_day_11652_liz21_del_07_29.json","07",11652
145.441734,-14.693904,4603,3.55,2021-11-26 07:46:00,0.0574377786236717,6386.78958068558,"moving",29,-14.69295,145.44156,"run_day_11652_liz21_del_07_29.json","07",11652
145.441878,-14.694386,4603,3.55,2021-11-26 07:58:00,0.0557890318021773,6203.45729881406,"moving",29,-14.69295,145.44156,"run_day_11652_liz21_del_07_29.json","07",11652
145.441549,-14.693221,4604,3.55,2021-11-26 07:45:00,0.0531504270803054,5910.05784032153,"moving",29,-14.69295,145.44156,"run_day_11652_liz21_del_07_29.json","07",11652
145.441654,-14.69372,4604,3.55,2021-11-26 07:57:00,0.0566239551605214,6296.29654039896,"moving",29,-14.69295,145.44156,"run_day_11652_liz21_del_07_29.json","07",11652
145.441789,-14.694222,4604,3.55,2021-11-26 08:09:00,0.0576775252110861,6413.44818488641,"moving",29,-14.69295,145.44156,"run_day_11652_liz21_del_07_29.json","07",11652
145.441946,-14.694685,4604,3.55,2021-11-26 08:21:00,0.0541819396835442,6024.7568085716,"moving",29,-14.69295,145.44156,"run_day_11652_liz21_del_07_29.json","07",11652
145.441676,-14.693308,4605,3.55,2021-11-26 07:28:00,0.0511368018788225,5686.152933753,"moving",29,-14.69295,145.44156,"run_day_11652_liz21_del_07_29.json","07",11652
145.441774,-14.693782,4605,3.55,2021-11-26 07:40:00,0.0537500794115871,5976.73613731064,"moving",29,-14.69295,145.44156,"run_day_11652_liz21_del_07_29.json","07",11652
145.441902,-14.694231,4605,3.55,2021-11-26 07:52:00,0.0517899636681798,5758.78121100762,"moving",29,-14.69295,145.44156,"run_day_11652_liz21_del_07_29.json","07",11652
145.442045,-14.694672,4605,3.55,2021-11-26 08:04:00,0.051392533745301,5714.58901988675,"moving",29,-14.69295,145.44156,"run_day_11652_liz21_del_07_29.json","07",11652
145.441509,-14.69361,4606,3.55,2021-11-26 08:03:00,0.0584731784902175,6501.92079289392,"moving",29,-14.69295,145.44156,"run_day_11652_liz21_del_07_29.json","07",11652
145.441646,-14.694131,4606,3.55,2021-11-26 08:15:00,0.059777216847374,6646.92324235963,"moving",29,-14.69295,145.44156,"run_day_11652_liz21_del_07_29.json","07",11652
145.441818,-14.694636,4606,3.55,2021-11-26 08:27:00,0.0591223977157128,6574.11067704911,"moving",29,-14.69295,145.44156,"run_day_11652_liz21_del_07_29.json","07",11652
145.441613,-14.693249,4607,3.55,2021-11-26 07:31:00,0.0517924301611983,5759.05547251787,"moving",29,-14.69295,145.44156,"run_day_11652_liz21_del_07_29.json","07",11652
145.441715,-14.693741,4607,3.55,2021-11-26 07:43:00,0.0557971038596232,6204.35487064962,"moving",29,-14.69295,145.44156,"run_day_11652_liz21_del_07_29.json","07",11652
145.441849,-14.694221,4607,3.55,2021-11-26 07:55:00,0.0552853172648754,6147.44679778898,"moving",29,-14.69295,145.44156,"run_day_11652_liz21_del_07_29.json","07",11652
145.442001,-14.694678,4607,3.55,2021-11-26 08:07:00,0.0533812506426732,5935.72424940686,"moving",29,-14.69295,145.44156,"run_day_11652_liz21_del_07_29.json","07",11652
145.441528,-14.693523,4608,3.55,2021-11-26 07:59:00,0.0572685119872857,6367.96798946926,"moving",29,-14.69295,145.44156,"run_day_11652_liz21_del_07_29.json","07",11652
145.441656,-14.69404,4608,3.55,2021-11-26 08:11:00,0.0591133456574305,6573.10413409243,"moving",29,-14.69295,145.44156,"run_day_11652_liz21_del_07_29.json","07",11652
145.441818,-14.694541,4608,3.55,2021-11-26 08:23:00,0.0583700661347193,6490.45522208816,"moving",29,-14.69295,145.44156,"run_day_11652_liz21_del_07_29.json","07",11652
145.441495,-14.6933,4609,3.55,2021-11-26 07:30:00,0.0552828521614884,6147.17269079869,"moving",29,-14.69295,145.44156,"run_day_11652_liz21_del_07_29.json","07",11652
145.441622,-14.693813,4609,3.55,2021-11-26 07:42:00,0.058655750036942,6522.22182263934,"moving",29,-14.69295,145.44156,"run_day_11652_liz21_del_07_29.json","07",11652
145.44178,-14.694339,4609,3.55,2021-11-26 07:54:00,0.0609073961300643,6772.59344479358,"moving",29,-14.69295,145.44156,"run_day_11652_liz21_del_07_29.json","07",11652
145.441462,-14.693433,4610,3.55,2021-11-26 07:26:00,0.0577873507355306,6425.66022602071,"moving",29,-14.69295,145.44156,"run_day_11652_liz21_del_07_29.json","07",11652
145.441608,-14.693962,4610,3.55,2021-11-26 07:38:00,0.0608821973762974,6769.79147121693,"moving",29,-14.69295,145.44156,"run_day_11652_liz21_del_07_29.json","07",11652
145.441784,-14.694498,4610,3.55,2021-11-26 07:50:00,0.0625345567743843,6953.52545327765,"moving",29,-14.69295,145.44156,"run_day_11652_liz21_del_07_29.json","07",11652
145.441504,-14.693384,4611,3.55,2021-11-26 07:38:00,0.0561456899197315,6243.11587203268,"moving",29,-14.69295,145.44156,"run_day_11652_liz21_del_07_29.json","07",11652
145.441633,-14.693904,4611,3.55,2021-11-26 07:50:00,0.0594628155314929,6611.96341110328,"moving",29,-14.69295,145.44156,"run_day_11652_liz21_del_07_29.json","07",11652
145.441795,-14.694427,4611,3.55,2021-11-26 08:02:00,0.0607092100278065,6750.55615569105,"moving",29,-14.69295,145.44156,"run_day_11652_liz21_del_07_29.json","07",11652
145.441638,-14.693349,4612,3.55,2021-11-26 07:56:00,0.0527265773101977,5862.92789622609,"moving",29,-14.69295,145.44156,"run_day_11652_liz21_del_07_29.json","07",11652
145.441735,-14.693838,4612,3.55,2021-11-26 08:08:00,0.0553662130844402,6156.44200251133,"moving",29,-14.69295,145.44156,"run_day_11652_liz21_del_07_29.json","07",11652
145.441862,-14.694294,4612,3.55,2021-11-26 08:20:00,0.0525126471758673,5839.13995063216,"moving",29,-14.69295,145.44156,"run_day_11652_liz21_del_07_29.json","07",11652
145.441616,-14.693213,4613,3.55,2021-11-26 07:22:00,0.0517924305522758,5759.0555160037,"moving",29,-14.69295,145.44156,"run_day_11652_liz21_del_07_29.json","07",11652
145.441717,-14.693699,4613,3.55,2021-11-26 07:34:00,0.0551218159061564,6129.26627619993,"moving",29,-14.69295,145.44156,"run_day_11652_liz21_del_07_29.json","07",11652
145.441852,-14.694176,4613,3.55,2021-11-26 07:46:00,0.0549916398191793,6114.79135575763,"moving",29,-14.69295,145.44156,"run_day_11652_liz21_del_07_29.json","07",11652
145.442,-14.694637,4613,3.55,2021-11-26 07:58:00,0.053675667713468,5968.46193399678,"moving",29,-14.69295,145.44156,"run_day_11652_liz21_del_07_29.json","07",11652
145.441691,-14.693458,4614,3.55,2021-11-26 07:12:00,0.0541654755426374,6022.9260796312,"moving",29,-14.69295,145.44156,"run_day_11652_liz21_del_07_29.json","07",11652
145.441811,-14.693936,4614,3.55,2021-11-26 07:24:00,0.0546958696830592,6081.90321716811,"moving",29,-14.69295,145.44156,"run_day_11652_liz21_del_07_29.json","07",11652
145.441948,-14.694397,4614,3.55,2021-11-26 07:36:00,0.0533367586157887,5930.77696174117,"moving",29,-14.69295,145.44156,"run_day_11652_liz21_del_07_29.json","07",11652
145.441652,-14.693602,4615,3.55,2021-11-26 07:54:00,0.0553188488424774,6151.17533910071,"moving",29,-14.69295,145.44156,"run_day_11652_liz21_del_07_29.json","07",11652
145.441776,-14.694102,4615,3.55,2021-11-26 08:06:00,0.0571748160512233,6357.54947673191,"moving",29,-14.69295,145.44156,"run_day_11652_liz21_del_07_29.json","07",11652
145.441923,-14.694563,4615,3.55,2021-11-26 08:18:00,0.0536438691661332,5964.92609685848,"moving",29,-14.69295,145.44156,"run_day_11652_liz21_del_07_29.json","07",11652
145.441726,-14.693386,4616,3.55,2021-11-26 07:50:00,0.0509000653798027,5659.8290361104,"moving",29,-14.69295,145.44156,"run_day_11652_liz21_del_07_29.json","07",11652
145.441813,-14.693828,4616,3.55,2021-11-26 08:02:00,0.0500310477132829,5563.19868042891,"moving",29,-14.69295,145.44156,"run_day_11652_liz21_del_07_29.json","07",11652
145.441926,-14.69424,4616,3.55,2021-11-26 08:14:00,0.0473971446084397,5270.322017897,"moving",29,-14.69295,145.44156,"run_day_11652_liz21_del_07_29.json","07",11652
145.442057,-14.694649,4616,3.55,2021-11-26 08:26:00,0.0476113988174729,5294.14599895374,"moving",29,-14.69295,145.44156,"run_day_11652_liz21_del_07_29.json","07",11652
145.441716,-14.69337,4617,3.55,2021-11-26 07:49:00,0.0510468042803458,5676.14565739219,"moving",29,-14.69295,145.44156,"run_day_11652_liz21_del_07_29.json","07",11652
145.441804,-14.693819,4617,3.55,2021-11-26 08:01:00,0.0508158095460018,5650.46021485154,"moving",29,-14.69295,145.44156,"run_day_11652_liz21_del_07_29.json","07",11652
145.441918,-14.694237,4617,3.55,2021-11-26 08:13:00,0.0480696339467932,5345.09942054446,"moving",29,-14.69295,145.44156,"run_day_11652_liz21_del_07_29.json","07",11652
145.44205,-14.694649,4617,3.55,2021-11-26 08:25:00,0.0479618720886387,5333.11684863189,"moving",29,-14.69295,145.44156,"run_day_11652_liz21_del_07_29.json","07",11652
145.441563,-14.693627,4618,3.55,2021-11-26 07:40:00,0.0575826183862556,6402.89502746131,"moving",29,-14.69295,145.44156,"run_day_11652_liz21_del_07_29.json","07",11652
145.441711,-14.694156,4618,3.55,2021-11-26 07:52:00,0.060938033800702,6776.0001983327,"moving",29,-14.69295,145.44156,"run_day_11652_liz21_del_07_29.json","07",11652
145.441884,-14.694663,4618,3.55,2021-11-26 08:04:00,0.0593672839871495,6601.34078803777,"moving",29,-14.69295,145.44156,"run_day_11652_liz21_del_07_29.json","07",11652
145.441766,-14.693249,4619,3.55,2021-11-26 07:37:00,0.0463890401153985,5158.22591274322,"moving",29,-14.69295,145.44156,"run_day_11652_liz21_del_07_29.json","07",11652
145.441837,-14.69364,4619,3.55,2021-11-26 07:49:00,0.0441428001998657,4908.45543010948,"moving",29,-14.69295,145.44156,"run_day_11652_liz21_del_07_29.json","07",11652
145.441932,-14.694018,4619,3.55,2021-11-26 08:01:00,0.043255874000815,4809.8337364669,"moving",29,-14.69295,145.44156,"run_day_11652_liz21_del_07_29.json","07",11652
145.44204,-14.694401,4619,3.55,2021-11-26 08:13:00,0.0441434752348638,4908.53049057658,"moving",29,-14.69295,145.44156,"run_day_11652_liz21_del_07_29.json","07",11652
145.441536,-14.693539,4620,3.55,2021-11-26 07:49:00,0.0573169738161447,6373.3566989743,"moving",29,-14.69295,145.44156,"run_day_11652_liz21_del_07_29.json","07",11652
145.441672,-14.694064,4620,3.55,2021-11-26 08:01:00,0.0601821384727503,6691.94847279015,"moving",29,-14.69295,145.44156,"run_day_11652_liz21_del_07_29.json","07",11652
145.441838,-14.69457,4620,3.55,2021-11-26 08:13:00,0.0590296284899721,6563.795209798,"moving",29,-14.69295,145.44156,"run_day_11652_liz21_del_07_29.json","07",11652
145.441716,-14.693343,4621,3.55,2021-11-26 07:29:00,0.0506866012962932,5636.09291300332,"moving",29,-14.69295,145.44156,"run_day_11652_liz21_del_07_29.json","07",11652
145.441809,-14.69379,4621,3.55,2021-11-26 07:41:00,0.0507006849602945,5637.65894498883,"moving",29,-14.69295,145.44156,"run_day_11652_liz21_del_07_29.json","07",11652
145.44193,-14.694218,4621,3.55,2021-11-26 07:53:00,0.0493388533042242,5486.23017388985,"moving",29,-14.69295,145.44156,"run_day_11652_liz21_del_07_29.json","07",11652
145.442065,-14.694647,4621,3.55,2021-11-26 08:05:00,0.0498636170664868,5544.58124194036,"moving",29,-14.69295,145.44156,"run_day_11652_liz21_del_07_29.json","07",11652
145.441618,-14.693561,4622,3.55,2021-11-26 07:36:00,0.0555380018680276,6175.5440437007,"moving",29,-14.69295,145.44156,"run_day_11652_liz21_del_07_29.json","07",11652
145.441754,-14.694075,4622,3.55,2021-11-26 07:48:00,0.058996423961771,6560.10303472041,"moving",29,-14.69295,145.44156,"run_day_11652_liz21_del_07_29.json","07",11652
145.44191,-14.694562,4622,3.55,2021-11-26 08:00:00,0.0566918709565228,6303.84843235335,"moving",29,-14.69295,145.44156,"run_day_11652_liz21_del_07_29.json","07",11652
145.441533,-14.693464,4623,3.55,2021-11-26 07:40:00,0.05647590630775,6279.83425907523,"moving",29,-14.69295,145.44156,"run_day_11652_liz21_del_07_29.json","07",11652
145.441666,-14.693986,4623,3.55,2021-11-26 07:52:00,0.0597805789224328,6647.29708804917,"moving",29,-14.69295,145.44156,"run_day_11652_liz21_del_07_29.json","07",11652
145.44183,-14.6945,4623,3.55,2021-11-26 08:04:00,0.0598143349661897,6651.05058885853,"moving",29,-14.69295,145.44156,"run_day_11652_liz21_del_07_29.json","07",11652
145.44168,-14.693567,4624,3.55,2021-11-26 07:31:00,0.0542285516852047,6029.939826677,"moving",29,-14.69295,145.44156,"run_day_11652_liz21_del_07_29.json","07",11652
145.441808,-14.694057,4624,3.55,2021-11-26 07:43:00,0.0561979920538887,6248.93160400365,"moving",29,-14.69295,145.44156,"run_day_11652_liz21_del_07_29.json","07",11652
145.441953,-14.694524,4624,3.55,2021-11-26 07:55:00,0.0542194903940455,6028.93225707125,"moving",29,-14.69295,145.44156,"run_day_11652_liz21_del_07_29.json","07",11652
145.441592,-14.693639,4625,3.55,2021-11-26 08:08:00,0.0564715429962239,6279.34908097016,"moving",29,-14.69295,145.44156,"run_day_11652_liz21_del_07_29.json","07",11652
145.441719,-14.694144,4625,3.55,2021-11-26 08:20:00,0.0577910156136195,6426.06774187097,"moving",29,-14.69295,145.44156,"run_day_11652_liz21_del_07_29.json","07",11652
145.441878,-14.694621,4625,3.55,2021-11-26 08:32:00,0.0557288843682555,6196.76920931127,"moving",29,-14.69295,145.44156,"run_day_11652_liz21_del_07_29.json","07",11652
145.441571,-14.693354,4626,3.55,2021-11-26 08:08:00,0.0540115224816279,6005.80728030555,"moving",29,-14.69295,145.44156,"run_day_11652_liz21_del_07_29.json","07",11652
145.441674,-14.693846,4626,3.55,2021-11-26 08:20:00,0.0558183508371423,6206.71742675628,"moving",29,-14.69295,145.44156,"run_day_11652_liz21_del_07_29.json","07",11652
145.441809,-14.694329,4626,3.55,2021-11-26 08:32:00,0.0556354077540024,6186.37508404642,"moving",29,-14.69295,145.44156,"run_day_11652_liz21_del_07_29.json","07",11652
145.441752,-14.693161,4627,3.55,2021-11-26 07:13:00,0.0478685534029515,5322.74028422234,"moving",29,-14.69295,145.44156,"run_day_11652_liz21_del_07_29.json","07",11652
145.441825,-14.693552,4627,3.55,2021-11-26 07:25:00,0.0441805237870797,4912.65010162251,"moving",29,-14.69295,145.44156,"run_day_11652_liz21_del_07_29.json","07",11652
145.441925,-14.693936,4627,3.55,2021-11-26 07:37:00,0.0440327142930241,4896.21443577363,"moving",29,-14.69295,145.44156,"run_day_11652_liz21_del_07_29.json","07",11652
145.442036,-14.694333,4627,3.55,2021-11-26 07:49:00,0.0457303559523532,5084.98357555148,"moving",29,-14.69295,145.44156,"run_day_11652_liz21_del_07_29.json","07",11652
145.441744,-14.69318,4628,3.55,2021-11-26 07:40:00,0.0472838860291855,5257.72823848495,"moving",29,-14.69295,145.44156,"run_day_11652_liz21_del_07_29.json","07",11652
145.441814,-14.693584,4628,3.55,2021-11-26 07:52:00,0.0455493227002934,5064.85359636846,"moving",29,-14.69295,145.44156,"run_day_11652_liz21_del_07_29.json","07",11652
145.441905,-14.693971,4628,3.55,2021-11-26 08:04:00,0.0441315282739834,4907.20204913785,"moving",29,-14.69295,145.44156,"run_day_11652_liz21_del_07_29.json","07",11652
145.442013,-14.694354,4628,3.55,2021-11-26 08:16:00,0.0441434758934199,4908.53056380467,"moving",29,-14.69295,145.44156,"run_day_11652_liz21_del_07_29.json","07",11652
145.44177,-14.693281,4629,3.55,2021-11-26 07:34:00,0.0463890399150709,5158.22589046781,"moving",29,-14.69295,145.44156,"run_day_11652_liz21_del_07_29.json","07",11652
145.441844,-14.693671,4629,3.55,2021-11-26 07:46:00,0.0440903924311831,4902.62795211521,"moving",29,-14.69295,145.44156,"run_day_11652_liz21_del_07_29.json","07",11652
145.441943,-14.694052,4629,3.55,2021-11-26 07:58:00,0.0436829660150072,4857.32420165547,"moving",29,-14.69295,145.44156,"run_day_11652_liz21_del_07_29.json","07",11652
145.442054,-14.694441,4629,3.55,2021-11-26 08:10:00,0.0448722466270581,4989.56617207227,"moving",29,-14.69295,145.44156,"run_day_11652_liz21_del_07_29.json","07",11652
145.441551,-14.693229,4630,3.55,2021-11-26 07:47:00,0.0532114626895648,5916.84469041584,"moving",29,-14.69295,145.44156,"run_day_11652_liz21_del_07_29.json","07",11652
145.441656,-14.693729,4630,3.55,2021-11-26 07:59:00,0.0567329202092208,6308.41290099591,"moving",29,-14.69295,145.44156,"run_day_11652_liz21_del_07_29.json","07",11652
145.44179,-14.694228,4630,3.55,2021-11-26 08:11:00,0.0573276100319684,6374.5393922126,"moving",29,-14.69295,145.44156,"run_day_11652_liz21_del_07_29.json","07",11652
145.441946,-14.694689,4630,3.55,2021-11-26 08:23:00,0.0539371144638175,5997.53348622336,"moving",29,-14.69295,145.44156,"run_day_11652_liz21_del_07_29.json","07",11652
145.441524,-14.693489,4631,3.55,2021-11-26 07:25:00,0.0570869163448391,6347.77547532844,"moving",29,-14.69295,145.44156,"run_day_11652_liz21_del_07_29.json","07",11652
145.441669,-14.694013,4631,3.55,2021-11-26 07:37:00,0.0603173044444387,6706.97824309687,"moving",29,-14.69295,145.44156,"run_day_11652_liz21_del_07_29.json","07",11652
145.441839,-14.694535,4631,3.55,2021-11-26 07:49:00,0.0608556797131069,6766.84284160368,"moving",29,-14.69295,145.44156,"run_day_11652_liz21_del_07_29.json","07",11652
145.441559,-14.693588,4632,3.55,2021-11-26 07:41:00,0.0573169731536366,6373.35662530677,"moving",29,-14.69295,145.44156,"run_day_11652_liz21_del_07_29.json","07",11652
145.441702,-14.694115,4632,3.55,2021-11-26 07:53:00,0.0605846353898506,6736.70408796178,"moving",29,-14.69295,145.44156,"run_day_11652_liz21_del_07_29.json","07",11652
145.441872,-14.694621,4632,3.55,2021-11-26 08:05:00,0.0591611804025536,6578.42311506745,"moving",29,-14.69295,145.44156,"run_day_11652_liz21_del_07_29.json","07",11652
145.441637,-14.693299,4633,3.55,2021-11-26 07:41:00,0.0519849879675174,5780.46692366637,"moving",29,-14.69295,145.44156,"run_day_11652_liz21_del_07_29.json","07",11652
145.441737,-14.69379,4633,3.55,2021-11-26 07:53:00,0.0556461033968896,6187.56438527267,"moving",29,-14.69295,145.44156,"run_day_11652_liz21_del_07_29.json","07",11652
145.441866,-14.694256,4633,3.55,2021-11-26 08:05:00,0.0536423372940562,5964.75576045526,"moving",29,-14.69295,145.44156,"run_day_11652_liz21_del_07_29.json","07",11652
145.441538,-14.693523,4634,3.55,2021-11-26 07:18:00,0.0577085523235734,6416.89824238342,"moving",29,-14.69295,145.44156,"run_day_11652_liz21_del_07_29.json","07",11652
145.441689,-14.694048,4634,3.55,2021-11-26 07:30:00,0.0605945004026355,6737.80102733474,"moving",29,-14.69295,145.44156,"run_day_11652_liz21_del_07_29.json","07",11652
145.441858,-14.694566,4634,3.55,2021-11-26 07:42:00,0.0603991416603896,6716.07812632133,"moving",29,-14.69295,145.44156,"run_day_11652_liz21_del_07_29.json","07",11652
145.441696,-14.693517,4635,3.55,2021-11-26 07:32:00,0.0532102942519723,5916.71476608345,"moving",29,-14.69295,145.44156,"run_day_11652_liz21_del_07_29.json","07",11652
145.441815,-14.693994,4635,3.55,2021-11-26 07:44:00,0.0545624890467326,6067.07196709597,"moving",29,-14.69295,145.44156,"run_day_11652_liz21_del_07_29.json","07",11652
145.441951,-14.694449,4635,3.55,2021-11-26 07:56:00,0.0526659015409061,5856.1810585106,"moving",29,-14.69295,145.44156,"run_day_11652_liz21_del_07_29.json","07",11652
145.441534,-14.693617,4636,3.55,2021-11-26 07:24:00,0.0584858842793235,6503.33361218152,"moving",29,-14.69295,145.44156,"run_day_11652_liz21_del_07_29.json","07",11652
145.441692,-14.694148,4636,3.55,2021-11-26 07:36:00,0.0614414908860221,6831.98207200355,"moving",29,-14.69295,145.44156,"run_day_11652_liz21_del_07_29.json","07",11652
145.441871,-14.694669,4636,3.55,2021-11-26 07:48:00,0.0610479707949376,6788.22463434225,"moving",29,-14.69295,145.44156,"run_day_11652_liz21_del_07_29.json","07",11652
145.441488,-14.693446,4637,3.55,2021-11-26 08:02:00,0.0572580110375739,6366.80033713637,"moving",29,-14.69295,145.44156,"run_day_11652_liz21_del_07_29.json","07",11652
145.441613,-14.693962,4637,3.55,2021-11-26 08:14:00,0.0589307620383065,6552.80176195743,"moving",29,-14.69295,145.44156,"run_day_11652_liz21_del_07_29.json","07",11652
145.441772,-14.69447,4637,3.55,2021-11-26 08:26:00,0.0590190923074619,6562.62363975667,"moving",29,-14.69295,145.44156,"run_day_11652_liz21_del_07_29.json","07",11652
145.441726,-14.693152,4638,3.55,2021-11-26 07:24:00,0.0480348275262066,5341.22912316057,"moving",29,-14.69295,145.44156,"run_day_11652_liz21_del_07_29.json","07",11652
145.441802,-14.693567,4638,3.55,2021-11-26 07:36:00,0.0468643275541959,5211.07546463538,"moving",29,-14.69295,145.44156,"run_day_11652_liz21_del_07_29.json","07",11652
145.441903,-14.693968,4638,3.55,2021-11-26 07:48:00,0.0458934305844556,5103.11664730569,"moving",29,-14.69295,145.44156,"run_day_11652_liz21_del_07_29.json","07",11652
145.442017,-14.694372,4638,3.55,2021-11-26 08:00:00,0.0465660929558723,5177.91329035192,"moving",29,-14.69295,145.44156,"run_day_11652_liz21_del_07_29.json","07",11652
145.441742,-14.693402,4639,3.55,2021-11-26 07:15:00,0.0515417189924987,5731.17766250535,"moving",29,-14.69295,145.44156,"run_day_11652_liz21_del_07_29.json","07",11652
145.441841,-14.693832,4639,3.55,2021-11-26 07:27:00,0.0489851728254308,5446.90269899481,"moving",29,-14.69295,145.44156,"run_day_11652_liz21_del_07_29.json","07",11652
145.441965,-14.694259,4639,3.55,2021-11-26 07:39:00,0.0493178865888343,5483.89878151009,"moving",29,-14.69295,145.44156,"run_day_11652_liz21_del_07_29.json","07",11652
145.441734,-14.693653,4640,3.55,2021-11-26 07:25:00,0.0542745906786486,6035.05912917578,"moving",29,-14.69295,145.44156,"run_day_11652_liz21_del_07_29.json","07",11652
145.441865,-14.694117,4640,3.55,2021-11-26 07:37:00,0.0534838175618089,5947.1291704563,"moving",29,-14.69295,145.44156,"run_day_11652_liz21_del_07_29.json","07",11652
145.442005,-14.694573,4640,3.55,2021-11-26 07:49:00,0.0528935980427095,5881.49975432586,"moving",29,-14.69295,145.44156,"run_day_11652_liz21_del_07_29.json","07",11652
145.441769,-14.693212,4641,3.55,2021-11-26 07:32:00,0.0456037722033656,5070.9081048684,"moving",29,-14.69295,145.44156,"run_day_11652_liz21_del_07_29.json","07",11652
145.441838,-14.693594,4641,3.55,2021-11-26 07:44:00,0.0431199378651125,4794.71832782912,"moving",29,-14.69295,145.44156,"run_day_11652_liz21_del_07_29.json","07",11652
145.44193,-14.693967,4641,3.55,2021-11-26 07:56:00,0.0426398006322482,4741.32950344144,"moving",29,-14.69295,145.44156,"run_day_11652_liz21_del_07_29.json","07",11652
145.442036,-14.694345,4641,3.55,2021-11-26 08:08:00,0.0435505320170076,4842.59821296267,"moving",29,-14.69295,145.44156,"run_day_11652_liz21_del_07_29.json","07",11652
145.441523,-14.693619,4642,3.55,2021-11-26 07:54:00,0.0584978053337469,6504.65917295366,"moving",29,-14.69295,145.44156,"run_day_11652_liz21_del_07_29.json","07",11652
145.441665,-14.694147,4642,3.55,2021-11-26 08:06:00,0.0606650247079353,6745.64297228921,"moving",29,-14.69295,145.44156,"run_day_11652_liz21_del_07_29.json","07",11652
145.441839,-14.694654,4642,3.55,2021-11-26 08:18:00,0.0594010840415983,6605.09918261279,"moving",29,-14.69295,145.44156,"run_day_11652_liz21_del_07_29.json","07",11652
145.441679,-14.693659,4643,3.55,2021-11-26 07:27:00,0.0555789361972421,6180.09573343495,"moving",29,-14.69295,145.44156,"run_day_11652_liz21_del_07_29.json","07",11652
145.44182,-14.694155,4643,3.55,2021-11-26 07:39:00,0.0571998028009541,6360.32787653531,"moving",29,-14.69295,145.44156,"run_day_11652_liz21_del_07_29.json","07",11652
145.441973,-14.69463,4643,3.55,2021-11-26 07:51:00,0.0553218782694625,6151.51219601209,"moving",29,-14.69295,145.44156,"run_day_11652_liz21_del_07_29.json","07",11652
145.441721,-14.69344,4644,3.55,2021-11-26 07:55:00,0.0517949276810468,5759.33318405423,"moving",29,-14.69295,145.44156,"run_day_11652_liz21_del_07_29.json","07",11652
145.441813,-14.693886,4644,3.55,2021-11-26 08:07:00,0.050570523108574,5623.18560743485,"moving",29,-14.69295,145.44156,"run_day_11652_liz21_del_07_29.json","07",11652
145.441929,-14.694302,4644,3.55,2021-11-26 08:19:00,0.0479102032458336,5327.37153544636,"moving",29,-14.69295,145.44156,"run_day_11652_liz21_del_07_29.json","07",11652
145.441567,-14.693336,4645,3.55,2021-11-26 07:59:00,0.0541655632493267,6022.93583217009,"moving",29,-14.69295,145.44156,"run_day_11652_liz21_del_07_29.json","07",11652
145.441673,-14.693835,4645,3.55,2021-11-26 08:11:00,0.0566455045323768,6298.69272122166,"moving",29,-14.69295,145.44156,"run_day_11652_liz21_del_07_29.json","07",11652
145.441809,-14.694322,4645,3.55,2021-11-26 08:23:00,0.0560928451536295,6237.23980214242,"moving",29,-14.69295,145.44156,"run_day_11652_liz21_del_07_29.json","07",11652
145.44164,-14.693552,4646,3.55,2021-11-26 07:11:00,0.0565388008962337,6286.82781822802,"moving",29,-14.69295,145.44156,"run_day_11652_liz21_del_07_29.json","07",11652
145.441782,-14.694061,4646,3.55,2021-11-26 07:23:00,0.0586227886782867,6518.55668678156,"moving",29,-14.69295,145.44156,"run_day_11652_liz21_del_07_29.json","07",11652
145.441935,-14.694547,4646,3.55,2021-11-26 07:35:00,0.0564908273426942,6281.49340246131,"moving",29,-14.69295,145.44156,"run_day_11652_liz21_del_07_29.json","07",11652
145.441512,-14.693539,4647,3.55,2021-11-26 07:36:00,0.0577343067589766,6419.76200493885,"moving",29,-14.69295,145.44156,"run_day_11652_liz21_del_07_29.json","07",11652
145.441658,-14.69407,4647,3.55,2021-11-26 07:48:00,0.0610970871373737,6793.68612243649,"moving",29,-14.69295,145.44156,"run_day_11652_liz21_del_07_29.json","07",11652
145.441833,-14.694593,4647,3.55,2021-11-26 08:00:00,0.0611252022690833,6796.81238244453,"moving",29,-14.69295,145.44156,"run_day_11652_liz21_del_07_29.json","07",11652
145.44157,-14.693229,4648,3.55,2021-11-26 07:42:00,0.0527305702618793,5863.37189219542,"moving",29,-14.69295,145.44156,"run_day_11652_liz21_del_07_29.json","07",11652
145.441674,-14.693726,4648,3.55,2021-11-26 07:54:00,0.0563846140025302,6269.68301789311,"moving",29,-14.69295,145.44156,"run_day_11652_liz21_del_07_29.json","07",11652
145.441808,-14.694222,4648,3.55,2021-11-26 08:06:00,0.057004801640381,6338.64473678979,"moving",29,-14.69295,145.44156,"run_day_11652_liz21_del_07_29.json","07",11652
145.441963,-14.694681,4648,3.55,2021-11-26 08:18:00,0.0536923097677159,5970.3124459981,"moving",29,-14.69295,145.44156,"run_day_11652_liz21_del_07_29.json","07",11652
145.441501,-14.693458,4649,3.55,2021-11-26 07:44:00,0.0571429789075567,6354.00934787733,"moving",29,-14.69295,145.44156,"run_day_11652_liz21_del_07_29.json","07",11652
145.441636,-14.693984,4649,3.55,2021-11-26 07:56:00,0.0602639999960852,6701.05105887238,"moving",29,-14.69295,145.44156,"run_day_11652_liz21_del_07_29.json","07",11652
145.441803,-14.694505,4649,3.55,2021-11-26 08:08:00,0.0606532922874596,6744.33838665505,"moving",29,-14.69295,145.44156,"run_day_11652_liz21_del_07_29.json","07",11652
145.441619,-14.693688,4650,3.55,2021-11-26 08:01:00,0.0569068839656697,6327.75678813305,"moving",29,-14.69295,145.44156,"run_day_11652_liz21_del_07_29.json","07",11652
145.441753,-14.694196,4650,3.55,2021-11-26 08:13:00,0.058296764047459,6482.30440187235,"moving",29,-14.69295,145.44156,"run_day_11652_liz21_del_07_29.json","07",11652
145.441912,-14.694667,4650,3.55,2021-11-26 08:25:00,0.0550942847919965,6126.20495598048,"moving",29,-14.69295,145.44156,"run_day_11652_liz21_del_07_29.json","07",11652
145.441679,-14.693666,4651,3.55,2021-11-26 07:31:00,0.0555789361208951,6180.09572494555,"moving",29,-14.69295,145.44156,"run_day_11652_liz21_del_07_29.json","07",11652
145.441818,-14.694163,4651,3.55,2021-11-26 07:43:00,0.0572504730935023,6365.96215599828,"moving",29,-14.69295,145.44156,"run_day_11652_liz21_del_07_29.json","07",11652
145.441972,-14.694636,4651,3.55,2021-11-26 07:55:00,0.0551418086625236,6131.48936927761,"moving",29,-14.69295,145.44156,"run_day_11652_liz21_del_07_29.json","07",11652
145.441678,-14.693407,4652,3.55,2021-11-26 08:04:00,0.0521079703729585,5794.14194321796,"moving",29,-14.69295,145.44156,"run_day_11652_liz21_del_07_29.json","07",11652
145.441771,-14.693876,4652,3.55,2021-11-26 08:16:00,0.0531010828171725,5904.57100860214,"moving",29,-14.69295,145.44156,"run_day_11652_liz21_del_07_29.json","07",11652
145.441891,-14.694309,4652,3.55,2021-11-26 08:28:00,0.0498473930980677,5542.77721896212,"moving",29,-14.69295,145.44156,"run_day_11652_liz21_del_07_29.json","07",11652
145.441713,-14.693552,4653,3.55,2021-11-26 08:00:00,0.0532559910149416,5921.79601428971,"moving",29,-14.69295,145.44156,"run_day_11652_liz21_del_07_29.json","07",11652
145.441817,-14.694009,4653,3.55,2021-11-26 08:12:00,0.0520327033149365,5785.77262822245,"moving",29,-14.69295,145.44156,"run_day_11652_liz21_del_07_29.json","07",11652
145.441944,-14.694436,4653,3.55,2021-11-26 08:24:00,0.0494061222542657,5493.71013985518,"moving",29,-14.69295,145.44156,"run_day_11652_liz21_del_07_29.json","07",11652
145.441734,-14.693521,4654,3.55,2021-11-26 07:52:00,0.0522152117384896,5806.06663899145,"moving",29,-14.69295,145.44156,"run_day_11652_liz21_del_07_29.json","07",11652
145.441835,-14.693964,4654,3.55,2021-11-26 08:04:00,0.0504430086270776,5609.00664401874,"moving",29,-14.69295,145.44156,"run_day_11652_liz21_del_07_29.json","07",11652
145.441956,-14.694384,4654,3.55,2021-11-26 08:16:00,0.0484813643697965,5390.88175472764,"moving",29,-14.69295,145.44156,"run_day_11652_liz21_del_07_29.json","07",11652
145.441613,-14.693248,4655,3.55,2021-11-26 07:32:00,0.0517695296852384,5756.50905577339,"moving",29,-14.69295,145.44156,"run_day_11652_liz21_del_07_29.json","07",11652
145.441715,-14.69374,4655,3.55,2021-11-26 07:44:00,0.0557971038694957,6204.3548717474,"moving",29,-14.69295,145.44156,"run_day_11652_liz21_del_07_29.json","07",11652
145.441849,-14.69422,4655,3.55,2021-11-26 07:56:00,0.0552853172818817,6147.44679967999,"moving",29,-14.69295,145.44156,"run_day_11652_liz21_del_07_29.json","07",11652
145.442,-14.694675,4655,3.55,2021-11-26 08:08:00,0.0531366172926343,5908.52226199446,"moving",29,-14.69295,145.44156,"run_day_11652_liz21_del_07_29.json","07",11652
145.441607,-14.693482,4656,3.55,2021-11-26 07:18:00,0.0557161488944754,6195.3530892385,"moving",29,-14.69295,145.44156,"run_day_11652_liz21_del_07_29.json","07",11652
145.441743,-14.693992,4656,3.55,2021-11-26 07:30:00,0.0585656382034027,6512.20184391913,"moving",29,-14.69295,145.44156,"run_day_11652_liz21_del_07_29.json","07",11652
145.441897,-14.694486,4656,3.55,2021-11-26 07:42:00,0.0573733522090054,6379.62569023279,"moving",29,-14.69295,145.44156,"run_day_11652_liz21_del_07_29.json","07",11652
145.441496,-14.693574,4657,3.55,2021-11-26 08:00:00,0.0585476216446654,6510.19849399195,"moving",29,-14.69295,145.44156,"run_day_11652_liz21_del_07_29.json","07",11652
145.441633,-14.694099,4657,3.55,2021-11-26 08:12:00,0.0602083715257273,6694.86545519158,"moving",29,-14.69295,145.44156,"run_day_11652_liz21_del_07_29.json","07",11652
145.441805,-14.694609,4657,3.55,2021-11-26 08:24:00,0.0596507073379562,6632.85602674008,"moving",29,-14.69295,145.44156,"run_day_11652_liz21_del_07_29.json","07",11652
145.441601,-14.693628,4658,3.55,2021-11-26 07:46:00,0.0568249468333778,6318.64579471839,"moving",29,-14.69295,145.44156,"run_day_11652_liz21_del_07_29.json","07",11652
145.44174,-14.694149,4658,3.55,2021-11-26 07:58:00,0.0598306074376504,6652.86000512893,"moving",29,-14.69295,145.44156,"run_day_11652_liz21_del_07_29.json","07",11652
145.441903,-14.694637,4658,3.55,2021-11-26 08:10:00,0.0570250490306176,6340.89614386189,"moving",29,-14.69295,145.44156,"run_day_11652_liz21_del_07_29.json","07",11652
145.44146,-14.693446,4659,3.55,2021-11-26 07:49:00,0.0580547191344252,6455.39023552287,"moving",29,-14.69295,145.44156,"run_day_11652_liz21_del_07_29.json","07",11652
145.441596,-14.693977,4659,3.55,2021-11-26 08:01:00,0.0608295178876616,6763.9337793424,"moving",29,-14.69295,145.44156,"run_day_11652_liz21_del_07_29.json","07",11652
145.441765,-14.694501,4659,3.55,2021-11-26 08:13:00,0.0610357124625675,6786.86156997357,"moving",29,-14.69295,145.44156,"run_day_11652_liz21_del_07_29.json","07",11652
145.441676,-14.693361,4660,3.55,2021-11-26 07:46:00,0.0519685222922321,5778.63602411087,"moving",29,-14.69295,145.44156,"run_day_11652_liz21_del_07_29.json","07",11652
145.441772,-14.69384,4660,3.55,2021-11-26 07:58:00,0.0542540157594666,6032.77130254662,"moving",29,-14.69295,145.44156,"run_day_11652_liz21_del_07_29.json","07",11652
145.441896,-14.694283,4660,3.55,2021-11-26 08:10:00,0.051032980812875,5674.60855794081,"moving",29,-14.69295,145.44156,"run_day_11652_liz21_del_07_29.json","07",11652
145.441679,-14.693673,4661,3.55,2021-11-26 07:44:00,0.0556880844982465,6192.23247075851,"moving",29,-14.69295,145.44156,"run_day_11652_liz21_del_07_29.json","07",11652
145.441813,-14.694169,4661,3.55,2021-11-26 07:56:00,0.0570048025243251,6338.64483507989,"moving",29,-14.69295,145.44156,"run_day_11652_liz21_del_07_29.json","07",11652
145.441965,-14.694633,4661,3.55,2021-11-26 08:08:00,0.0541227378875613,6018.17386921006,"moving",29,-14.69295,145.44156,"run_day_11652_liz21_del_07_29.json","07",11652
145.441545,-14.693276,4662,3.55,2021-11-26 07:56:00,0.0541265294465765,6018.59547133662,"moving",29,-14.69295,145.44156,"run_day_11652_liz21_del_07_29.json","07",11652
145.441651,-14.693775,4662,3.55,2021-11-26 08:08:00,0.0566455051627113,6298.69279131166,"moving",29,-14.69295,145.44156,"run_day_11652_liz21_del_07_29.json","07",11652
145.441785,-14.69427,4662,3.55,2021-11-26 08:20:00,0.0568972256346366,6326.68283072232,"moving",29,-14.69295,145.44156,"run_day_11652_liz21_del_07_29.json","07",11652
145.441714,-14.693583,4663,3.55,2021-11-26 07:11:00,0.0553662153788799,6156.44225764139,"moving",29,-14.69295,145.44156,"run_day_11652_liz21_del_07_29.json","07",11652
145.441847,-14.694056,4663,3.55,2021-11-26 07:23:00,0.0545059209791458,6060.78188497024,"moving",29,-14.69295,145.44156,"run_day_11652_liz21_del_07_29.json","07",11652
145.441986,-14.694519,4663,3.55,2021-11-26 07:35:00,0.053610118186781,5961.17315918524,"moving",29,-14.69295,145.44156,"run_day_11652_liz21_del_07_29.json","07",11652
145.4417,-14.693553,4664,3.55,2021-11-26 07:37:00,0.0536472089135137,5965.29745982348,"moving",29,-14.69295,145.44156,"run_day_11652_liz21_del_07_29.json","07",11652
145.441819,-14.69403,4664,3.55,2021-11-26 07:49:00,0.0545624885527424,6067.07191216677,"moving",29,-14.69295,145.44156,"run_day_11652_liz21_del_07_29.json","07",11652
145.441957,-14.694483,4664,3.55,2021-11-26 08:01:00,0.0525126955892805,5839.14533395809,"moving",29,-14.69295,145.44156,"run_day_11652_liz21_del_07_29.json","07",11652
145.44177,-14.693558,4665,3.55,2021-11-26 08:03:00,0.0495518021983906,5509.90901055573,"moving",29,-14.69295,145.44156,"run_day_11652_liz21_del_07_29.json","07",11652
145.441862,-14.693968,4665,3.55,2021-11-26 08:15:00,0.0466514639445194,5187.40611117212,"moving",29,-14.69295,145.44156,"run_day_11652_liz21_del_07_29.json","07",11652
145.441975,-14.694364,4665,3.55,2021-11-26 08:27:00,0.0456797911204292,5079.36102277488,"moving",29,-14.69295,145.44156,"run_day_11652_liz21_del_07_29.json","07",11652
145.441656,-14.69368,4666,3.55,2021-11-26 07:48:00,0.056318788124763,6262.36351424347,"moving",29,-14.69295,145.44156,"run_day_11652_liz21_del_07_29.json","07",11652
145.441792,-14.694185,4666,3.55,2021-11-26 08:00:00,0.0580274479302794,6452.35781597837,"moving",29,-14.69295,145.44156,"run_day_11652_liz21_del_07_29.json","07",11652
145.441948,-14.694654,4666,3.55,2021-11-26 08:12:00,0.0547832355409839,6091.61785733129,"moving",29,-14.69295,145.44156,"run_day_11652_liz21_del_07_29.json","07",11652
145.441735,-14.69342,4667,3.55,2021-11-26 08:04:00,0.0504990946979706,5615.24313055746,"moving",29,-14.69295,145.44156,"run_day_11652_liz21_del_07_29.json","07",11652
145.441819,-14.693845,4667,3.55,2021-11-26 08:16:00,0.0481137540117898,5350.00534793531,"moving",29,-14.69295,145.44156,"run_day_11652_liz21_del_07_29.json","07",11652
145.441927,-14.694247,4667,3.55,2021-11-26 08:28:00,0.0461850659516513,5135.54502056797,"moving",29,-14.69295,145.44156,"run_day_11652_liz21_del_07_29.json","07",11652
145.442055,-14.694646,4667,3.55,2021-11-26 08:40:00,0.0464537701037796,5165.42355905297,"moving",29,-14.69295,145.44156,"run_day_11652_liz21_del_07_29.json","07",11652
145.4417,-14.693196,4668,3.55,2021-11-26 07:25:00,0.0493555430449073,5488.08598838083,"moving",29,-14.69295,145.44156,"run_day_11652_liz21_del_07_29.json","07",11652
145.441783,-14.693641,4668,3.55,2021-11-26 07:37:00,0.0502806176742012,5590.94959392591,"moving",29,-14.69295,145.44156,"run_day_11652_liz21_del_07_29.json","07",11652
145.441896,-14.694067,4668,3.55,2021-11-26 07:49:00,0.0489034524906276,5437.815812361,"moving",29,-14.69295,145.44156,"run_day_11652_liz21_del_07_29.json","07",11652
145.442022,-14.694492,4668,3.55,2021-11-26 08:01:00,0.0491626803587484,5466.64063614091,"moving",29,-14.69295,145.44156,"run_day_11652_liz21_del_07_29.json","07",11652
145.44151,-14.693555,4669,3.55,2021-11-26 07:41:00,0.0579502032797818,6443.76860273261,"moving",29,-14.69295,145.44156,"run_day_11652_liz21_del_07_29.json","07",11652
145.441656,-14.694087,4669,3.55,2021-11-26 07:53:00,0.061204552794432,6805.63575828989,"moving",29,-14.69295,145.44156,"run_day_11652_liz21_del_07_29.json","07",11652
145.441831,-14.694608,4669,3.55,2021-11-26 08:05:00,0.0609136570705753,6773.28962961443,"moving",29,-14.69295,145.44156,"run_day_11652_liz21_del_07_29.json","07",11652
145.441718,-14.693431,4670,3.55,2021-11-26 08:08:00,0.0511926137062796,5692.35892581299,"moving",29,-14.69295,145.44156,"run_day_11652_liz21_del_07_29.json","07",11652
145.441805,-14.693869,4670,3.55,2021-11-26 08:20:00,0.0495941863884878,5514.62191746447,"moving",29,-14.69295,145.44156,"run_day_11652_liz21_del_07_29.json","07",11652
145.441917,-14.69428,4670,3.55,2021-11-26 08:32:00,0.0472621461853507,5255.31087814448,"moving",29,-14.69295,145.44156,"run_day_11652_liz21_del_07_29.json","07",11652
145.44205,-14.694686,4670,3.55,2021-11-26 08:44:00,0.047357394029862,5265.90195522797,"moving",29,-14.69295,145.44156,"run_day_11652_liz21_del_07_29.json","07",11652
145.441727,-14.693252,4671,3.55,2021-11-26 08:04:00,0.0489460326045883,5442.55050500938,"moving",29,-14.69295,145.44156,"run_day_11652_liz21_del_07_29.json","07",11652
145.441798,-14.69367,4671,3.55,2021-11-26 08:16:00,0.0471026587511955,5237.57668460287,"moving",29,-14.69295,145.44156,"run_day_11652_liz21_del_07_29.json","07",11652
145.441891,-14.694062,4671,3.55,2021-11-26 08:28:00,0.044721449185265,4972.79826159391,"moving",29,-14.69295,145.44156,"run_day_11652_liz21_del_07_29.json","07",11652
145.442006,-14.694451,4671,3.55,2021-11-26 08:40:00,0.0449886279924141,5002.50718945582,"moving",29,-14.69295,145.44156,"run_day_11652_liz21_del_07_29.json","07",11652
145.441648,-14.693672,4672,3.55,2021-11-26 07:14:00,0.0576783610745916,6413.54112866759,"moving",29,-14.69295,145.44156,"run_day_11652_liz21_del_07_29.json","07",11652
145.4418,-14.694183,4672,3.55,2021-11-26 07:26:00,0.0591258530521475,6574.4948929305,"moving",29,-14.69295,145.44156,"run_day_11652_liz21_del_07_29.json","07",11652
145.441962,-14.694671,4672,3.55,2021-11-26 07:38:00,0.0569920721277679,6337.22927956855,"moving",29,-14.69295,145.44156,"run_day_11652_liz21_del_07_29.json","07",11652
145.441478,-14.693332,4673,3.55,2021-11-26 07:35:00,0.0560089651050294,6227.9127662914,"moving",29,-14.69295,145.44156,"run_day_11652_liz21_del_07_29.json","07",11652
145.441608,-14.693852,4673,3.55,2021-11-26 07:47:00,0.0594880058961584,6614.76445185442,"moving",29,-14.69295,145.44156,"run_day_11652_liz21_del_07_29.json","07",11652
145.44177,-14.69438,4673,3.55,2021-11-26 07:59:00,0.0612420017449418,6809.79989159475,"moving",29,-14.69295,145.44156,"run_day_11652_liz21_del_07_29.json","07",11652
145.441464,-14.693549,4674,3.55,2021-11-26 08:09:00,0.0585728102331853,6512.99933724469,"moving",29,-14.69295,145.44156,"run_day_11652_liz21_del_07_29.json","07",11652
145.441599,-14.69407,4674,3.55,2021-11-26 08:21:00,0.0597245540200885,6641.06740314273,"moving",29,-14.69295,145.44156,"run_day_11652_liz21_del_07_29.json","07",11652
145.441769,-14.694582,4674,3.55,2021-11-26 08:33:00,0.0597960417678954,6649.01647801609,"moving",29,-14.69295,145.44156,"run_day_11652_liz21_del_07_29.json","07",11652
145.441616,-14.693561,4675,3.55,2021-11-26 07:57:00,0.0557308643573096,6196.98937404889,"moving",29,-14.69295,145.44156,"run_day_11652_liz21_del_07_29.json","07",11652
145.441738,-14.694067,4675,3.55,2021-11-26 08:09:00,0.0577745514287682,6424.23700804416,"moving",29,-14.69295,145.44156,"run_day_11652_liz21_del_07_29.json","07",11652
145.441888,-14.694539,4675,3.55,2021-11-26 08:21:00,0.0549078085894238,6105.46974831445,"moving",29,-14.69295,145.44156,"run_day_11652_liz21_del_07_29.json","07",11652
145.441526,-14.693593,4676,3.55,2021-11-26 07:16:00,0.0590776328748181,6569.13305384957,"moving",29,-14.69295,145.44156,"run_day_11652_liz21_del_07_29.json","07",11652
145.441686,-14.694124,4676,3.55,2021-11-26 07:28:00,0.0615013383070485,6838.63680159445,"moving",29,-14.69295,145.44156,"run_day_11652_liz21_del_07_29.json","07",11652
145.441864,-14.694647,4676,3.55,2021-11-26 07:40:00,0.0612253335021146,6807.94646755628,"moving",29,-14.69295,145.44156,"run_day_11652_liz21_del_07_29.json","07",11652
145.441677,-14.693244,4677,3.55,2021-11-26 07:17:00,0.0512458538706609,5698.27896198591,"moving",29,-14.69295,145.44156,"run_day_11652_liz21_del_07_29.json","07",11652
145.441772,-14.69371,4677,3.55,2021-11-26 07:29:00,0.0528147056353632,5872.72731887817,"moving",29,-14.69295,145.44156,"run_day_11652_liz21_del_07_29.json","07",11652
145.441899,-14.694157,4677,3.55,2021-11-26 07:41:00,0.0515470035845726,5731.76528233335,"moving",29,-14.69295,145.44156,"run_day_11652_liz21_del_07_29.json","07",11652
145.442036,-14.694602,4677,3.55,2021-11-26 07:53:00,0.0516292197665616,5740.90730465862,"moving",29,-14.69295,145.44156,"run_day_11652_liz21_del_07_29.json","07",11652
145.441624,-14.693253,4678,3.55,2021-11-26 07:40:00,0.0515712123100332,5734.4571697851,"moving",29,-14.69295,145.44156,"run_day_11652_liz21_del_07_29.json","07",11652
145.441722,-14.693744,4678,3.55,2021-11-26 07:52:00,0.0556049244012266,6182.98548987062,"moving",29,-14.69295,145.44156,"run_day_11652_liz21_del_07_29.json","07",11652
145.44185,-14.694216,4678,3.55,2021-11-26 08:04:00,0.0542596866717801,6033.40187922533,"moving",29,-14.69295,145.44156,"run_day_11652_liz21_del_07_29.json","07",11652
145.441996,-14.69466,4678,3.55,2021-11-26 08:16:00,0.0518078168400467,5760.76639314373,"moving",29,-14.69295,145.44156,"run_day_11652_liz21_del_07_29.json","07",11652
145.44155,-14.693255,4679,3.55,2021-11-26 08:02:00,0.05362241435635,5962.54043085847,"moving",29,-14.69295,145.44156,"run_day_11652_liz21_del_07_29.json","07",11652
145.441651,-14.693746,4679,3.55,2021-11-26 08:14:00,0.0556669938422304,6189.88729680991,"moving",29,-14.69295,145.44156,"run_day_11652_liz21_del_07_29.json","07",11652
145.44178,-14.694237,4679,3.55,2021-11-26 08:26:00,0.0563321982837523,6263.85465588858,"moving",29,-14.69295,145.44156,"run_day_11652_liz21_del_07_29.json","07",11652
145.441935,-14.694692,4679,3.55,2021-11-26 08:38:00,0.05326969280572,5923.31958391021,"moving",29,-14.69295,145.44156,"run_day_11652_liz21_del_07_29.json","07",11652
145.441691,-14.693214,4680,3.55,2021-11-26 07:42:00,0.0496633431867778,5522.31180257731,"moving",29,-14.69295,145.44156,"run_day_11652_liz21_del_07_29.json","07",11652
145.441773,-14.693671,4680,3.55,2021-11-26 07:54:00,0.051575798096507,5734.96708597567,"moving",29,-14.69295,145.44156,"run_day_11652_liz21_del_07_29.json","07",11652
145.441881,-14.694099,4680,3.55,2021-11-26 08:06:00,0.048988594208635,5447.28313944923,"moving",29,-14.69295,145.44156,"run_day_11652_liz21_del_07_29.json","07",11652
145.442007,-14.694514,4680,3.55,2021-11-26 08:18:00,0.0480947905317227,5347.89670516032,"moving",29,-14.69295,145.44156,"run_day_11652_liz21_del_07_29.json","07",11652
145.44167,-14.693662,4681,3.55,2021-11-26 07:23:00,0.0562127811311852,6250.57607436877,"moving",29,-14.69295,145.44156,"run_day_11652_liz21_del_07_29.json","07",11652
145.441814,-14.694163,4681,3.55,2021-11-26 07:35:00,0.0578216640179169,6429.47568893859,"moving",29,-14.69295,145.44156,"run_day_11652_liz21_del_07_29.json","07",11652
145.44197,-14.694643,4681,3.55,2021-11-26 07:47:00,0.0559488515414314,6221.22844299677,"moving",29,-14.69295,145.44156,"run_day_11652_liz21_del_07_29.json","07",11652
145.441702,-14.693633,4682,3.55,2021-11-26 07:54:00,0.0546111393151893,6072.48163012825,"moving",29,-14.69295,145.44156,"run_day_11652_liz21_del_07_29.json","07",11652
145.44182,-14.694109,4682,3.55,2021-11-26 08:06:00,0.0544292205239007,6052.25318347564,"moving",29,-14.69295,145.44156,"run_day_11652_liz21_del_07_29.json","07",11652
145.44196,-14.694552,4682,3.55,2021-11-26 08:18:00,0.0515095237120034,5727.59771065238,"moving",29,-14.69295,145.44156,"run_day_11652_liz21_del_07_29.json","07",11652
145.441548,-14.693289,4683,3.55,2021-11-26 08:05:00,0.0539713202823896,6001.33699971029,"moving",29,-14.69295,145.44156,"run_day_11652_liz21_del_07_29.json","07",11652
145.441651,-14.693782,4683,3.55,2021-11-26 08:17:00,0.0559273386606773,6218.83631979941,"moving",29,-14.69295,145.44156,"run_day_11652_liz21_del_07_29.json","07",11652
145.441783,-14.694272,4683,3.55,2021-11-26 08:29:00,0.0563049327901811,6260.822871331,"moving",29,-14.69295,145.44156,"run_day_11652_liz21_del_07_29.json","07",11652
145.441617,-14.693382,4684,3.55,2021-11-26 07:34:00,0.0533592828198522,5933.28153895973,"moving",29,-14.69295,145.44156,"run_day_11652_liz21_del_07_29.json","07",11652
145.441732,-14.693885,4684,3.55,2021-11-26 07:46:00,0.0572824549967538,6369.51838138428,"moving",29,-14.69295,145.44156,"run_day_11652_liz21_del_07_29.json","07",11652
145.441874,-14.694367,4684,3.55,2021-11-26 07:58:00,0.0557296938967898,6196.85922477726,"moving",29,-14.69295,145.44156,"run_day_11652_liz21_del_07_29.json","07",11652
145.441604,-14.693446,4685,3.55,2021-11-26 07:40:00,0.0544915760801194,6059.18680497527,"moving",29,-14.69295,145.44156,"run_day_11652_liz21_del_07_29.json","07",11652
145.441726,-14.693957,4685,3.55,2021-11-26 07:52:00,0.0583161340896481,6484.45825229267,"moving",29,-14.69295,145.44156,"run_day_11652_liz21_del_07_29.json","07",11652
145.441875,-14.694444,4685,3.55,2021-11-26 08:04:00,0.0564736155753943,6279.57954125897,"moving",29,-14.69295,145.44156,"run_day_11652_liz21_del_07_29.json","07",11652
145.4416,-14.693215,4686,3.55,2021-11-26 07:45:00,0.0518331390321074,5763.5820924324,"moving",29,-14.69295,145.44156,"run_day_11652_liz21_del_07_29.json","07",11652
145.441697,-14.693707,4686,3.55,2021-11-26 07:57:00,0.0556938583037062,6192.87448863306,"moving",29,-14.69295,145.44156,"run_day_11652_liz21_del_07_29.json","07",11652
145.441822,-14.694187,4686,3.55,2021-11-26 08:09:00,0.0550408898147375,6120.26770540098,"moving",29,-14.69295,145.44156,"run_day_11652_liz21_del_07_29.json","07",11652
145.441969,-14.694634,4686,3.55,2021-11-26 08:21:00,0.0521583108445963,5799.73954826897,"moving",29,-14.69295,145.44156,"run_day_11652_liz21_del_07_29.json","07",11652
145.441505,-14.693614,4687,3.55,2021-11-26 07:47:00,0.0588653934258815,6545.53310389398,"moving",29,-14.69295,145.44156,"run_day_11652_liz21_del_07_29.json","07",11652
145.441654,-14.694149,4687,3.55,2021-11-26 07:59:00,0.061610175144414,6850.73890574154,"moving",29,-14.69295,145.44156,"run_day_11652_liz21_del_07_29.json","07",11652
145.441833,-14.694667,4687,3.55,2021-11-26 08:11:00,0.0607315007249142,6753.03476812081,"moving",29,-14.69295,145.44156,"run_day_11652_liz21_del_07_29.json","07",11652
145.441584,-14.693285,4688,3.55,2021-11-26 07:52:00,0.0532279054768727,5918.67304494436,"moving",29,-14.69295,145.44156,"run_day_11652_liz21_del_07_29.json","07",11652
145.441686,-14.693782,4688,3.55,2021-11-26 08:04:00,0.0563423311386587,6264.98137794659,"moving",29,-14.69295,145.44156,"run_day_11652_liz21_del_07_29.json","07",11652
145.441817,-14.694265,4688,3.55,2021-11-26 08:16:00,0.0555246751436535,6174.0621795615,"moving",29,-14.69295,145.44156,"run_day_11652_liz21_del_07_29.json","07",11652
145.44174,-14.693347,4689,3.55,2021-11-26 07:48:00,0.0496398601130274,5519.70060391424,"moving",29,-14.69295,145.44156,"run_day_11652_liz21_del_07_29.json","07",11652
145.441821,-14.693772,4689,3.55,2021-11-26 08:00:00,0.0480542070470126,5343.38402755501,"moving",29,-14.69295,145.44156,"run_day_11652_liz21_del_07_29.json","07",11652
145.441927,-14.694172,4689,3.55,2021-11-26 08:12:00,0.0459159734424188,5105.62329874327,"moving",29,-14.69295,145.44156,"run_day_11652_liz21_del_07_29.json","07",11652
145.44205,-14.694573,4689,3.55,2021-11-26 08:24:00,0.0465103969661317,5171.72017885832,"moving",29,-14.69295,145.44156,"run_day_11652_liz21_del_07_29.json","07",11652
145.44152,-14.693632,4690,3.55,2021-11-26 08:09:00,0.0580512660757273,6455.00627291426,"moving",29,-14.69295,145.44156,"run_day_11652_liz21_del_07_29.json","07",11652
145.441656,-14.694148,4690,3.55,2021-11-26 08:21:00,0.0592118939184207,6584.06220074418,"moving",29,-14.69295,145.44156,"run_day_11652_liz21_del_07_29.json","07",11652
145.441826,-14.694647,4690,3.55,2021-11-26 08:33:00,0.058421419389192,6496.1654434522,"moving",29,-14.69295,145.44156,"run_day_11652_liz21_del_07_29.json","07",11652
145.441735,-14.693351,4691,3.55,2021-11-26 07:43:00,0.0500052450538753,5560.32955560885,"moving",29,-14.69295,145.44156,"run_day_11652_liz21_del_07_29.json","07",11652
145.441819,-14.693782,4691,3.55,2021-11-26 07:55:00,0.0487692165139092,5422.88945277673,"moving",29,-14.69295,145.44156,"run_day_11652_liz21_del_07_29.json","07",11652
145.44193,-14.694191,4691,3.55,2021-11-26 08:07:00,0.0470197115208651,5228.3533734109,"moving",29,-14.69295,145.44156,"run_day_11652_liz21_del_07_29.json","07",11652
145.442056,-14.694598,4691,3.55,2021-11-26 08:19:00,0.0472419412653006,5253.06419354165,"moving",29,-14.69295,145.44156,"run_day_11652_liz21_del_07_29.json","07",11652
145.441575,-14.693569,4692,3.55,2021-11-26 07:34:00,0.0565101040485248,6283.63687435209,"moving",29,-14.69295,145.44156,"run_day_11652_liz21_del_07_29.json","07",11652
145.441719,-14.694093,4692,3.55,2021-11-26 07:46:00,0.0602895816652289,6703.89561069626,"moving",29,-14.69295,145.44156,"run_day_11652_liz21_del_07_29.json","07",11652
145.441885,-14.694597,4692,3.55,2021-11-26 07:58:00,0.0588176933276226,6540.22909496715,"moving",29,-14.69295,145.44156,"run_day_11652_liz21_del_07_29.json","07",11652
145.441558,-14.693432,4693,3.55,2021-11-26 07:20:00,0.0559934173167126,6226.18393111003,"moving",29,-14.69295,145.44156,"run_day_11652_liz21_del_07_29.json","07",11652
145.441694,-14.693947,4693,3.55,2021-11-26 07:32:00,0.0591041552584517,6572.08220835215,"moving",29,-14.69295,145.44156,"run_day_11652_liz21_del_07_29.json","07",11652
145.441854,-14.694457,4693,3.55,2021-11-26 07:44:00,0.0592631206064549,6589.75834856239,"moving",29,-14.69295,145.44156,"run_day_11652_liz21_del_07_29.json","07",11652
145.441621,-14.693622,4694,3.55,2021-11-26 08:09:00,0.0554700708419534,6167.99045823949,"moving",29,-14.69295,145.44156,"run_day_11652_liz21_del_07_29.json","07",11652
145.441742,-14.69412,4694,3.55,2021-11-26 08:21:00,0.0568838934737331,6325.20036206864,"moving",29,-14.69295,145.44156,"run_day_11652_liz21_del_07_29.json","07",11652
145.441894,-14.694585,4694,3.55,2021-11-26 08:33:00,0.0542287499450439,6029.96187216527,"moving",29,-14.69295,145.44156,"run_day_11652_liz21_del_07_29.json","07",11652
145.441556,-14.693232,4695,3.55,2021-11-26 07:32:00,0.0528738605299094,5879.30504303791,"moving",29,-14.69295,145.44156,"run_day_11652_liz21_del_07_29.json","07",11652
145.441666,-14.693731,4695,3.55,2021-11-26 07:44:00,0.0567336652522714,6308.49574600327,"moving",29,-14.69295,145.44156,"run_day_11652_liz21_del_07_29.json","07",11652
145.441808,-14.694237,4695,3.55,2021-11-26 07:56:00,0.0583007859667743,6482.75161889558,"moving",29,-14.69295,145.44156,"run_day_11652_liz21_del_07_29.json","07",11652
145.441969,-14.694709,4695,3.55,2021-11-26 08:08:00,0.0552670212050721,6145.41236876126,"moving",29,-14.69295,145.44156,"run_day_11652_liz21_del_07_29.json","07",11652
145.441673,-14.693674,4696,3.55,2021-11-26 07:25:00,0.056104127928492,6238.49438946561,"moving",29,-14.69295,145.44156,"run_day_11652_liz21_del_07_29.json","07",11652
145.441817,-14.694174,4696,3.55,2021-11-26 07:37:00,0.0577145400089078,6417.56404261496,"moving",29,-14.69295,145.44156,"run_day_11652_liz21_del_07_29.json","07",11652
145.441973,-14.694653,4696,3.55,2021-11-26 07:49:00,0.0558427845546983,6209.43433218757,"moving",29,-14.69295,145.44156,"run_day_11652_liz21_del_07_29.json","07",11652
145.441732,-14.693646,4697,3.55,2021-11-26 07:40:00,0.0539749786634143,6001.74379311997,"moving",29,-14.69295,145.44156,"run_day_11652_liz21_del_07_29.json","07",11652
145.441854,-14.694108,4697,3.55,2021-11-26 07:52:00,0.0530214855428805,5895.72019552612,"moving",29,-14.69295,145.44156,"run_day_11652_liz21_del_07_29.json","07",11652
145.441992,-14.694554,4697,3.55,2021-11-26 08:04:00,0.0517665377846006,5756.17637160144,"moving",29,-14.69295,145.44156,"run_day_11652_liz21_del_07_29.json","07",11652
145.441639,-14.693395,4698,3.55,2021-11-26 07:15:00,0.0542290158825276,6029.99144306427,"moving",29,-14.69295,145.44156,"run_day_11652_liz21_del_07_29.json","07",11652
145.44176,-14.693892,4698,3.55,2021-11-26 07:27:00,0.0567756567483285,6313.16498732703,"moving",29,-14.69295,145.44156,"run_day_11652_liz21_del_07_29.json","07",11652
145.441904,-14.694369,4698,3.55,2021-11-26 07:39:00,0.0552551285095825,6144.08996135869,"moving",29,-14.69295,145.44156,"run_day_11652_liz21_del_07_29.json","07",11652
145.441508,-14.693316,4699,3.55,2021-11-26 07:19:00,0.0558220280055619,6207.12630922895,"moving",29,-14.69295,145.44156,"run_day_11652_liz21_del_07_29.json","07",11652
145.441638,-14.693828,4699,3.55,2021-11-26 07:31:00,0.0586237419806334,6518.66268916607,"moving",29,-14.69295,145.44156,"run_day_11652_liz21_del_07_29.json","07",11652
145.441799,-14.69435,4699,3.55,2021-11-26 07:43:00,0.0605718662335841,6735.28422256741,"moving",29,-14.69295,145.44156,"run_day_11652_liz21_del_07_29.json","07",11652
145.441738,-14.693587,4700,3.55,2021-11-26 07:55:00,0.0528909750813585,5881.20809433084,"moving",29,-14.69295,145.44156,"run_day_11652_liz21_del_07_29.json","07",11652
145.441843,-14.694031,4700,3.55,2021-11-26 08:07:00,0.0506457982063878,5631.55581641441,"moving",29,-14.69295,145.44156,"run_day_11652_liz21_del_07_29.json","07",11652
145.441969,-14.694453,4700,3.55,2021-11-26 08:19:00,0.0488421077251027,5430.99458565843,"moving",29,-14.69295,145.44156,"run_day_11652_liz21_del_07_29.json","07",11652
145.441621,-14.693347,4701,3.55,2021-11-26 07:18:00,0.0537080868032776,5972.06677231004,"moving",29,-14.69295,145.44156,"run_day_11652_liz21_del_07_29.json","07",11652
145.441737,-14.693844,4701,3.55,2021-11-26 07:30:00,0.0566547988204414,6299.72619890122,"moving",29,-14.69295,145.44156,"run_day_11652_liz21_del_07_29.json","07",11652
145.441881,-14.694326,4701,3.55,2021-11-26 07:42:00,0.0557890329829946,6203.45743011495,"moving",29,-14.69295,145.44156,"run_day_11652_liz21_del_07_29.json","07",11652
145.441589,-14.693424,4702,3.55,2021-11-26 08:05:00,0.0544243401766289,6051.71051361876,"moving",29,-14.69295,145.44156,"run_day_11652_liz21_del_07_29.json","07",11652
145.441697,-14.693921,4702,3.55,2021-11-26 08:17:00,0.0564715399122793,6279.34873805117,"moving",29,-14.69295,145.44156,"run_day_11652_liz21_del_07_29.json","07",11652
145.441836,-14.694397,4702,3.55,2021-11-26 08:29:00,0.0549997835259426,6115.6968946338,"moving",29,-14.69295,145.44156,"run_day_11652_liz21_del_07_29.json","07",11652
145.441695,-14.693217,4703,3.55,2021-11-26 07:40:00,0.049554052836302,5510.15927007318,"moving",29,-14.69295,145.44156,"run_day_11652_liz21_del_07_29.json","07",11652
145.441776,-14.693672,4703,3.55,2021-11-26 07:52:00,0.0513383358123896,5708.56248471239,"moving",29,-14.69295,145.44156,"run_day_11652_liz21_del_07_29.json","07",11652
145.441885,-14.694098,4703,3.55,2021-11-26 08:04:00,0.0487983047261644,5426.12391440467,"moving",29,-14.69295,145.44156,"run_day_11652_liz21_del_07_29.json","07",11652
145.44201,-14.694513,4703,3.55,2021-11-26 08:16:00,0.0480645932532347,5344.53892099399,"moving",29,-14.69295,145.44156,"run_day_11652_liz21_del_07_29.json","07",11652
145.441488,-14.693292,4704,3.55,2021-11-26 07:31:00,0.0552015746874392,6138.13504803393,"moving",29,-14.69295,145.44156,"run_day_11652_liz21_del_07_29.json","07",11652
145.441614,-14.693807,4704,3.55,2021-11-26 07:43:00,0.0588471846236514,6543.50837746572,"moving",29,-14.69295,145.44156,"run_day_11652_liz21_del_07_29.json","07",11652
145.441772,-14.694333,4704,3.55,2021-11-26 07:55:00,0.0609073962604655,6772.59345929353,"moving",29,-14.69295,145.44156,"run_day_11652_liz21_del_07_29.json","07",11652
145.441664,-14.693237,4705,3.55,2021-11-26 07:47:00,0.0507267570427061,5640.55802828006,"moving",29,-14.69295,145.44156,"run_day_11652_liz21_del_07_29.json","07",11652
145.441751,-14.693712,4705,3.55,2021-11-26 07:59:00,0.0536401181783905,5964.5090060516,"moving",29,-14.69295,145.44156,"run_day_11652_liz21_del_07_29.json","07",11652
145.441865,-14.694154,4705,3.55,2021-11-26 08:11:00,0.050654607216357,5632.53533363175,"moving",29,-14.69295,145.44156,"run_day_11652_liz21_del_07_29.json","07",11652
145.441998,-14.694579,4705,3.55,2021-11-26 08:23:00,0.0493755314414787,5490.30859667133,"moving",29,-14.69295,145.44156,"run_day_11652_liz21_del_07_29.json","07",11652
145.441778,-14.693295,4706,3.55,2021-11-26 07:24:00,0.0461886274487127,5135.94104097246,"moving",29,-14.69295,145.44156,"run_day_11652_liz21_del_07_29.json","07",11652
145.441854,-14.693678,4706,3.55,2021-11-26 07:36:00,0.0433650787564785,4821.97675126214,"moving",29,-14.69295,145.44156,"run_day_11652_liz21_del_07_29.json","07",11652
145.441957,-14.69406,4706,3.55,2021-11-26 07:48:00,0.0438974151860515,4881.16986149873,"moving",29,-14.69295,145.44156,"run_day_11652_liz21_del_07_29.json","07",11652
145.442069,-14.694457,4706,3.55,2021-11-26 08:00:00,0.0457585524633519,5088.1188845236,"moving",29,-14.69295,145.44156,"run_day_11652_liz21_del_07_29.json","07",11652
145.441463,-14.693412,4707,3.55,2021-11-26 07:56:00,0.0576263788378755,6407.76096766911,"moving",29,-14.69295,145.44156,"run_day_11652_liz21_del_07_29.json","07",11652
145.441592,-14.693934,4707,3.55,2021-11-26 08:08:00,0.0596790885111698,6636.01186921366,"moving",29,-14.69295,145.44156,"run_day_11652_liz21_del_07_29.json","07",11652
145.441753,-14.694451,4707,3.55,2021-11-26 08:20:00,0.060039304589377,6676.0660696061,"moving",29,-14.69295,145.44156,"run_day_11652_liz21_del_07_29.json","07",11652
145.4417,-14.693561,4708,3.55,2021-11-26 07:32:00,0.0537969017133594,5981.94253972154,"moving",29,-14.69295,145.44156,"run_day_11652_liz21_del_07_29.json","07",11652
145.441823,-14.694039,4708,3.55,2021-11-26 07:44:00,0.0547729098434571,6090.46969215225,"moving",29,-14.69295,145.44156,"run_day_11652_liz21_del_07_29.json","07",11652
145.441963,-14.694496,4708,3.55,2021-11-26 07:56:00,0.0530002027481773,5893.35365673031,"moving",29,-14.69295,145.44156,"run_day_11652_liz21_del_07_29.json","07",11652
145.441489,-14.693445,4709,3.55,2021-11-26 07:35:00,0.057139582606371,6353.63169641613,"moving",29,-14.69295,145.44156,"run_day_11652_liz21_del_07_29.json","07",11652
145.441629,-14.693972,4709,3.55,2021-11-26 07:47:00,0.0605035242145619,6727.68493677549,"moving",29,-14.69295,145.44156,"run_day_11652_liz21_del_07_29.json","07",11652
145.441799,-14.6945,4709,3.55,2021-11-26 07:59:00,0.0614923493892686,6837.63727954129,"moving",29,-14.69295,145.44156,"run_day_11652_liz21_del_07_29.json","07",11652
145.441666,-14.693476,4710,3.55,2021-11-26 07:56:00,0.0535179769197102,5950.92751775236,"moving",29,-14.69295,145.44156,"run_day_11652_liz21_del_07_29.json","07",11652
145.441772,-14.693961,4710,3.55,2021-11-26 08:08:00,0.055121522722718,6129.233675689,"moving",29,-14.69295,145.44156,"run_day_11652_liz21_del_07_29.json","07",11652
145.441904,-14.694409,4710,3.55,2021-11-26 08:20:00,0.0517990418916027,5759.79066339519,"moving",29,-14.69295,145.44156,"run_day_11652_liz21_del_07_29.json","07",11652
145.441607,-14.69323,4711,3.55,2021-11-26 07:35:00,0.0516381310838288,5741.89819792846,"moving",29,-14.69295,145.44156,"run_day_11652_liz21_del_07_29.json","07",11652
145.441708,-14.693721,4711,3.55,2021-11-26 07:47:00,0.0556669940847927,6189.88732378161,"moving",29,-14.69295,145.44156,"run_day_11652_liz21_del_07_29.json","07",11652
145.441839,-14.694203,4711,3.55,2021-11-26 07:59:00,0.0554171282256581,6162.10350790416,"moving",29,-14.69295,145.44156,"run_day_11652_liz21_del_07_29.json","07",11652
145.441989,-14.694657,4711,3.55,2021-11-26 08:11:00,0.0529979131086394,5893.09906042985,"moving",29,-14.69295,145.44156,"run_day_11652_liz21_del_07_29.json","07",11652
145.44168,-14.693414,4712,3.55,2021-11-26 07:19:00,0.0531838109899492,5913.76996170548,"moving",29,-14.69295,145.44156,"run_day_11652_liz21_del_07_29.json","07",11652
145.441794,-14.693892,4712,3.55,2021-11-26 07:31:00,0.0545471871086323,6065.37046921139,"moving",29,-14.69295,145.44156,"run_day_11652_liz21_del_07_29.json","07",11652
145.44193,-14.694352,4712,3.55,2021-11-26 07:43:00,0.0532002265612936,5915.59528995695,"moving",29,-14.69295,145.44156,"run_day_11652_liz21_del_07_29.json","07",11652
145.441714,-14.693424,4713,3.55,2021-11-26 07:23:00,0.0520377292804116,5786.33149008477,"moving",29,-14.69295,145.44156,"run_day_11652_liz21_del_07_29.json","07",11652
145.441821,-14.69388,4713,3.55,2021-11-26 07:35:00,0.051994584335522,5781.53399110269,"moving",29,-14.69295,145.44156,"run_day_11652_liz21_del_07_29.json","07",11652
145.441949,-14.694321,4713,3.55,2021-11-26 07:47:00,0.0509329586248563,5663.48659808124,"moving",29,-14.69295,145.44156,"run_day_11652_liz21_del_07_29.json","07",11652
145.441686,-14.693549,4714,3.55,2021-11-26 07:17:00,0.054903806653272,6105.02475331762,"moving",29,-14.69295,145.44156,"run_day_11652_liz21_del_07_29.json","07",11652
145.441818,-14.694034,4714,3.55,2021-11-26 07:29:00,0.055767103847441,6201.0190214957,"moving",29,-14.69295,145.44156,"run_day_11652_liz21_del_07_29.json","07",11652
145.44196,-14.694504,4714,3.55,2021-11-26 07:41:00,0.054447668264069,6054.30447859042,"moving",29,-14.69295,145.44156,"run_day_11652_liz21_del_07_29.json","07",11652
145.441745,-14.693355,4715,3.55,2021-11-26 08:01:00,0.0492572339256273,5477.154513074,"moving",29,-14.69295,145.44156,"run_day_11652_liz21_del_07_29.json","07",11652
145.441822,-14.693768,4715,3.55,2021-11-26 08:13:00,0.0466643311578503,5188.83688001456,"moving",29,-14.69295,145.44156,"run_day_11652_liz21_del_07_29.json","07",11652
145.441922,-14.694158,4715,3.55,2021-11-26 08:25:00,0.0446799682148353,4968.18578812983,"moving",29,-14.69295,145.44156,"run_day_11652_liz21_del_07_29.json","07",11652
145.442042,-14.694549,4715,3.55,2021-11-26 08:37:00,0.0453525975096201,5042.97875322241,"moving",29,-14.69295,145.44156,"run_day_11652_liz21_del_07_29.json","07",11652
145.441743,-14.693307,4716,3.55,2021-11-26 07:36:00,0.0488914485248205,5436.48103226363,"moving",29,-14.69295,145.44156,"run_day_11652_liz21_del_07_29.json","07",11652
145.441824,-14.693726,4716,3.55,2021-11-26 07:48:00,0.0473982485992525,5270.44477607444,"moving",29,-14.69295,145.44156,"run_day_11652_liz21_del_07_29.json","07",11652
145.441931,-14.694129,4716,3.55,2021-11-26 08:00:00,0.0462658237463277,5144.52487762299,"moving",29,-14.69295,145.44156,"run_day_11652_liz21_del_07_29.json","07",11652
145.442052,-14.694534,4716,3.55,2021-11-26 08:12:00,0.0468767969197604,5212.46199482463,"moving",29,-14.69295,145.44156,"run_day_11652_liz21_del_07_29.json","07",11652
145.441649,-14.693498,4717,3.55,2021-11-26 08:05:00,0.0538857925860321,5991.82675378775,"moving",29,-14.69295,145.44156,"run_day_11652_liz21_del_07_29.json","07",11652
145.441755,-14.693985,4717,3.55,2021-11-26 08:17:00,0.0553391223446431,6153.42964968686,"moving",29,-14.69295,145.44156,"run_day_11652_liz21_del_07_29.json","07",11652
145.44189,-14.694436,4717,3.55,2021-11-26 08:29:00,0.052208752236991,5805.34837519616,"moving",29,-14.69295,145.44156,"run_day_11652_liz21_del_07_29.json","07",11652
145.441781,-14.693496,4718,3.55,2021-11-26 07:30:00,0.0480876026132605,5347.09744509419,"moving",29,-14.69295,145.44156,"run_day_11652_liz21_del_07_29.json","07",11652
145.44188,-14.693905,4718,3.55,2021-11-26 07:42:00,0.0467086743768844,5193.76762100224,"moving",29,-14.69295,145.44156,"run_day_11652_liz21_del_07_29.json","07",11652
145.441996,-14.694312,4718,3.55,2021-11-26 07:54:00,0.0469447025501961,5220.01275641969,"moving",29,-14.69295,145.44156,"run_day_11652_liz21_del_07_29.json","07",11652
145.441564,-14.69323,4719,3.55,2021-11-26 07:20:00,0.0533070386742935,5927.47225502672,"moving",29,-14.69295,145.44156,"run_day_11652_liz21_del_07_29.json","07",11652
145.441677,-14.693725,4719,3.55,2021-11-26 07:32:00,0.0563674358071441,6267.77288971726,"moving",29,-14.69295,145.44156,"run_day_11652_liz21_del_07_29.json","07",11652
145.441822,-14.694227,4719,3.55,2021-11-26 07:44:00,0.0579576523896726,6444.59690596048,"moving",29,-14.69295,145.44156,"run_day_11652_liz21_del_07_29.json","07",11652
145.441983,-14.694703,4719,3.55,2021-11-26 07:56:00,0.0556895782427793,6192.39856757226,"moving",29,-14.69295,145.44156,"run_day_11652_liz21_del_07_29.json","07",11652
145.44162,-14.693508,4720,3.55,2021-11-26 07:18:00,0.0556927842855609,6192.75506326418,"moving",29,-14.69295,145.44156,"run_day_11652_liz21_del_07_29.json","07",11652
145.441758,-14.694017,4720,3.55,2021-11-26 07:30:00,0.0585121730482736,6506.25678991651,"moving",29,-14.69295,145.44156,"run_day_11652_liz21_del_07_29.json","07",11652
145.44191,-14.694508,4720,3.55,2021-11-26 07:42:00,0.0569919720031265,6337.21814621639,"moving",29,-14.69295,145.44156,"run_day_11652_liz21_del_07_29.json","07",11652
145.441514,-14.693443,4721,3.55,2021-11-26 07:48:00,0.056692233728685,6303.88877077731,"moving",29,-14.69295,145.44156,"run_day_11652_liz21_del_07_29.json","07",11652
145.441643,-14.693965,4721,3.55,2021-11-26 08:00:00,0.0596790880527783,6636.01181824284,"moving",29,-14.69295,145.44156,"run_day_11652_liz21_del_07_29.json","07",11652
145.441804,-14.694477,4721,3.55,2021-11-26 08:12:00,0.0595071729589661,6616.8957319973,"moving",29,-14.69295,145.44156,"run_day_11652_liz21_del_07_29.json","07",11652
145.441671,-14.693579,4722,3.55,2021-11-26 07:27:00,0.054728970285356,6085.5838362124,"moving",29,-14.69295,145.44156,"run_day_11652_liz21_del_07_29.json","07",11652
145.441805,-14.694075,4722,3.55,2021-11-26 07:39:00,0.057004804091295,6338.64500931899,"moving",29,-14.69295,145.44156,"run_day_11652_liz21_del_07_29.json","07",11652
145.441953,-14.694548,4722,3.55,2021-11-26 07:51:00,0.05495140335431,6110.31726499806,"moving",29,-14.69295,145.44156,"run_day_11652_liz21_del_07_29.json","07",11652
145.441712,-14.69361,4723,3.55,2021-11-26 08:03:00,0.0538405293558118,5986.7937122237,"moving",29,-14.69295,145.44156,"run_day_11652_liz21_del_07_29.json","07",11652
145.44182,-14.694068,4723,3.55,2021-11-26 08:15:00,0.0522352929036025,5808.29956267312,"moving",29,-14.69295,145.44156,"run_day_11652_liz21_del_07_29.json","07",11652
145.441952,-14.694499,4723,3.55,2021-11-26 08:27:00,0.0499838038683549,5557.94540455774,"moving",29,-14.69295,145.44156,"run_day_11652_liz21_del_07_29.json","07",11652
145.441585,-14.693475,4724,3.55,2021-11-26 07:19:00,0.0560282665604083,6230.05899020639,"moving",29,-14.69295,145.44156,"run_day_11652_liz21_del_07_29.json","07",11652
145.441723,-14.693989,4724,3.55,2021-11-26 07:31:00,0.0590501304887747,6566.07492805092,"moving",29,-14.69295,145.44156,"run_day_11652_liz21_del_07_29.json","07",11652
145.441881,-14.69449,4724,3.55,2021-11-26 07:43:00,0.0582430834342694,6476.33539002649,"moving",29,-14.69295,145.44156,"run_day_11652_liz21_del_07_29.json","07",11652
145.441675,-14.693461,4725,3.55,2021-11-26 07:42:00,0.0531010863960561,5904.57140655584,"moving",29,-14.69295,145.44156,"run_day_11652_liz21_del_07_29.json","07",11652
145.441786,-14.693947,4725,3.55,2021-11-26 07:54:00,0.0553438359865148,6153.953782749,"moving",29,-14.69295,145.44156,"run_day_11652_liz21_del_07_29.json","07",11652
145.44192,-14.694402,4725,3.55,2021-11-26 08:06:00,0.0526065599604618,5849.58257582613,"moving",29,-14.69295,145.44156,"run_day_11652_liz21_del_07_29.json","07",11652
145.441558,-14.693198,4726,3.55,2021-11-26 07:58:00,0.052684477289033,5858.24658746095,"moving",29,-14.69295,145.44156,"run_day_11652_liz21_del_07_29.json","07",11652
145.441657,-14.693688,4726,3.55,2021-11-26 08:10:00,0.0555162799887836,6173.12868093157,"moving",29,-14.69295,145.44156,"run_day_11652_liz21_del_07_29.json","07",11652
145.44178,-14.694176,4726,3.55,2021-11-26 08:22:00,0.0558525799976358,6210.52353574646,"moving",29,-14.69295,145.44156,"run_day_11652_liz21_del_07_29.json","07",11652
145.441929,-14.694629,4726,3.55,2021-11-26 08:34:00,0.0528592979411631,5877.68575705051,"moving",29,-14.69295,145.44156,"run_day_11652_liz21_del_07_29.json","07",11652
145.441682,-14.693519,4727,3.55,2021-11-26 07:32:00,0.0536200184194947,5962.2740148356,"moving",29,-14.69295,145.44156,"run_day_11652_liz21_del_07_29.json","07",11652
145.441803,-14.694005,4727,3.55,2021-11-26 07:44:00,0.0555857869696756,6180.85750457314,"moving",29,-14.69295,145.44156,"run_day_11652_liz21_del_07_29.json","07",11652
145.441943,-14.694466,4727,3.55,2021-11-26 07:56:00,0.0534268032963813,5940.78947339438,"moving",29,-14.69295,145.44156,"run_day_11652_liz21_del_07_29.json","07",11652
145.441533,-14.693413,4728,3.55,2021-11-26 08:04:00,0.0557397118032315,6197.97316514917,"moving",29,-14.69295,145.44156,"run_day_11652_liz21_del_07_29.json","07",11652
145.441647,-14.693918,4728,3.55,2021-11-26 08:16:00,0.0574765761107035,6391.10366441008,"moving",29,-14.69295,145.44156,"run_day_11652_liz21_del_07_29.json","07",11652
145.441796,-14.694414,4728,3.55,2021-11-26 08:28:00,0.0574339307636415,6386.36171817179,"moving",29,-14.69295,145.44156,"run_day_11652_liz21_del_07_29.json","07",11652
145.441595,-14.693219,4729,3.55,2021-11-26 07:56:00,0.0521374349984373,5797.41826008668,"moving",29,-14.69295,145.44156,"run_day_11652_liz21_del_07_29.json","07",11652
145.441689,-14.693706,4729,3.55,2021-11-26 08:08:00,0.0550876901590415,6125.4716662528,"moving",29,-14.69295,145.44156,"run_day_11652_liz21_del_07_29.json","07",11652
145.44181,-14.694181,4729,3.55,2021-11-26 08:20:00,0.0543973923320533,6048.71405001795,"moving",29,-14.69295,145.44156,"run_day_11652_liz21_del_07_29.json","07",11652
145.441955,-14.694624,4729,3.55,2021-11-26 08:32:00,0.0516692976674101,5745.36376390354,"moving",29,-14.69295,145.44156,"run_day_11652_liz21_del_07_29.json","07",11652
145.441753,-14.693536,4730,3.55,2021-11-26 07:22:00,0.0517413991109651,5753.38107863061,"moving",29,-14.69295,145.44156,"run_day_11652_liz21_del_07_29.json","07",11652
145.441867,-14.693972,4730,3.55,2021-11-26 07:34:00,0.0500075422761483,5560.58499507098,"moving",29,-14.69295,145.44156,"run_day_11652_liz21_del_07_29.json","07",11652
145.441993,-14.694409,4730,3.55,2021-11-26 07:46:00,0.0504466622288261,5609.41290599715,"moving",29,-14.69295,145.44156,"run_day_11652_liz21_del_07_29.json","07",11652
145.441627,-14.693301,4731,3.55,2021-11-26 08:01:00,0.0522693498631234,5812.08652378878,"moving",29,-14.69295,145.44156,"run_day_11652_liz21_del_07_29.json","07",11652
145.44172,-14.693785,4731,3.55,2021-11-26 08:13:00,0.0547400486161627,6086.81569039379,"moving",29,-14.69295,145.44156,"run_day_11652_liz21_del_07_29.json","07",11652
145.441841,-14.694243,4731,3.55,2021-11-26 08:25:00,0.0525639214211562,5844.84138657581,"moving",29,-14.69295,145.44156,"run_day_11652_liz21_del_07_29.json","07",11652
145.441986,-14.694677,4731,3.55,2021-11-26 08:37:00,0.0507161185531209,5639.37508221102,"moving",29,-14.69295,145.44156,"run_day_11652_liz21_del_07_29.json","07",11652
145.441699,-14.693521,4732,3.55,2021-11-26 07:18:00,0.054165474964,6022.92601528967,"moving",29,-14.69295,145.44156,"run_day_11652_liz21_del_07_29.json","07",11652
145.441824,-14.693996,4732,3.55,2021-11-26 07:30:00,0.0545019290949768,6060.33800770289,"moving",29,-14.69295,145.44156,"run_day_11652_liz21_del_07_29.json","07",11652
145.441961,-14.694458,4732,3.55,2021-11-26 07:42:00,0.0534436334757504,5942.66090395475,"moving",29,-14.69295,145.44156,"run_day_11652_liz21_del_07_29.json","07",11652
145.441638,-14.693468,4733,3.55,2021-11-26 07:25:00,0.054229015096749,6029.99135568967,"moving",29,-14.69295,145.44156,"run_day_11652_liz21_del_07_29.json","07",11652
145.441765,-14.693969,4733,3.55,2021-11-26 07:37:00,0.057358938194507,6378.02292494799,"moving",29,-14.69295,145.44156,"run_day_11652_liz21_del_07_29.json","07",11652
145.441911,-14.694449,4733,3.55,2021-11-26 07:49:00,0.0556357517020345,6186.41332932261,"moving",29,-14.69295,145.44156,"run_day_11652_liz21_del_07_29.json","07",11652
145.441691,-14.693601,4734,3.55,2021-11-26 07:11:00,0.0561666631000729,6245.44798328225,"moving",29,-14.69295,145.44156,"run_day_11652_liz21_del_07_29.json","07",11652
145.44183,-14.69409,4734,3.55,2021-11-26 07:23:00,0.0563922611697094,6270.53334408664,"moving",29,-14.69295,145.44156,"run_day_11652_liz21_del_07_29.json","07",11652
145.441975,-14.694562,4734,3.55,2021-11-26 07:35:00,0.0547522008968801,6088.16696235673,"moving",29,-14.69295,145.44156,"run_day_11652_liz21_del_07_29.json","07",11652
145.4416,-14.693668,4735,3.55,2021-11-26 07:52:00,0.0573679488413368,6379.02486316124,"moving",29,-14.69295,145.44156,"run_day_11652_liz21_del_07_29.json","07",11652
145.44174,-14.694188,4735,3.55,2021-11-26 08:04:00,0.0597499618934109,6643.89262975301,"moving",29,-14.69295,145.44156,"run_day_11652_liz21_del_07_29.json","07",11652
145.441905,-14.694672,4735,3.55,2021-11-26 08:16:00,0.0566689752221535,6301.30254284968,"moving",29,-14.69295,145.44156,"run_day_11652_liz21_del_07_29.json","07",11652
145.441662,-14.693203,4736,3.55,2021-11-26 08:09:00,0.0496436554303513,5520.12262394566,"moving",29,-14.69295,145.44156,"run_day_11652_liz21_del_07_29.json","07",11652
145.441741,-14.693663,4736,3.55,2021-11-26 08:21:00,0.0518506454364427,5765.52871577827,"moving",29,-14.69295,145.44156,"run_day_11652_liz21_del_07_29.json","07",11652
145.441843,-14.694095,4736,3.55,2021-11-26 08:33:00,0.0492731055930067,5478.91936196398,"moving",29,-14.69295,145.44156,"run_day_11652_liz21_del_07_29.json","07",11652
145.441971,-14.694509,4736,3.55,2021-11-26 08:45:00,0.0480493058097736,5342.83903483974,"moving",29,-14.69295,145.44156,"run_day_11652_liz21_del_07_29.json","07",11652
145.441611,-14.693519,4737,3.55,2021-11-26 07:25:00,0.0553671436243891,6156.54547383269,"moving",29,-14.69295,145.44156,"run_day_11652_liz21_del_07_29.json","07",11652
145.441749,-14.694031,4737,3.55,2021-11-26 07:37:00,0.0588349067849112,6542.14314408765,"moving",29,-14.69295,145.44156,"run_day_11652_liz21_del_07_29.json","07",11652
145.441904,-14.694524,4737,3.55,2021-11-26 07:49:00,0.0572981030441578,6371.2583648675,"moving",29,-14.69295,145.44156,"run_day_11652_liz21_del_07_29.json","07",11652
145.441546,-14.693409,4738,3.55,2021-11-26 07:54:00,0.0556312461139492,6185.91233078597,"moving",29,-14.69295,145.44156,"run_day_11652_liz21_del_07_29.json","07",11652
145.441663,-14.69392,4738,3.55,2021-11-26 08:06:00,0.0581974813019441,6471.26466426775,"moving",29,-14.69295,145.44156,"run_day_11652_liz21_del_07_29.json","07",11652
145.441813,-14.694418,4738,3.55,2021-11-26 08:18:00,0.0576775147231738,6413.44701868376,"moving",29,-14.69295,145.44156,"run_day_11652_liz21_del_07_29.json","07",11652
145.441513,-14.693498,4739,3.55,2021-11-26 07:49:00,0.0573911025875649,6381.59944227462,"moving",29,-14.69295,145.44156,"run_day_11652_liz21_del_07_29.json","07",11652
145.441647,-14.694024,4739,3.55,2021-11-26 08:01:00,0.0602381740439861,6698.17934402319,"moving",29,-14.69295,145.44156,"run_day_11652_liz21_del_07_29.json","07",11652
145.441813,-14.694536,4739,3.55,2021-11-26 08:13:00,0.059665889448194,6634.54420037428,"moving",29,-14.69295,145.44156,"run_day_11652_liz21_del_07_29.json","07",11652
145.441553,-14.693255,4740,3.55,2021-11-26 07:59:00,0.0535138160047952,5950.46484512362,"moving",29,-14.69295,145.44156,"run_day_11652_liz21_del_07_29.json","07",11652
145.441655,-14.693749,4740,3.55,2021-11-26 08:11:00,0.056015169499949,6228.60266352935,"moving",29,-14.69295,145.44156,"run_day_11652_liz21_del_07_29.json","07",11652
145.441785,-14.69424,4740,3.55,2021-11-26 08:23:00,0.0563587869822533,6266.81118426797,"moving",29,-14.69295,145.44156,"run_day_11652_liz21_del_07_29.json","07",11652
145.44194,-14.694695,4740,3.55,2021-11-26 08:35:00,0.0532696927329334,5923.31957581671,"moving",29,-14.69295,145.44156,"run_day_11652_liz21_del_07_29.json","07",11652
145.441709,-14.693144,4741,3.55,2021-11-26 08:02:00,0.0481787760847728,5357.23547257093,"moving",29,-14.69295,145.44156,"run_day_11652_liz21_del_07_29.json","07",11652
145.441779,-14.693569,4741,3.55,2021-11-26 08:14:00,0.0478538516137904,5321.10551985502,"moving",29,-14.69295,145.44156,"run_day_11652_liz21_del_07_29.json","07",11652
145.441866,-14.693966,4741,3.55,2021-11-26 08:26:00,0.0451252813617601,5017.70235083599,"moving",29,-14.69295,145.44156,"run_day_11652_liz21_del_07_29.json","07",11652
145.441976,-14.694353,4741,3.55,2021-11-26 08:38:00,0.0446292787804358,4962.54938019012,"moving",29,-14.69295,145.44156,"run_day_11652_liz21_del_07_29.json","07",11652
145.441648,-14.693243,4742,3.55,2021-11-26 07:44:00,0.0510277602940037,5674.02806272787,"moving",29,-14.69295,145.44156,"run_day_11652_liz21_del_07_29.json","07",11652
145.441739,-14.693726,4742,3.55,2021-11-26 07:56:00,0.054591751748094,6070.32583102727,"moving",29,-14.69295,145.44156,"run_day_11652_liz21_del_07_29.json","07",11652
145.441859,-14.694181,4742,3.55,2021-11-26 08:08:00,0.0522140977528878,5805.94276944418,"moving",29,-14.69295,145.44156,"run_day_11652_liz21_del_07_29.json","07",11652
145.441998,-14.694614,4742,3.55,2021-11-26 08:20:00,0.0504151946155248,5605.91386704444,"moving",29,-14.69295,145.44156,"run_day_11652_liz21_del_07_29.json","07",11652
145.441476,-14.69334,4743,3.55,2021-11-26 07:35:00,0.0562510896780836,6254.83579043101,"moving",29,-14.69295,145.44156,"run_day_11652_liz21_del_07_29.json","07",11652
145.441607,-14.69386,4743,3.55,2021-11-26 07:47:00,0.0595133790963426,6617.58582298763,"moving",29,-14.69295,145.44156,"run_day_11652_liz21_del_07_29.json","07",11652
145.44177,-14.69439,4743,3.55,2021-11-26 07:59:00,0.0614858152951819,6836.91072142864,"moving",29,-14.69295,145.44156,"run_day_11652_liz21_del_07_29.json","07",11652
145.441639,-14.693401,4744,3.55,2021-11-26 07:21:00,0.0537715898791391,5979.12799217217,"moving",29,-14.69295,145.44156,"run_day_11652_liz21_del_07_29.json","07",11652
145.441758,-14.693896,4744,3.55,2021-11-26 07:33:00,0.0565100997091893,6283.63639184,"moving",29,-14.69295,145.44156,"run_day_11652_liz21_del_07_29.json","07",11652
145.441901,-14.694373,4744,3.55,2021-11-26 07:45:00,0.0552250756873138,6140.74823999106,"moving",29,-14.69295,145.44156,"run_day_11652_liz21_del_07_29.json","07",11652
145.44161,-14.693396,4745,3.55,2021-11-26 07:36:00,0.053731021737306,5974.61702061693,"moving",29,-14.69295,145.44156,"run_day_11652_liz21_del_07_29.json","07",11652
145.441726,-14.693902,4745,3.55,2021-11-26 07:48:00,0.0576314045894607,6408.31980574797,"moving",29,-14.69295,145.44156,"run_day_11652_liz21_del_07_29.json","07",11652
145.441871,-14.694387,4745,3.55,2021-11-26 08:00:00,0.0561393650585535,6242.41257955796,"moving",29,-14.69295,145.44156,"run_day_11652_liz21_del_07_29.json","07",11652
145.441775,-14.693472,4746,3.55,2021-11-26 07:25:00,0.0486724572886017,5412.13031781648,"moving",29,-14.69295,145.44156,"run_day_11652_liz21_del_07_29.json","07",11652
145.441874,-14.693882,4746,3.55,2021-11-26 07:37:00,0.0468169484024747,5205.80714333526,"moving",29,-14.69295,145.44156,"run_day_11652_liz21_del_07_29.json","07",11652
145.441991,-14.694293,4746,3.55,2021-11-26 07:49:00,0.0474020746047451,5270.87020847453,"moving",29,-14.69295,145.44156,"run_day_11652_liz21_del_07_29.json","07",11652
145.441614,-14.693656,4747,3.55,2021-11-26 07:29:00,0.0569676854600065,6334.51760583571,"moving",29,-14.69295,145.44156,"run_day_11652_liz21_del_07_29.json","07",11652
145.441764,-14.694176,4747,3.55,2021-11-26 07:41:00,0.0600300544114627,6675.03749675146,"moving",29,-14.69295,145.44156,"run_day_11652_liz21_del_07_29.json","07",11652
145.441931,-14.694671,4747,3.55,2021-11-26 07:53:00,0.0578982355385402,6437.99005355736,"moving",29,-14.69295,145.44156,"run_day_11652_liz21_del_07_29.json","07",11652
145.441572,-14.693632,4748,3.55,2021-11-26 08:06:00,0.0571049515643776,6349.78090024205,"moving",29,-14.69295,145.44156,"run_day_11652_liz21_del_07_29.json","07",11652
145.441702,-14.694142,4748,3.55,2021-11-26 08:18:00,0.0584077897788748,6494.64989993279,"moving",29,-14.69295,145.44156,"run_day_11652_liz21_del_07_29.json","07",11652
145.441864,-14.694626,4748,3.55,2021-11-26 08:30:00,0.0565687542828211,6290.15848285236,"moving",29,-14.69295,145.44156,"run_day_11652_liz21_del_07_29.json","07",11652
145.441653,-14.693278,4749,3.55,2021-11-26 07:33:00,0.0512008992490848,5693.28023613743,"moving",29,-14.69295,145.44156,"run_day_11652_liz21_del_07_29.json","07",11652
145.44175,-14.693762,4749,3.55,2021-11-26 07:45:00,0.0548202995990842,6095.7391925529,"moving",29,-14.69295,145.44156,"run_day_11652_liz21_del_07_29.json","07",11652
145.441878,-14.694221,4749,3.55,2021-11-26 07:57:00,0.0528627308520152,5878.06747932088,"moving",29,-14.69295,145.44156,"run_day_11652_liz21_del_07_29.json","07",11652
145.442023,-14.694664,4749,3.55,2021-11-26 08:09:00,0.0516692968055694,5745.36366807122,"moving",29,-14.69295,145.44156,"run_day_11652_liz21_del_07_29.json","07",11652
145.441588,-14.693247,4750,3.55,2021-11-26 07:46:00,0.0525530431567773,5843.63177876618,"moving",29,-14.69295,145.44156,"run_day_11652_liz21_del_07_29.json","07",11652
145.441689,-14.693743,4750,3.55,2021-11-26 07:58:00,0.0562123837571936,6250.53188839692,"moving",29,-14.69295,145.44156,"run_day_11652_liz21_del_07_29.json","07",11652
145.441819,-14.694229,4750,3.55,2021-11-26 08:10:00,0.0558203656617788,6206.94146503394,"moving",29,-14.69295,145.44156,"run_day_11652_liz21_del_07_29.json","07",11652
145.441971,-14.694681,4750,3.55,2021-11-26 08:22:00,0.0528522668377869,5876.90393402636,"moving",29,-14.69295,145.44156,"run_day_11652_liz21_del_07_29.json","07",11652
145.441622,-14.693186,4751,3.55,2021-11-26 08:06:00,0.0506795793757405,5635.31211106256,"moving",29,-14.69295,145.44156,"run_day_11652_liz21_del_07_29.json","07",11652
145.441707,-14.693658,4751,3.55,2021-11-26 08:18:00,0.0532743430972333,5923.83667273391,"moving",29,-14.69295,145.44156,"run_day_11652_liz21_del_07_29.json","07",11652
145.441816,-14.694115,4751,3.55,2021-11-26 08:30:00,0.0521509620876418,5798.92240377849,"moving",29,-14.69295,145.44156,"run_day_11652_liz21_del_07_29.json","07",11652
145.441951,-14.694545,4751,3.55,2021-11-26 08:42:00,0.0499700054886096,5556.41109473414,"moving",29,-14.69295,145.44156,"run_day_11652_liz21_del_07_29.json","07",11652
145.441667,-14.693557,4752,3.55,2021-11-26 07:14:00,0.055643667604818,6187.29353755194,"moving",29,-14.69295,145.44156,"run_day_11652_liz21_del_07_29.json","07",11652
145.441805,-14.694054,4752,3.55,2021-11-26 07:26:00,0.0572224810464598,6362.84958238075,"moving",29,-14.69295,145.44156,"run_day_11652_liz21_del_07_29.json","07",11652
145.441952,-14.694531,4752,3.55,2021-11-26 07:38:00,0.0553464396399532,6154.2432958021,"moving",29,-14.69295,145.44156,"run_day_11652_liz21_del_07_29.json","07",11652
145.441481,-14.693345,4753,3.55,2021-11-26 07:24:00,0.0565201793792837,6284.75720001675,"moving",29,-14.69295,145.44156,"run_day_11652_liz21_del_07_29.json","07",11652
145.441617,-14.693863,4753,3.55,2021-11-26 07:36:00,0.0594274207599131,6608.02769207386,"moving",29,-14.69295,145.44156,"run_day_11652_liz21_del_07_29.json","07",11652
145.441782,-14.694393,4753,3.55,2021-11-26 07:48:00,0.0615474985591013,6843.76958743535,"moving",29,-14.69295,145.44156,"run_day_11652_liz21_del_07_29.json","07",11652
145.441543,-14.693632,4754,3.55,2021-11-26 07:59:00,0.0581836473338128,6469.72639719619,"moving",29,-14.69295,145.44156,"run_day_11652_liz21_del_07_29.json","07",11652
145.441681,-14.694153,4754,3.55,2021-11-26 08:11:00,0.0598038211606617,6649.88150702409,"moving",29,-14.69295,145.44156,"run_day_11652_liz21_del_07_29.json","07",11652
145.44185,-14.694651,4754,3.55,2021-11-26 08:23:00,0.0582821860606562,6480.68340369919,"moving",29,-14.69295,145.44156,"run_day_11652_liz21_del_07_29.json","07",11652
145.44167,-14.693629,4755,3.55,2021-11-26 07:28:00,0.055339126171744,6153.43007524105,"moving",29,-14.69295,145.44156,"run_day_11652_liz21_del_07_29.json","07",11652
145.441809,-14.694128,4755,3.55,2021-11-26 07:40:00,0.05746517599398,6389.83602926726,"moving",29,-14.69295,145.44156,"run_day_11652_liz21_del_07_29.json","07",11652
145.441961,-14.694603,4755,3.55,2021-11-26 07:52:00,0.0552899793714873,6147.9652003917,"moving",29,-14.69295,145.44156,"run_day_11652_liz21_del_07_29.json","07",11652
145.441533,-14.693453,4756,3.55,2021-11-26 07:18:00,0.0570350140470571,6342.00420313389,"moving",29,-14.69295,145.44156,"run_day_11652_liz21_del_07_29.json","07",11652
145.441676,-14.693973,4756,3.55,2021-11-26 07:30:00,0.0598321009558881,6653.02607677981,"moving",29,-14.69295,145.44156,"run_day_11652_liz21_del_07_29.json","07",11652
145.441842,-14.694491,4756,3.55,2021-11-26 07:42:00,0.0603028187575178,6705.36750820232,"moving",29,-14.69295,145.44156,"run_day_11652_liz21_del_07_29.json","07",11652
145.441658,-14.693252,4757,3.55,2021-11-26 07:15:00,0.0520066817948156,5782.87916720143,"moving",29,-14.69295,145.44156,"run_day_11652_liz21_del_07_29.json","07",11652
145.441757,-14.693729,4757,3.55,2021-11-26 07:27:00,0.0540982950930978,6015.4559544727,"moving",29,-14.69295,145.44156,"run_day_11652_liz21_del_07_29.json","07",11652
145.441889,-14.694187,4757,3.55,2021-11-26 07:39:00,0.0528692899880377,5878.79682196975,"moving",29,-14.69295,145.44156,"run_day_11652_liz21_del_07_29.json","07",11652
145.442032,-14.69464,4757,3.55,2021-11-26 07:51:00,0.0526672283596938,5856.32859402837,"moving",29,-14.69295,145.44156,"run_day_11652_liz21_del_07_29.json","07",11652
145.441697,-14.693612,4758,3.55,2021-11-26 07:13:00,0.0559487457422372,6221.21667866313,"moving",29,-14.69295,145.44156,"run_day_11652_liz21_del_07_29.json","07",11652
145.441835,-14.694097,4758,3.55,2021-11-26 07:25:00,0.0559348834725584,6219.67526460307,"moving",29,-14.69295,145.44156,"run_day_11652_liz21_del_07_29.json","07",11652
145.44198,-14.694568,4758,3.55,2021-11-26 07:37:00,0.0546456214407404,6076.31586754946,"moving",29,-14.69295,145.44156,"run_day_11652_liz21_del_07_29.json","07",11652
145.441576,-14.693398,4759,3.55,2021-11-26 07:52:00,0.0547546267374314,6088.43670351888,"moving",29,-14.69295,145.44156,"run_day_11652_liz21_del_07_29.json","07",11652
145.441689,-14.693906,4759,3.55,2021-11-26 08:04:00,0.0577798048103023,6424.82115741849,"moving",29,-14.69295,145.44156,"run_day_11652_liz21_del_07_29.json","07",11652
145.441833,-14.694395,4759,3.55,2021-11-26 08:16:00,0.0565372114987196,6286.65108528803,"moving",29,-14.69295,145.44156,"run_day_11652_liz21_del_07_29.json","07",11652
145.441726,-14.693307,4760,3.55,2021-11-26 07:20:00,0.050557532635981,5621.74113278779,"moving",29,-14.69295,145.44156,"run_day_11652_liz21_del_07_29.json","07",11652
145.441815,-14.69374,4760,3.55,2021-11-26 07:32:00,0.0490898061984117,5458.537399228,"moving",29,-14.69295,145.44156,"run_day_11652_liz21_del_07_29.json","07",11652
145.441935,-14.694162,4760,3.55,2021-11-26 07:44:00,0.0486669956212116,5411.52300811168,"moving",29,-14.69295,145.44156,"run_day_11652_liz21_del_07_29.json","07",11652
145.442065,-14.694591,4760,3.55,2021-11-26 07:56:00,0.0497096755816664,5527.46372982821,"moving",29,-14.69295,145.44156,"run_day_11652_liz21_del_07_29.json","07",11652
145.44168,-14.693154,4761,3.55,2021-11-26 07:58:00,0.0491673271235667,5467.15733281403,"moving",29,-14.69295,145.44156,"run_day_11652_liz21_del_07_29.json","07",11652
145.441756,-14.693606,4761,3.55,2021-11-26 08:10:00,0.050920525723618,5662.10412254007,"moving",29,-14.69295,145.44156,"run_day_11652_liz21_del_07_29.json","07",11652
145.441852,-14.694027,4761,3.55,2021-11-26 08:22:00,0.0479383035154681,5330.49614286706,"moving",29,-14.69295,145.44156,"run_day_11652_liz21_del_07_29.json","07",11652
145.441971,-14.694432,4761,3.55,2021-11-26 08:34:00,0.0468175314304737,5205.87197309085,"moving",29,-14.69295,145.44156,"run_day_11652_liz21_del_07_29.json","07",11652
145.441657,-14.693184,4762,3.55,2021-11-26 07:59:00,0.0500310528711432,5563.19925395681,"moving",29,-14.69295,145.44156,"run_day_11652_liz21_del_07_29.json","07",11652
145.441738,-14.693652,4762,3.55,2021-11-26 08:11:00,0.0527634733374652,5867.03054727157,"moving",29,-14.69295,145.44156,"run_day_11652_liz21_del_07_29.json","07",11652
145.441842,-14.694089,4762,3.55,2021-11-26 08:23:00,0.0498630947480497,5544.52316278007,"moving",29,-14.69295,145.44156,"run_day_11652_liz21_del_07_29.json","07",11652
145.44197,-14.694506,4762,3.55,2021-11-26 08:35:00,0.0483689986015732,5378.38725137269,"moving",29,-14.69295,145.44156,"run_day_11652_liz21_del_07_29.json","07",11652
145.441776,-14.693503,4763,3.55,2021-11-26 07:50:00,0.0485814564474494,5402.01148595997,"moving",29,-14.69295,145.44156,"run_day_11652_liz21_del_07_29.json","07",11652
145.441866,-14.693912,4763,3.55,2021-11-26 08:02:00,0.046497545340921,5170.29114333576,"moving",29,-14.69295,145.44156,"run_day_11652_liz21_del_07_29.json","07",11652
145.441977,-14.694306,4763,3.55,2021-11-26 08:14:00,0.0454084240765259,5049.18638423432,"moving",29,-14.69295,145.44156,"run_day_11652_liz21_del_07_29.json","07",11652
145.441718,-14.693442,4764,3.55,2021-11-26 08:07:00,0.0513022694476429,5704.55208793004,"moving",29,-14.69295,145.44156,"run_day_11652_liz21_del_07_29.json","07",11652
145.441806,-14.693881,4764,3.55,2021-11-26 08:19:00,0.0497237504311229,5529.02878168105,"moving",29,-14.69295,145.44156,"run_day_11652_liz21_del_07_29.json","07",11652
145.441919,-14.694293,4764,3.55,2021-11-26 08:31:00,0.0473971438524178,5270.32193383119,"moving",29,-14.69295,145.44156,"run_day_11652_liz21_del_07_29.json","07",11652
145.441493,-14.693509,4765,3.55,2021-11-26 08:04:00,0.0577990833884334,6426.96483749958,"moving",29,-14.69295,145.44156,"run_day_11652_liz21_del_07_29.json","07",11652
145.441622,-14.694026,4765,3.55,2021-11-26 08:16:00,0.0591384886478364,6575.89990706624,"moving",29,-14.69295,145.44156,"run_day_11652_liz21_del_07_29.json","07",11652
145.441786,-14.694533,4765,3.55,2021-11-26 08:28:00,0.0590710320521495,6568.39907585714,"moving",29,-14.69295,145.44156,"run_day_11652_liz21_del_07_29.json","07",11652
145.441532,-14.693622,4766,3.55,2021-11-26 08:00:00,0.0582078006817494,6472.41212694822,"moving",29,-14.69295,145.44156,"run_day_11652_liz21_del_07_29.json","07",11652
145.44167,-14.694144,4766,3.55,2021-11-26 08:12:00,0.059911543309118,6661.85966341968,"moving",29,-14.69295,145.44156,"run_day_11652_liz21_del_07_29.json","07",11652
145.44184,-14.694645,4766,3.55,2021-11-26 08:24:00,0.0586326775456103,6519.65627865821,"moving",29,-14.69295,145.44156,"run_day_11652_liz21_del_07_29.json","07",11652
145.441645,-14.693525,4767,3.55,2021-11-26 07:57:00,0.0544723600818268,6057.05008345472,"moving",29,-14.69295,145.44156,"run_day_11652_liz21_del_07_29.json","07",11652
145.441759,-14.694021,4767,3.55,2021-11-26 08:09:00,0.0564992616699869,6282.43125686592,"moving",29,-14.69295,145.44156,"run_day_11652_liz21_del_07_29.json","07",11652
145.4419,-14.694479,4767,3.55,2021-11-26 08:21:00,0.0531374226903359,5908.61181813282,"moving",29,-14.69295,145.44156,"run_day_11652_liz21_del_07_29.json","07",11652
145.441605,-14.693228,4768,3.55,2021-11-26 07:34:00,0.0516608659040503,5744.42619459526,"moving",29,-14.69295,145.44156,"run_day_11652_liz21_del_07_29.json","07",11652
145.441706,-14.69372,4768,3.55,2021-11-26 07:46:00,0.0557760553506751,6202.01438324117,"moving",29,-14.69295,145.44156,"run_day_11652_liz21_del_07_29.json","07",11652
145.441837,-14.694203,4768,3.55,2021-11-26 07:58:00,0.0555246761582661,6174.06229238128,"moving",29,-14.69295,145.44156,"run_day_11652_liz21_del_07_29.json","07",11652
145.441988,-14.694658,4768,3.55,2021-11-26 08:10:00,0.0531366176788882,5908.52230494394,"moving",29,-14.69295,145.44156,"run_day_11652_liz21_del_07_29.json","07",11652
145.44154,-14.693467,4769,3.55,2021-11-26 07:44:00,0.0562935176648498,6259.55356730714,"moving",29,-14.69295,145.44156,"run_day_11652_liz21_del_07_29.json","07",11652
145.44167,-14.693989,4769,3.55,2021-11-26 07:56:00,0.0597041860143701,6638.80258424097,"moving",29,-14.69295,145.44156,"run_day_11652_liz21_del_07_29.json","07",11652
145.441831,-14.694498,4769,3.55,2021-11-26 08:08:00,0.0591881042536903,6581.41691071959,"moving",29,-14.69295,145.44156,"run_day_11652_liz21_del_07_29.json","07",11652
145.441723,-14.693608,4770,3.55,2021-11-26 08:01:00,0.0535847697375782,5958.35454023558,"moving",29,-14.69295,145.44156,"run_day_11652_liz21_del_07_29.json","07",11652
145.44183,-14.694059,4770,3.55,2021-11-26 08:13:00,0.051452545384706,5721.26200972821,"moving",29,-14.69295,145.44156,"run_day_11652_liz21_del_07_29.json","07",11652
145.441959,-14.694486,4770,3.55,2021-11-26 08:25:00,0.0494660290162641,5500.3714678611,"moving",29,-14.69295,145.44156,"run_day_11652_liz21_del_07_29.json","07",11652
145.441728,-14.69345,4771,3.55,2021-11-26 08:04:00,0.0511748705477252,5690.38597659909,"moving",29,-14.69295,145.44156,"run_day_11652_liz21_del_07_29.json","07",11652
145.441816,-14.693884,4771,3.55,2021-11-26 08:16:00,0.0491780553880473,5468.35026139597,"moving",29,-14.69295,145.44156,"run_day_11652_liz21_del_07_29.json","07",11652
145.441928,-14.694292,4771,3.55,2021-11-26 08:28:00,0.0469396562646345,5219.45163506683,"moving",29,-14.69295,145.44156,"run_day_11652_liz21_del_07_29.json","07",11652
145.441771,-14.69328,4772,3.55,2021-11-26 08:02:00,0.0462074480593283,5138.03379738927,"moving",29,-14.69295,145.44156,"run_day_11652_liz21_del_07_29.json","07",11652
145.441836,-14.693661,4772,3.55,2021-11-26 08:14:00,0.0429382597038814,4774.5166380181,"moving",29,-14.69295,145.44156,"run_day_11652_liz21_del_07_29.json","07",11652
145.441922,-14.694024,4772,3.55,2021-11-26 08:26:00,0.0414100922843127,4604.59217389856,"moving",29,-14.69295,145.44156,"run_day_11652_liz21_del_07_29.json","07",11652
145.442027,-14.694392,4772,3.55,2021-11-26 08:38:00,0.0424496172623209,4720.18207757337,"moving",29,-14.69295,145.44156,"run_day_11652_liz21_del_07_29.json","07",11652
145.441582,-14.693188,4773,3.55,2021-11-26 08:09:00,0.0516800654521612,5746.56108693906,"moving",29,-14.69295,145.44156,"run_day_11652_liz21_del_07_29.json","07",11652
145.441673,-14.693664,4773,3.55,2021-11-26 08:21:00,0.0538261812287027,5985.19827328232,"moving",29,-14.69295,145.44156,"run_day_11652_liz21_del_07_29.json","07",11652
145.441787,-14.69414,4773,3.55,2021-11-26 08:33:00,0.0543305086674057,6041.27692583373,"moving",29,-14.69295,145.44156,"run_day_11652_liz21_del_07_29.json","07",11652
145.44193,-14.694584,4773,3.55,2021-11-26 08:45:00,0.0517109269513335,5749.99272907567,"moving",29,-14.69295,145.44156,"run_day_11652_liz21_del_07_29.json","07",11652
145.441691,-14.693177,4774,3.55,2021-11-26 07:56:00,0.0492575844753333,5477.19349242284,"moving",29,-14.69295,145.44156,"run_day_11652_liz21_del_07_29.json","07",11652
145.441767,-14.693625,4774,3.55,2021-11-26 08:08:00,0.0504815650010738,5613.29391719693,"moving",29,-14.69295,145.44156,"run_day_11652_liz21_del_07_29.json","07",11652
145.441864,-14.69404,4774,3.55,2021-11-26 08:20:00,0.0473106152673796,5260.70039416521,"moving",29,-14.69295,145.44156,"run_day_11652_liz21_del_07_29.json","07",11652
145.441983,-14.694443,4774,3.55,2021-11-26 08:32:00,0.0466036533280313,5182.08981317889,"moving",29,-14.69295,145.44156,"run_day_11652_liz21_del_07_29.json","07",11652
145.44156,-14.69334,4775,3.55,2021-11-26 07:46:00,0.0543670808318662,6045.34356497815,"moving",29,-14.69295,145.44156,"run_day_11652_liz21_del_07_29.json","07",11652
145.441673,-14.693848,4775,3.55,2021-11-26 07:58:00,0.0577798054889602,6424.8212328818,"moving",29,-14.69295,145.44156,"run_day_11652_liz21_del_07_29.json","07",11652
145.441818,-14.694347,4775,3.55,2021-11-26 08:10:00,0.0576364396190704,6408.87967549607,"moving",29,-14.69295,145.44156,"run_day_11652_liz21_del_07_29.json","07",11652
145.441595,-14.693544,4776,3.55,2021-11-26 07:25:00,0.0561366250577382,6242.10790536829,"moving",29,-14.69295,145.44156,"run_day_11652_liz21_del_07_29.json","07",11652
145.441737,-14.694061,4776,3.55,2021-11-26 07:37:00,0.0594820782379208,6614.10532633151,"moving",29,-14.69295,145.44156,"run_day_11652_liz21_del_07_29.json","07",11652
145.441898,-14.69456,4776,3.55,2021-11-26 07:49:00,0.05812571925735,6463.28508898325,"moving",29,-14.69295,145.44156,"run_day_11652_liz21_del_07_29.json","07",11652
145.441691,-14.693579,4777,3.55,2021-11-26 08:05:00,0.0538779043970916,5990.94962719715,"moving",29,-14.69295,145.44156,"run_day_11652_liz21_del_07_29.json","07",11652
145.441799,-14.694048,4777,3.55,2021-11-26 08:17:00,0.0534285012212716,5940.97827402801,"moving",29,-14.69295,145.44156,"run_day_11652_liz21_del_07_29.json","07",11652
145.441933,-14.694485,4777,3.55,2021-11-26 08:29:00,0.0506845991114392,5635.87028020535,"moving",29,-14.69295,145.44156,"run_day_11652_liz21_del_07_29.json","07",11652
145.441647,-14.693472,4778,3.55,2021-11-26 07:42:00,0.0538802760581546,5991.21334387507,"moving",29,-14.69295,145.44156,"run_day_11652_liz21_del_07_29.json","07",11652
145.441763,-14.693972,4778,3.55,2021-11-26 07:54:00,0.0569802396057839,6335.91356315452,"moving",29,-14.69295,145.44156,"run_day_11652_liz21_del_07_29.json","07",11652
145.441905,-14.69444,4778,3.55,2021-11-26 08:06:00,0.0542342443954556,6030.57282717576,"moving",29,-14.69295,145.44156,"run_day_11652_liz21_del_07_29.json","07",11652
145.44164,-14.693206,4779,3.55,2021-11-26 08:08:00,0.0503788866711422,5601.8766078322,"moving",29,-14.69295,145.44156,"run_day_11652_liz21_del_07_29.json","07",11652
145.441724,-14.693674,4779,3.55,2021-11-26 08:20:00,0.0528177117479714,5873.06158334913,"moving",29,-14.69295,145.44156,"run_day_11652_liz21_del_07_29.json","07",11652
145.44183,-14.69412,4779,3.55,2021-11-26 08:32:00,0.0508866019796077,5658.33197431333,"moving",29,-14.69295,145.44156,"run_day_11652_liz21_del_07_29.json","07",11652
145.441963,-14.694544,4779,3.55,2021-11-26 08:44:00,0.0492691167876266,5478.47582704233,"moving",29,-14.69295,145.44156,"run_day_11652_liz21_del_07_29.json","07",11652
145.441739,-14.693378,4780,3.55,2021-11-26 08:08:00,0.0494942850525406,5503.51339574213,"moving",29,-14.69295,145.44156,"run_day_11652_liz21_del_07_29.json","07",11652
145.441816,-14.693795,4780,3.55,2021-11-26 08:20:00,0.0471021156801971,5237.51629786303,"moving",29,-14.69295,145.44156,"run_day_11652_liz21_del_07_29.json","07",11652
145.441918,-14.694189,4780,3.55,2021-11-26 08:32:00,0.0451635671120271,5021.95953202846,"moving",29,-14.69295,145.44156,"run_day_11652_liz21_del_07_29.json","07",11652
145.442041,-14.694583,4780,3.55,2021-11-26 08:44:00,0.0457647201416425,5088.80469905869,"moving",29,-14.69295,145.44156,"run_day_11652_liz21_del_07_29.json","07",11652
145.441744,-14.693231,4781,3.55,2021-11-26 07:15:00,0.0490387162123219,5452.85645197247,"moving",29,-14.69295,145.44156,"run_day_11652_liz21_del_07_29.json","07",11652
145.441823,-14.693639,4781,3.55,2021-11-26 07:27:00,0.0461564064613382,5132.35823064494,"moving",29,-14.69295,145.44156,"run_day_11652_liz21_del_07_29.json","07",11652
145.441933,-14.69404,4781,3.55,2021-11-26 07:39:00,0.0461321582119947,5129.66194833793,"moving",29,-14.69295,145.44156,"run_day_11652_liz21_del_07_29.json","07",11652
145.442051,-14.694455,4781,3.55,2021-11-26 07:51:00,0.0478594482395278,5321.72783624335,"moving",29,-14.69295,145.44156,"run_day_11652_liz21_del_07_29.json","07",11652
145.441574,-14.693584,4782,3.55,2021-11-26 07:15:00,0.0579568556294114,6444.50831026169,"moving",29,-14.69295,145.44156,"run_day_11652_liz21_del_07_29.json","07",11652
145.441728,-14.694109,4782,3.55,2021-11-26 07:27:00,0.0606817828684662,6747.50639472014,"moving",29,-14.69295,145.44156,"run_day_11652_liz21_del_07_29.json","07",11652
145.441896,-14.694617,4782,3.55,2021-11-26 07:39:00,0.0593068262761189,6594.61819729463,"moving",29,-14.69295,145.44156,"run_day_11652_liz21_del_07_29.json","07",11652
145.441757,-14.693377,4783,3.55,2021-11-26 07:29:00,0.048800799289769,5426.4012972217,"moving",29,-14.69295,145.44156,"run_day_11652_liz21_del_07_29.json","07",11652
145.441845,-14.693792,4783,3.55,2021-11-26 07:41:00,0.0471066076813368,5238.01578560026,"moving",29,-14.69295,145.44156,"run_day_11652_liz21_del_07_29.json","07",11652
145.441958,-14.694197,4783,3.55,2021-11-26 07:53:00,0.0466452341806326,5186.71339303371,"moving",29,-14.69295,145.44156,"run_day_11652_liz21_del_07_29.json","07",11652
145.442085,-14.694612,4783,3.55,2021-11-26 08:05:00,0.0481252075289711,5351.2789209381,"moving",29,-14.69295,145.44156,"run_day_11652_liz21_del_07_29.json","07",11652
145.441736,-14.693416,4784,3.55,2021-11-26 07:33:00,0.0506089386373457,5627.45721933863,"moving",29,-14.69295,145.44156,"run_day_11652_liz21_del_07_29.json","07",11652
145.441833,-14.693853,4784,3.55,2021-11-26 07:45:00,0.0496996093848915,5526.34441981623,"moving",29,-14.69295,145.44156,"run_day_11652_liz21_del_07_29.json","07",11652
145.441953,-14.694274,4784,3.55,2021-11-26 07:57:00,0.0485597897077293,5399.60225442616,"moving",29,-14.69295,145.44156,"run_day_11652_liz21_del_07_29.json","07",11652
145.441765,-14.69348,4785,3.55,2021-11-26 07:59:00,0.0492224607289952,5473.2879100253,"moving",29,-14.69295,145.44156,"run_day_11652_liz21_del_07_29.json","07",11652
145.441851,-14.693889,4785,3.55,2021-11-26 08:11:00,0.0464098836914129,5160.54361264916,"moving",29,-14.69295,145.44156,"run_day_11652_liz21_del_07_29.json","07",11652
145.441959,-14.69428,4785,3.55,2021-11-26 08:23:00,0.0450022930340308,5004.02667275599,"moving",29,-14.69295,145.44156,"run_day_11652_liz21_del_07_29.json","07",11652
145.442086,-14.694675,4785,3.55,2021-11-26 08:35:00,0.045997104531895,5114.64466428617,"moving",29,-14.69295,145.44156,"run_day_11652_liz21_del_07_29.json","07",11652
145.441645,-14.693651,4786,3.55,2021-11-26 08:03:00,0.0558851256826136,6214.14245080017,"moving",29,-14.69295,145.44156,"run_day_11652_liz21_del_07_29.json","07",11652
145.441769,-14.694147,4786,3.55,2021-11-26 08:15:00,0.0567424012189985,6309.46714118266,"moving",29,-14.69295,145.44156,"run_day_11652_liz21_del_07_29.json","07",11652
145.441919,-14.694607,4786,3.55,2021-11-26 08:27:00,0.0536338028261191,5963.80677091904,"moving",29,-14.69295,145.44156,"run_day_11652_liz21_del_07_29.json","07",11652
145.441569,-14.693261,4787,3.55,2021-11-26 07:19:00,0.0537404059452106,5975.6604969265,"moving",29,-14.69295,145.44156,"run_day_11652_liz21_del_07_29.json","07",11652
145.441684,-14.693759,4787,3.55,2021-11-26 07:31:00,0.0567397254432216,6309.16960849143,"moving",29,-14.69295,145.44156,"run_day_11652_liz21_del_07_29.json","07",11652
145.441832,-14.69426,4787,3.55,2021-11-26 07:43:00,0.0579383891735394,6442.45493405561,"moving",29,-14.69295,145.44156,"run_day_11652_liz21_del_07_29.json","07",11652
145.441682,-14.693456,4788,3.55,2021-11-26 07:41:00,0.0528624550199099,5878.03680819016,"moving",29,-14.69295,145.44156,"run_day_11652_liz21_del_07_29.json","07",11652
145.441791,-14.693938,4788,3.55,2021-11-26 07:53:00,0.0548632418161061,6100.5141492246,"moving",29,-14.69295,145.44156,"run_day_11652_liz21_del_07_29.json","07",11652
145.441924,-14.694389,4788,3.55,2021-11-26 08:05:00,0.052149334117868,5798.74138179892,"moving",29,-14.69295,145.44156,"run_day_11652_liz21_del_07_29.json","07",11652
145.441659,-14.693213,4789,3.55,2021-11-26 08:07:00,0.0501203274988334,5573.12613963404,"moving",29,-14.69295,145.44156,"run_day_11652_liz21_del_07_29.json","07",11652
145.44174,-14.693675,4789,3.55,2021-11-26 08:19:00,0.0521055778327376,5793.87590488361,"moving",29,-14.69295,145.44156,"run_day_11652_liz21_del_07_29.json","07",11652
145.441844,-14.69411,4789,3.55,2021-11-26 08:31:00,0.0496463979857414,5520.42758219108,"moving",29,-14.69295,145.44156,"run_day_11652_liz21_del_07_29.json","07",11652
145.441973,-14.694526,4789,3.55,2021-11-26 08:43:00,0.0482932053600485,5369.9594274412,"moving",29,-14.69295,145.44156,"run_day_11652_liz21_del_07_29.json","07",11652
145.441748,-14.693392,4790,3.55,2021-11-26 07:35:00,0.0495671586035819,5511.61656490449,"moving",29,-14.69295,145.44156,"run_day_11652_liz21_del_07_29.json","07",11652
145.441838,-14.693816,4790,3.55,2021-11-26 07:47:00,0.0481301764629535,5351.83144118778,"moving",29,-14.69295,145.44156,"run_day_11652_liz21_del_07_29.json","07",11652
145.441953,-14.694226,4790,3.55,2021-11-26 07:59:00,0.0472380965402068,5252.63667961688,"moving",29,-14.69295,145.44156,"run_day_11652_liz21_del_07_29.json","07",11652
145.442082,-14.694639,4790,3.55,2021-11-26 08:11:00,0.0479737786602911,5334.44079899337,"moving",29,-14.69295,145.44156,"run_day_11652_liz21_del_07_29.json","07",11652
145.441478,-14.693425,4791,3.55,2021-11-26 07:34:00,0.0570853554142552,6347.60190776667,"moving",29,-14.69295,145.44156,"run_day_11652_liz21_del_07_29.json","07",11652
145.441617,-14.693953,4791,3.55,2021-11-26 07:46:00,0.0605845948691358,6736.69958226386,"moving",29,-14.69295,145.44156,"run_day_11652_liz21_del_07_29.json","07",11652
145.441788,-14.694484,4791,3.55,2021-11-26 07:58:00,0.0618428285919526,6876.60878877419,"moving",29,-14.69295,145.44156,"run_day_11652_liz21_del_07_29.json","07",11652
145.441768,-14.693275,4792,3.55,2021-11-26 07:34:00,0.0465171217740611,5172.46794338273,"moving",29,-14.69295,145.44156,"run_day_11652_liz21_del_07_29.json","07",11652
145.441841,-14.693666,4792,3.55,2021-11-26 07:46:00,0.0441805230595815,4912.6500207284,"moving",29,-14.69295,145.44156,"run_day_11652_liz21_del_07_29.json","07",11652
145.44194,-14.694049,4792,3.55,2021-11-26 07:58:00,0.0438986809853378,4881.31061195752,"moving",29,-14.69295,145.44156,"run_day_11652_liz21_del_07_29.json","07",11652
145.442051,-14.694438,4792,3.55,2021-11-26 08:10:00,0.0448722466706743,4989.56617692217,"moving",29,-14.69295,145.44156,"run_day_11652_liz21_del_07_29.json","07",11652
145.441586,-14.693619,4793,3.55,2021-11-26 07:30:00,0.0570168094562663,6339.97994499631,"moving",29,-14.69295,145.44156,"run_day_11652_liz21_del_07_29.json","07",11652
145.441735,-14.694143,4793,3.55,2021-11-26 07:42:00,0.0604299744778088,6719.50657919251,"moving",29,-14.69295,145.44156,"run_day_11652_liz21_del_07_29.json","07",11652
145.441904,-14.694647,4793,3.55,2021-11-26 07:54:00,0.0589164448620149,6551.20976458993,"moving",29,-14.69295,145.44156,"run_day_11652_liz21_del_07_29.json","07",11652
145.441673,-14.693382,4794,3.55,2021-11-26 08:09:00,0.0516704832780988,5745.49559779709,"moving",29,-14.69295,145.44156,"run_day_11652_liz21_del_07_29.json","07",11652
145.441763,-14.69385,4794,3.55,2021-11-26 08:21:00,0.052931922146321,5885.76120021566,"moving",29,-14.69295,145.44156,"run_day_11652_liz21_del_07_29.json","07",11652
145.441881,-14.694283,4794,3.55,2021-11-26 08:33:00,0.0497921269544911,5536.63190418119,"moving",29,-14.69295,145.44156,"run_day_11652_liz21_del_07_29.json","07",11652
145.441719,-14.693438,4795,3.55,2021-11-26 07:58:00,0.0517949276953142,5759.33318564068,"moving",29,-14.69295,145.44156,"run_day_11652_liz21_del_07_29.json","07",11652
145.44181,-14.693884,4795,3.55,2021-11-26 08:10:00,0.0505495867208134,5620.85758733361,"moving",29,-14.69295,145.44156,"run_day_11652_liz21_del_07_29.json","07",11652
145.441925,-14.6943,4795,3.55,2021-11-26 08:22:00,0.0478823056469106,5324.26946398056,"moving",29,-14.69295,145.44156,"run_day_11652_liz21_del_07_29.json","07",11652
145.441781,-14.693435,4796,3.55,2021-11-26 07:22:00,0.0478872781131849,5324.82237700318,"moving",29,-14.69295,145.44156,"run_day_11652_liz21_del_07_29.json","07",11652
145.441874,-14.693835,4796,3.55,2021-11-26 07:34:00,0.045588907728293,5069.25525065309,"moving",29,-14.69295,145.44156,"run_day_11652_liz21_del_07_29.json","07",11652
145.441989,-14.694239,4796,3.55,2021-11-26 07:46:00,0.0465945323385821,5181.07560542615,"moving",29,-14.69295,145.44156,"run_day_11652_liz21_del_07_29.json","07",11652
145.442118,-14.694656,4796,3.55,2021-11-26 07:58:00,0.048399720323576,5381.8033509972,"moving",29,-14.69295,145.44156,"run_day_11652_liz21_del_07_29.json","07",11652
145.44167,-14.693563,4797,3.55,2021-11-26 07:41:00,0.054513545901366,6061.62973763717,"moving",29,-14.69295,145.44156,"run_day_11652_liz21_del_07_29.json","07",11652
145.441794,-14.694057,4797,3.55,2021-11-26 07:53:00,0.0565262673793502,6285.43415473756,"moving",29,-14.69295,145.44156,"run_day_11652_liz21_del_07_29.json","07",11652
145.441939,-14.694521,4797,3.55,2021-11-26 08:05:00,0.0539000892329974,5993.41646839832,"moving",29,-14.69295,145.44156,"run_day_11652_liz21_del_07_29.json","07",11652
145.441629,-14.693451,4798,3.55,2021-11-26 07:17:00,0.0549490403487494,6110.05451076808,"moving",29,-14.69295,145.44156,"run_day_11652_liz21_del_07_29.json","07",11652
145.441758,-14.693954,4798,3.55,2021-11-26 07:29:00,0.0576263705509332,6407.76004620318,"moving",29,-14.69295,145.44156,"run_day_11652_liz21_del_07_29.json","07",11652
145.441906,-14.694439,4798,3.55,2021-11-26 07:41:00,0.0562298597250447,6252.47512736018,"moving",29,-14.69295,145.44156,"run_day_11652_liz21_del_07_29.json","07",11652
145.441561,-14.693445,4799,3.55,2021-11-26 07:32:00,0.0554028876913088,6160.52003273181,"moving",29,-14.69295,145.44156,"run_day_11652_liz21_del_07_29.json","07",11652
145.441693,-14.693961,4799,3.55,2021-11-26 07:44:00,0.0591070807218075,6572.40750503539,"moving",29,-14.69295,145.44156,"run_day_11652_liz21_del_07_29.json","07",11652
145.441852,-14.694469,4799,3.55,2021-11-26 07:56:00,0.0590190923310286,6562.62364237716,"moving",29,-14.69295,145.44156,"run_day_11652_liz21_del_07_29.json","07",11652
145.441764,-14.693266,4800,3.55,2021-11-26 08:05:00,0.0464268800629219,5162.43352293233,"moving",29,-14.69295,145.44156,"run_day_11652_liz21_del_07_29.json","07",11652
145.441829,-14.69365,4800,3.55,2021-11-26 08:17:00,0.0432674270943387,4811.11838185379,"moving",29,-14.69295,145.44156,"run_day_11652_liz21_del_07_29.json","07",11652
145.441915,-14.694016,4800,3.55,2021-11-26 08:29:00,0.0417353147836214,4640.75526585235,"moving",29,-14.69295,145.44156,"run_day_11652_liz21_del_07_29.json","07",11652
145.44202,-14.694385,4800,3.55,2021-11-26 08:41:00,0.0425568151097302,4732.1019343525,"moving",29,-14.69295,145.44156,"run_day_11652_liz21_del_07_29.json","07",11652
145.441498,-14.693441,4801,3.55,2021-11-26 07:23:00,0.0572739184683716,6368.56916273701,"moving",29,-14.69295,145.44156,"run_day_11652_liz21_del_07_29.json","07",11652
145.441642,-14.693965,4801,3.55,2021-11-26 07:35:00,0.0602895839962092,6703.89586988945,"moving",29,-14.69295,145.44156,"run_day_11652_liz21_del_07_29.json","07",11652
145.441813,-14.694493,4801,3.55,2021-11-26 07:47:00,0.0615244178959746,6841.20313479208,"moving",29,-14.69295,145.44156,"run_day_11652_liz21_del_07_29.json","07",11652
145.441565,-14.693485,4802,3.55,2021-11-26 07:31:00,0.0558604787359038,6211.40183536876,"moving",29,-14.69295,145.44156,"run_day_11652_liz21_del_07_29.json","07",11652
145.441702,-14.694004,4802,3.55,2021-11-26 07:43:00,0.0595617170342076,6622.96075644268,"moving",29,-14.69295,145.44156,"run_day_11652_liz21_del_07_29.json","07",11652
145.441863,-14.694511,4802,3.55,2021-11-26 07:55:00,0.0589754810521876,6557.77428942557,"moving",29,-14.69295,145.44156,"run_day_11652_liz21_del_07_29.json","07",11652
145.441722,-14.693352,4803,3.55,2021-11-26 07:37:00,0.0505186169398665,5617.41390481301,"moving",29,-14.69295,145.44156,"run_day_11652_liz21_del_07_29.json","07",11652
145.441812,-14.693796,4803,3.55,2021-11-26 07:49:00,0.0503106187935577,5594.285566192,"moving",29,-14.69295,145.44156,"run_day_11652_liz21_del_07_29.json","07",11652
145.441929,-14.694217,4803,3.55,2021-11-26 08:01:00,0.048475023132422,5390.17664130295,"moving",29,-14.69295,145.44156,"run_day_11652_liz21_del_07_29.json","07",11652
145.442061,-14.694636,4803,3.55,2021-11-26 08:13:00,0.0487058970341475,5415.84864786946,"moving",29,-14.69295,145.44156,"run_day_11652_liz21_del_07_29.json","07",11652
145.441628,-14.693485,4804,3.55,2021-11-26 07:44:00,0.0544894461594871,6058.9499686068,"moving",29,-14.69295,145.44156,"run_day_11652_liz21_del_07_29.json","07",11652
145.441748,-14.693991,4804,3.55,2021-11-26 07:56:00,0.0577260739531525,6418.84655869917,"moving",29,-14.69295,145.44156,"run_day_11652_liz21_del_07_29.json","07",11652
145.441894,-14.694466,4804,3.55,2021-11-26 08:08:00,0.0551026064264794,6127.13027951637,"moving",29,-14.69295,145.44156,"run_day_11652_liz21_del_07_29.json","07",11652
145.441648,-14.693228,4805,3.55,2021-11-26 07:59:00,0.0508563221685609,5654.96501294518,"moving",29,-14.69295,145.44156,"run_day_11652_liz21_del_07_29.json","07",11652
145.441733,-14.693702,4805,3.55,2021-11-26 08:11:00,0.0534934470503217,5948.19992072511,"moving",29,-14.69295,145.44156,"run_day_11652_liz21_del_07_29.json","07",11652
145.441843,-14.694146,4805,3.55,2021-11-26 08:23:00,0.0507684269901865,5645.19151503343,"moving",29,-14.69295,145.44156,"run_day_11652_liz21_del_07_29.json","07",11652
145.441977,-14.69457,4805,3.55,2021-11-26 08:35:00,0.049300453062024,5481.96026177527,"moving",29,-14.69295,145.44156,"run_day_11652_liz21_del_07_29.json","07",11652
145.441608,-14.69327,4806,3.55,2021-11-26 07:29:00,0.0522730559200293,5812.49861851458,"moving",29,-14.69295,145.44156,"run_day_11652_liz21_del_07_29.json","07",11652
145.441714,-14.693764,4806,3.55,2021-11-26 07:41:00,0.0561010201111837,6238.14881594799,"moving",29,-14.69295,145.44156,"run_day_11652_liz21_del_07_29.json","07",11652
145.441852,-14.694248,4806,3.55,2021-11-26 07:53:00,0.0558276801023641,6207.75479371827,"moving",29,-14.69295,145.44156,"run_day_11652_liz21_del_07_29.json","07",11652
145.442007,-14.694708,4806,3.55,2021-11-26 08:05:00,0.0537980191386684,5982.06679174679,"moving",29,-14.69295,145.44156,"run_day_11652_liz21_del_07_29.json","07",11652
145.441512,-14.693333,4807,3.55,2021-11-26 07:52:00,0.0555358235604046,6175.30182694434,"moving",29,-14.69295,145.44156,"run_day_11652_liz21_del_07_29.json","07",11652
145.441629,-14.693845,4807,3.55,2021-11-26 08:04:00,0.0583060514029651,6483.33710868657,"moving",29,-14.69295,145.44156,"run_day_11652_liz21_del_07_29.json","07",11652
145.441777,-14.694354,4807,3.55,2021-11-26 08:16:00,0.0587942205485046,6537.61904101498,"moving",29,-14.69295,145.44156,"run_day_11652_liz21_del_07_29.json","07",11652
145.441504,-14.693391,4808,3.55,2021-11-26 07:43:00,0.0563101905864651,6261.40751160311,"moving",29,-14.69295,145.44156,"run_day_11652_liz21_del_07_29.json","07",11652
145.441632,-14.693912,4808,3.55,2021-11-26 07:55:00,0.0595459862845131,6621.21157688433,"moving",29,-14.69295,145.44156,"run_day_11652_liz21_del_07_29.json","07",11652
145.441792,-14.694431,4808,3.55,2021-11-26 08:07:00,0.0602214532991781,6696.32008203083,"moving",29,-14.69295,145.44156,"run_day_11652_liz21_del_07_29.json","07",11652
145.441732,-14.693527,4809,3.55,2021-11-26 07:15:00,0.0534786195399322,5946.55117679502,"moving",29,-14.69295,145.44156,"run_day_11652_liz21_del_07_29.json","07",11652
145.441853,-14.693979,4809,3.55,2021-11-26 07:27:00,0.0519177917278392,5772.99504272455,"moving",29,-14.69295,145.44156,"run_day_11652_liz21_del_07_29.json","07",11652
145.441983,-14.694428,4809,3.55,2021-11-26 07:39:00,0.0518475599195379,5765.18562195238,"moving",29,-14.69295,145.44156,"run_day_11652_liz21_del_07_29.json","07",11652
145.441746,-14.693189,4810,3.55,2021-11-26 08:00:00,0.0471202193100236,5239.52932965359,"moving",29,-14.69295,145.44156,"run_day_11652_liz21_del_07_29.json","07",11652
145.441812,-14.693585,4810,3.55,2021-11-26 08:12:00,0.0446017460895643,4959.48788464833,"moving",29,-14.69295,145.44156,"run_day_11652_liz21_del_07_29.json","07",11652
145.441895,-14.693958,4810,3.55,2021-11-26 08:24:00,0.0424256025724056,4717.51176588985,"moving",29,-14.69295,145.44156,"run_day_11652_liz21_del_07_29.json","07",11652
145.441998,-14.694328,4810,3.55,2021-11-26 08:36:00,0.0426075956065732,4737.74846797394,"moving",29,-14.69295,145.44156,"run_day_11652_liz21_del_07_29.json","07",11652
145.441746,-14.693387,4811,3.55,2021-11-26 07:12:00,0.051303679061441,5704.70882983291,"moving",29,-14.69295,145.44156,"run_day_11652_liz21_del_07_29.json","07",11652
145.441843,-14.693813,4811,3.55,2021-11-26 07:24:00,0.0485043997622972,5393.44317350699,"moving",29,-14.69295,145.44156,"run_day_11652_liz21_del_07_29.json","07",11652
145.441966,-14.694236,4811,3.55,2021-11-26 07:36:00,0.0488605958435757,5433.05037063583,"moving",29,-14.69295,145.44156,"run_day_11652_liz21_del_07_29.json","07",11652
145.4421,-14.69467,4811,3.55,2021-11-26 07:48:00,0.0503648715471041,5600.31819714286,"moving",29,-14.69295,145.44156,"run_day_11652_liz21_del_07_29.json","07",11652
145.441684,-14.693603,4812,3.55,2021-11-26 07:21:00,0.0552952077868976,6148.54657365972,"moving",29,-14.69295,145.44156,"run_day_11652_liz21_del_07_29.json","07",11652
145.441821,-14.694092,4812,3.55,2021-11-26 07:33:00,0.056335611696376,6264.23421005487,"moving",29,-14.69295,145.44156,"run_day_11652_liz21_del_07_29.json","07",11652
145.441967,-14.694565,4812,3.55,2021-11-26 07:45:00,0.054889473255542,6103.43095220846,"moving",29,-14.69295,145.44156,"run_day_11652_liz21_del_07_29.json","07",11652
145.441593,-14.693473,4813,3.55,2021-11-26 07:48:00,0.0551664238172798,6134.22644960506,"moving",29,-14.69295,145.44156,"run_day_11652_liz21_del_07_29.json","07",11652
145.441714,-14.693986,4813,3.55,2021-11-26 08:00:00,0.0585088227804582,6505.88425713253,"moving",29,-14.69295,145.44156,"run_day_11652_liz21_del_07_29.json","07",11652
145.441864,-14.694472,4813,3.55,2021-11-26 08:12:00,0.0563976752097896,6271.1353578762,"moving",29,-14.69295,145.44156,"run_day_11652_liz21_del_07_29.json","07",11652
145.441689,-14.693321,4814,3.55,2021-11-26 07:16:00,0.0520302610559434,5785.50106141287,"moving",29,-14.69295,145.44156,"run_day_11652_liz21_del_07_29.json","07",11652
145.441789,-14.693788,4814,3.55,2021-11-26 07:28:00,0.0530302607743884,5896.69595674994,"moving",29,-14.69295,145.44156,"run_day_11652_liz21_del_07_29.json","07",11652
145.44192,-14.694235,4814,3.55,2021-11-26 07:40:00,0.0516626791371217,5744.62781691362,"moving",29,-14.69295,145.44156,"run_day_11652_liz21_del_07_29.json","07",11652
145.442062,-14.694681,4814,3.55,2021-11-26 07:52:00,0.0518915325186174,5770.07515188139,"moving",29,-14.69295,145.44156,"run_day_11652_liz21_del_07_29.json","07",11652
145.44172,-14.693642,4815,3.55,2021-11-26 07:21:00,0.0549916681637427,6114.79450752929,"moving",29,-14.69295,145.44156,"run_day_11652_liz21_del_07_29.json","07",11652
145.441853,-14.694113,4815,3.55,2021-11-26 07:33:00,0.0542913574395176,6036.92350792068,"moving",29,-14.69295,145.44156,"run_day_11652_liz21_del_07_29.json","07",11652
145.441996,-14.694576,4815,3.55,2021-11-26 07:45:00,0.0537316869983873,5974.69099427406,"moving",29,-14.69295,145.44156,"run_day_11652_liz21_del_07_29.json","07",11652
145.441622,-14.693379,4816,3.55,2021-11-26 08:09:00,0.0529446787082303,5887.1796651814,"moving",29,-14.69295,145.44156,"run_day_11652_liz21_del_07_29.json","07",11652
145.441719,-14.693864,4816,3.55,2021-11-26 08:21:00,0.0549294653627975,6107.8778716411,"moving",29,-14.69295,145.44156,"run_day_11652_liz21_del_07_29.json","07",11652
145.441847,-14.694324,4816,3.55,2021-11-26 08:33:00,0.052970094749282,5890.00580000173,"moving",29,-14.69295,145.44156,"run_day_11652_liz21_del_07_29.json","07",11652
145.441602,-14.693192,4817,3.55,2021-11-26 08:06:00,0.0512882782473751,5702.9963374426,"moving",29,-14.69295,145.44156,"run_day_11652_liz21_del_07_29.json","07",11652
145.441691,-14.693667,4817,3.55,2021-11-26 08:18:00,0.0536780638890577,5968.7283765657,"moving",29,-14.69295,145.44156,"run_day_11652_liz21_del_07_29.json","07",11652
145.441803,-14.694134,4817,3.55,2021-11-26 08:30:00,0.0533070274112094,5927.47100262891,"moving",29,-14.69295,145.44156,"run_day_11652_liz21_del_07_29.json","07",11652
145.441943,-14.694571,4817,3.55,2021-11-26 08:42:00,0.050871872597931,5656.69414179828,"moving",29,-14.69295,145.44156,"run_day_11652_liz21_del_07_29.json","07",11652
145.441626,-14.693687,4818,3.55,2021-11-26 07:41:00,0.0570653343852277,6345.37567091261,"moving",29,-14.69295,145.44156,"run_day_11652_liz21_del_07_29.json","07",11652
145.441771,-14.694205,4818,3.55,2021-11-26 07:53:00,0.0596730685012748,6635.34247465498,"moving",29,-14.69295,145.44156,"run_day_11652_liz21_del_07_29.json","07",11652
145.441937,-14.694691,4818,3.55,2021-11-26 08:05:00,0.0569138710080943,6328.53371180292,"moving",29,-14.69295,145.44156,"run_day_11652_liz21_del_07_29.json","07",11652
145.441616,-14.693251,4819,3.55,2021-11-26 07:50:00,0.051984988428105,5780.46697488137,"moving",29,-14.69295,145.44156,"run_day_11652_liz21_del_07_29.json","07",11652
145.441712,-14.693742,4819,3.55,2021-11-26 08:02:00,0.0555645472927146,6178.49576025152,"moving",29,-14.69295,145.44156,"run_day_11652_liz21_del_07_29.json","07",11652
145.441835,-14.69421,4819,3.55,2021-11-26 08:14:00,0.0536945526283993,5970.56184072726,"moving",29,-14.69295,145.44156,"run_day_11652_liz21_del_07_29.json","07",11652
145.44198,-14.694651,4819,3.55,2021-11-26 08:26:00,0.0514573236382436,5721.79332727982,"moving",29,-14.69295,145.44156,"run_day_11652_liz21_del_07_29.json","07",11652
145.441499,-14.693324,4820,3.55,2021-11-26 08:09:00,0.0552700682111291,6145.75118037626,"moving",29,-14.69295,145.44156,"run_day_11652_liz21_del_07_29.json","07",11652
145.441611,-14.693825,4820,3.55,2021-11-26 08:21:00,0.0569962615572442,6337.69512287186,"moving",29,-14.69295,145.44156,"run_day_11652_liz21_del_07_29.json","07",11652
145.441752,-14.694327,4820,3.55,2021-11-26 08:33:00,0.0578433624816536,6431.88844802209,"moving",29,-14.69295,145.44156,"run_day_11652_liz21_del_07_29.json","07",11652
145.441691,-14.693575,4821,3.55,2021-11-26 07:37:00,0.0541448597545228,6020.63370858408,"moving",29,-14.69295,145.44156,"run_day_11652_liz21_del_07_29.json","07",11652
145.441815,-14.694059,4821,3.55,2021-11-26 07:49:00,0.0554463337281071,6165.3510116066,"moving",29,-14.69295,145.44156,"run_day_11652_liz21_del_07_29.json","07",11652
145.441957,-14.694518,4821,3.55,2021-11-26 08:01:00,0.0532747373196864,5923.88050827067,"moving",29,-14.69295,145.44156,"run_day_11652_liz21_del_07_29.json","07",11652
145.441471,-14.693523,4822,3.55,2021-11-26 07:34:00,0.0583773881887113,6491.26939734468,"moving",29,-14.69295,145.44156,"run_day_11652_liz21_del_07_29.json","07",11652
145.441622,-14.694059,4822,3.55,2021-11-26 07:46:00,0.0617737593783542,6868.92864263472,"moving",29,-14.69295,145.44156,"run_day_11652_liz21_del_07_29.json","07",11652
145.441803,-14.694593,4822,3.55,2021-11-26 07:58:00,0.0624880872121202,6948.3582737105,"moving",29,-14.69295,145.44156,"run_day_11652_liz21_del_07_29.json","07",11652
145.441644,-14.693554,4823,3.55,2021-11-26 07:12:00,0.0564074598556978,6272.22336086021,"moving",29,-14.69295,145.44156,"run_day_11652_liz21_del_07_29.json","07",11652
145.441786,-14.69406,4823,3.55,2021-11-26 07:24:00,0.0583007892081168,6482.75197931643,"moving",29,-14.69295,145.44156,"run_day_11652_liz21_del_07_29.json","07",11652
145.441937,-14.694545,4823,3.55,2021-11-26 07:36:00,0.0563220564039783,6262.72693031107,"moving",29,-14.69295,145.44156,"run_day_11652_liz21_del_07_29.json","07",11652
145.441674,-14.693361,4824,3.55,2021-11-26 07:23:00,0.0523118277366814,5816.80984782308,"moving",29,-14.69295,145.44156,"run_day_11652_liz21_del_07_29.json","07",11652
145.44178,-14.693839,4824,3.55,2021-11-26 07:35:00,0.0543602297919981,6044.58176410258,"moving",29,-14.69295,145.44156,"run_day_11652_liz21_del_07_29.json","07",11652
145.441914,-14.694296,4824,3.55,2021-11-26 07:47:00,0.0528204776472007,5873.36913731103,"moving",29,-14.69295,145.44156,"run_day_11652_liz21_del_07_29.json","07",11652
145.44164,-14.693529,4825,3.55,2021-11-26 07:37:00,0.0546419999911893,6075.91318073227,"moving",29,-14.69295,145.44156,"run_day_11652_liz21_del_07_29.json","07",11652
145.441768,-14.694035,4825,3.55,2021-11-26 07:49:00,0.05792453741095,6440.91468833058,"moving",29,-14.69295,145.44156,"run_day_11652_liz21_del_07_29.json","07",11652
145.441917,-14.694512,4825,3.55,2021-11-26 08:01:00,0.0554082766337083,6161.11925578661,"moving",29,-14.69295,145.44156,"run_day_11652_liz21_del_07_29.json","07",11652
145.441707,-14.693159,4826,3.55,2021-11-26 07:27:00,0.0485111271661606,5394.19122668608,"moving",29,-14.69295,145.44156,"run_day_11652_liz21_del_07_29.json","07",11652
145.441786,-14.693593,4826,3.55,2021-11-26 07:39:00,0.049000953137901,5448.65738968236,"moving",29,-14.69295,145.44156,"run_day_11652_liz21_del_07_29.json","07",11652
145.441892,-14.694009,4826,3.55,2021-11-26 07:51:00,0.0476414239325461,5297.48463942179,"moving",29,-14.69295,145.44156,"run_day_11652_liz21_del_07_29.json","07",11652
145.442011,-14.694423,4826,3.55,2021-11-26 08:03:00,0.0477809440174201,5312.9985650248,"moving",29,-14.69295,145.44156,"run_day_11652_liz21_del_07_29.json","07",11652
145.441505,-14.693377,4827,3.55,2021-11-26 07:41:00,0.0561198246939873,6240.23979015342,"moving",29,-14.69295,145.44156,"run_day_11652_liz21_del_07_29.json","07",11652
145.441632,-14.693897,4827,3.55,2021-11-26 07:53:00,0.0594129885874457,6606.42290771503,"moving",29,-14.69295,145.44156,"run_day_11652_liz21_del_07_29.json","07",11652
145.441792,-14.694417,4827,3.55,2021-11-26 08:05:00,0.0603280199959599,6708.16975806223,"moving",29,-14.69295,145.44156,"run_day_11652_liz21_del_07_29.json","07",11652
145.441594,-14.693361,4828,3.55,2021-11-26 07:51:00,0.0538803575312719,5991.22240327237,"moving",29,-14.69295,145.44156,"run_day_11652_liz21_del_07_29.json","07",11652
145.441702,-14.693863,4828,3.55,2021-11-26 08:03:00,0.0570157402103862,6339.86105027911,"moving",29,-14.69295,145.44156,"run_day_11652_liz21_del_07_29.json","07",11652
145.44184,-14.694345,4828,3.55,2021-11-26 08:15:00,0.0556133241026386,6183.91949405297,"moving",29,-14.69295,145.44156,"run_day_11652_liz21_del_07_29.json","07",11652
145.441704,-14.693508,4829,3.55,2021-11-26 07:20:00,0.0536673684839758,5967.53910178219,"moving",29,-14.69295,145.44156,"run_day_11652_liz21_del_07_29.json","07",11652
145.441826,-14.693978,4829,3.55,2021-11-26 07:32:00,0.0538838236253784,5991.6078153523,"moving",29,-14.69295,145.44156,"run_day_11652_liz21_del_07_29.json","07",11652
145.441961,-14.694436,4829,3.55,2021-11-26 07:44:00,0.0529568497205004,5888.53301999797,"moving",29,-14.69295,145.44156,"run_day_11652_liz21_del_07_29.json","07",11652
145.441573,-14.693489,4830,3.55,2021-11-26 07:57:00,0.0557325825739299,6197.18043101995,"moving",29,-14.69295,145.44156,"run_day_11652_liz21_del_07_29.json","07",11652
145.441694,-14.694,4830,3.55,2021-11-26 08:09:00,0.0582920252658097,6481.77747339447,"moving",29,-14.69295,145.44156,"run_day_11652_liz21_del_07_29.json","07",11652
145.441846,-14.694487,4830,3.55,2021-11-26 08:21:00,0.056566029839206,6289.85553854443,"moving",29,-14.69295,145.44156,"run_day_11652_liz21_del_07_29.json","07",11652
145.441591,-14.693419,4831,3.55,2021-11-26 07:43:00,0.0545374150736567,6064.28386849911,"moving",29,-14.69295,145.44156,"run_day_11652_liz21_del_07_29.json","07",11652
145.441709,-14.693929,4831,3.55,2021-11-26 07:55:00,0.0581123181704437,6461.79495610774,"moving",29,-14.69295,145.44156,"run_day_11652_liz21_del_07_29.json","07",11652
145.441857,-14.69442,4831,3.55,2021-11-26 08:07:00,0.0568700499832739,6323.66103616253,"moving",29,-14.69295,145.44156,"run_day_11652_liz21_del_07_29.json","07",11652
145.441537,-14.69339,4832,3.55,2021-11-26 07:36:00,0.0553444288498885,6154.01970614835,"moving",29,-14.69295,145.44156,"run_day_11652_liz21_del_07_29.json","07",11652
145.441664,-14.693907,4832,3.55,2021-11-26 07:48:00,0.0590883898875166,6570.3291790875,"moving",29,-14.69295,145.44156,"run_day_11652_liz21_del_07_29.json","07",11652
145.441821,-14.69442,4832,3.55,2021-11-26 08:00:00,0.059490013921462,6614.98773408075,"moving",29,-14.69295,145.44156,"run_day_11652_liz21_del_07_29.json","07",11652
145.441683,-14.693536,4833,3.55,2021-11-26 07:17:00,0.0548826262225749,6102.66959687995,"moving",29,-14.69295,145.44156,"run_day_11652_liz21_del_07_29.json","07",11652
145.441814,-14.694022,4833,3.55,2021-11-26 07:29:00,0.0558474086085866,6209.94850352048,"moving",29,-14.69295,145.44156,"run_day_11652_liz21_del_07_29.json","07",11652
145.441956,-14.694492,4833,3.55,2021-11-26 07:41:00,0.0544476685002352,6054.30450485091,"moving",29,-14.69295,145.44156,"run_day_11652_liz21_del_07_29.json","07",11652
145.441701,-14.693293,4834,3.55,2021-11-26 08:04:00,0.0502428719167708,5586.75245719729,"moving",29,-14.69295,145.44156,"run_day_11652_liz21_del_07_29.json","07",11652
145.44178,-14.693738,4834,3.55,2021-11-26 08:16:00,0.0502060140437008,5582.654048705,"moving",29,-14.69295,145.44156,"run_day_11652_liz21_del_07_29.json","07",11652
145.441884,-14.694151,4834,3.55,2021-11-26 08:28:00,0.0472662265694538,5255.76459615551,"moving",29,-14.69295,145.44156,"run_day_11652_liz21_del_07_29.json","07",11652
145.442009,-14.694555,4834,3.55,2021-11-26 08:40:00,0.0468915233477119,5214.09949890044,"moving",29,-14.69295,145.44156,"run_day_11652_liz21_del_07_29.json","07",11652
145.441602,-14.693552,4835,3.55,2021-11-26 07:48:00,0.0559500151073463,6221.35782562332,"moving",29,-14.69295,145.44156,"run_day_11652_liz21_del_07_29.json","07",11652
145.441732,-14.694067,4835,3.55,2021-11-26 08:00:00,0.0589477492628388,6554.6906551432,"moving",29,-14.69295,145.44156,"run_day_11652_liz21_del_07_29.json","07",11652
145.441887,-14.694552,4835,3.55,2021-11-26 08:12:00,0.0564476231228705,6276.68931240728,"moving",29,-14.69295,145.44156,"run_day_11652_liz21_del_07_29.json","07",11652
145.441671,-14.693331,4836,3.55,2021-11-26 07:45:00,0.051770580624082,5756.62591484101,"moving",29,-14.69295,145.44156,"run_day_11652_liz21_del_07_29.json","07",11652
145.441765,-14.693811,4836,3.55,2021-11-26 07:57:00,0.0543227344630257,6040.41247374798,"moving",29,-14.69295,145.44156,"run_day_11652_liz21_del_07_29.json","07",11652
145.441888,-14.694256,4836,3.55,2021-11-26 08:09:00,0.051219788248364,5695.38059702667,"moving",29,-14.69295,145.44156,"run_day_11652_liz21_del_07_29.json","07",11652
145.44203,-14.694685,4836,3.55,2021-11-26 08:21:00,0.0500880423230235,5569.53619187815,"moving",29,-14.69295,145.44156,"run_day_11652_liz21_del_07_29.json","07",11652
145.441614,-14.693646,4837,3.55,2021-11-26 08:00:00,0.0565583800240893,6289.00491791369,"moving",29,-14.69295,145.44156,"run_day_11652_liz21_del_07_29.json","07",11652
145.441744,-14.694154,4837,3.55,2021-11-26 08:12:00,0.0581918907153332,6470.64301939965,"moving",29,-14.69295,145.44156,"run_day_11652_liz21_del_07_29.json","07",11652
145.441901,-14.694627,4837,3.55,2021-11-26 08:24:00,0.0552395936802292,6142.36256714831,"moving",29,-14.69295,145.44156,"run_day_11652_liz21_del_07_29.json","07",11652
145.441632,-14.693672,4838,3.55,2021-11-26 07:47:00,0.0566249205661622,6296.40388860837,"moving",29,-14.69295,145.44156,"run_day_11652_liz21_del_07_29.json","07",11652
145.441771,-14.694186,4838,3.55,2021-11-26 07:59:00,0.0590772550570438,6569.09104242988,"moving",29,-14.69295,145.44156,"run_day_11652_liz21_del_07_29.json","07",11652
145.441932,-14.694664,4838,3.55,2021-11-26 08:11:00,0.0559009869456101,6215.90614277555,"moving",29,-14.69295,145.44156,"run_day_11652_liz21_del_07_29.json","07",11652
145.441724,-14.693491,4839,3.55,2021-11-26 07:16:00,0.0533888796061269,5936.57255143846,"moving",29,-14.69295,145.44156,"run_day_11652_liz21_del_07_29.json","07",11652
145.44184,-14.693945,4839,3.55,2021-11-26 07:28:00,0.0520014639800882,5782.29897267557,"moving",29,-14.69295,145.44156,"run_day_11652_liz21_del_07_29.json","07",11652
145.441971,-14.694393,4839,3.55,2021-11-26 07:40:00,0.0517696647496138,5756.52407424671,"moving",29,-14.69295,145.44156,"run_day_11652_liz21_del_07_29.json","07",11652
145.441583,-14.693228,4840,3.55,2021-11-26 07:48:00,0.0524443524711635,5831.54592595241,"moving",29,-14.69295,145.44156,"run_day_11652_liz21_del_07_29.json","07",11652
145.441683,-14.693722,4840,3.55,2021-11-26 08:00:00,0.0559734351094784,6223.96201104242,"moving",29,-14.69295,145.44156,"run_day_11652_liz21_del_07_29.json","07",11652
145.441811,-14.694208,4840,3.55,2021-11-26 08:12:00,0.0557668698460074,6200.99300172345,"moving",29,-14.69295,145.44156,"run_day_11652_liz21_del_07_29.json","07",11652
145.441961,-14.69466,4840,3.55,2021-11-26 08:24:00,0.0527861217692382,5869.54893798119,"moving",29,-14.69295,145.44156,"run_day_11652_liz21_del_07_29.json","07",11652
145.441691,-14.693378,4841,3.55,2021-11-26 07:58:00,0.0517414002783525,5753.38120843816,"moving",29,-14.69295,145.44156,"run_day_11652_liz21_del_07_29.json","07",11652
145.441781,-14.693842,4841,3.55,2021-11-26 08:10:00,0.0524947067160511,5837.14506251893,"moving",29,-14.69295,145.44156,"run_day_11652_liz21_del_07_29.json","07",11652
145.441898,-14.69427,4841,3.55,2021-11-26 08:22:00,0.0492271155006231,5473.80549701501,"moving",29,-14.69295,145.44156,"run_day_11652_liz21_del_07_29.json","07",11652
145.442036,-14.694686,4841,3.55,2021-11-26 08:34:00,0.0485801712316395,5401.86857648225,"moving",29,-14.69295,145.44156,"run_day_11652_liz21_del_07_29.json","07",11652
145.44166,-14.693233,4842,3.55,2021-11-26 07:25:00,0.0507435696707535,5642.42750722249,"moving",29,-14.69295,145.44156,"run_day_11652_liz21_del_07_29.json","07",11652
145.441755,-14.693708,4842,3.55,2021-11-26 07:37:00,0.0537969004076599,5981.94239453437,"moving",29,-14.69295,145.44156,"run_day_11652_liz21_del_07_29.json","07",11652
145.441881,-14.694162,4842,3.55,2021-11-26 07:49:00,0.0522699568497232,5812.15401761922,"moving",29,-14.69295,145.44156,"run_day_11652_liz21_del_07_29.json","07",11652
145.442021,-14.694607,4842,3.55,2021-11-26 08:01:00,0.0517222383373841,5751.25049781781,"moving",29,-14.69295,145.44156,"run_day_11652_liz21_del_07_29.json","07",11652
145.441532,-14.693343,4843,3.55,2021-11-26 07:17:00,0.0557445676472429,6198.51311036782,"moving",29,-14.69295,145.44156,"run_day_11652_liz21_del_07_29.json","07",11652
145.441662,-14.693854,4843,3.55,2021-11-26 07:29:00,0.0585157618551911,6506.65584703844,"moving",29,-14.69295,145.44156,"run_day_11652_liz21_del_07_29.json","07",11652
145.441821,-14.694371,4843,3.55,2021-11-26 07:41:00,0.0599776150695413,6669.20650797322,"moving",29,-14.69295,145.44156,"run_day_11652_liz21_del_07_29.json","07",11652
145.44156,-14.693666,4844,3.55,2021-11-26 07:57:00,0.0580274460064834,6452.35760206201,"moving",29,-14.69295,145.44156,"run_day_11652_liz21_del_07_29.json","07",11652
145.441701,-14.694189,4844,3.55,2021-11-26 08:09:00,0.0600998893952863,6682.80279265496,"moving",29,-14.69295,145.44156,"run_day_11652_liz21_del_07_29.json","07",11652
145.441871,-14.694683,4844,3.55,2021-11-26 08:21:00,0.0578936379749432,6437.47882781045,"moving",29,-14.69295,145.44156,"run_day_11652_liz21_del_07_29.json","07",11652
145.441653,-14.693405,4845,3.55,2021-11-26 07:30:00,0.0528125163694689,5872.48388361765,"moving",29,-14.69295,145.44156,"run_day_11652_liz21_del_07_29.json","07",11652
145.441766,-14.693898,4845,3.55,2021-11-26 07:42:00,0.0561502956737694,6243.62800851507,"moving",29,-14.69295,145.44156,"run_day_11652_liz21_del_07_29.json","07",11652
145.441905,-14.694366,4845,3.55,2021-11-26 07:54:00,0.0541442606476958,6020.5670909444,"moving",29,-14.69295,145.44156,"run_day_11652_liz21_del_07_29.json","07",11652
145.441484,-14.693402,4846,3.55,2021-11-26 07:32:00,0.056708644721641,6305.71358993521,"moving",29,-14.69295,145.44156,"run_day_11652_liz21_del_07_29.json","07",11652
145.441622,-14.693926,4846,3.55,2021-11-26 07:44:00,0.0601270288922671,6685.8205670309,"moving",29,-14.69295,145.44156,"run_day_11652_liz21_del_07_29.json","07",11652
145.44179,-14.694456,4846,3.55,2021-11-26 07:56:00,0.0616413138997955,6854.20137736198,"moving",29,-14.69295,145.44156,"run_day_11652_liz21_del_07_29.json","07",11652
145.441759,-14.693193,4847,3.55,2021-11-26 07:16:00,0.0474305436106467,5274.0358174974,"moving",29,-14.69295,145.44156,"run_day_11652_liz21_del_07_29.json","07",11652
145.441831,-14.693581,4847,3.55,2021-11-26 07:28:00,0.0438331585362447,4874.02484803704,"moving",29,-14.69295,145.44156,"run_day_11652_liz21_del_07_29.json","07",11652
145.441932,-14.693965,4847,3.55,2021-11-26 07:40:00,0.0440591105797867,4899.14956894389,"moving",29,-14.69295,145.44156,"run_day_11652_liz21_del_07_29.json","07",11652
145.442043,-14.69436,4847,3.55,2021-11-26 07:52:00,0.0455157154095354,5061.1166361379,"moving",29,-14.69295,145.44156,"run_day_11652_liz21_del_07_29.json","07",11652
145.441711,-14.693501,4848,3.55,2021-11-26 08:02:00,0.0526717126551889,5856.827224937,"moving",29,-14.69295,145.44156,"run_day_11652_liz21_del_07_29.json","07",11652
145.441808,-14.693954,4848,3.55,2021-11-26 08:14:00,0.0514404401138499,5719.91596502335,"moving",29,-14.69295,145.44156,"run_day_11652_liz21_del_07_29.json","07",11652
145.441931,-14.694377,4848,3.55,2021-11-26 08:26:00,0.0488605935319082,5433.05011359014,"moving",29,-14.69295,145.44156,"run_day_11652_liz21_del_07_29.json","07",11652
145.441561,-14.693416,4849,3.55,2021-11-26 07:12:00,0.0565592180044339,6289.09809707663,"moving",29,-14.69295,145.44156,"run_day_11652_liz21_del_07_29.json","07",11652
145.441698,-14.693933,4849,3.55,2021-11-26 07:24:00,0.0593462671222353,6599.00381928534,"moving",29,-14.69295,145.44156,"run_day_11652_liz21_del_07_29.json","07",11652
145.441857,-14.694441,4849,3.55,2021-11-26 07:36:00,0.0590190929652066,6562.62371289454,"moving",29,-14.69295,145.44156,"run_day_11652_liz21_del_07_29.json","07",11652
145.44158,-14.69331,4850,3.55,2021-11-26 07:55:00,0.053576655870304,5957.45231935922,"moving",29,-14.69295,145.44156,"run_day_11652_liz21_del_07_29.json","07",11652
145.441683,-14.693808,4850,3.55,2021-11-26 08:07:00,0.0564724034184969,6279.44475556169,"moving",29,-14.69295,145.44156,"run_day_11652_liz21_del_07_29.json","07",11652
145.441816,-14.694291,4850,3.55,2021-11-26 08:19:00,0.0555796528490327,6180.17542147823,"moving",29,-14.69295,145.44156,"run_day_11652_liz21_del_07_29.json","07",11652
145.441666,-14.6932,4851,3.55,2021-11-26 07:31:00,0.0498952165416875,5548.09494326732,"moving",29,-14.69295,145.44156,"run_day_11652_liz21_del_07_29.json","07",11652
145.441755,-14.69367,4851,3.55,2021-11-26 07:43:00,0.0531310941486239,5907.90811640138,"moving",29,-14.69295,145.44156,"run_day_11652_liz21_del_07_29.json","07",11652
145.441873,-14.694116,4851,3.55,2021-11-26 07:55:00,0.0511912409733984,5692.20628488096,"moving",29,-14.69295,145.44156,"run_day_11652_liz21_del_07_29.json","07",11652
145.442007,-14.694551,4851,3.55,2021-11-26 08:07:00,0.0504714285519744,5612.16679548288,"moving",29,-14.69295,145.44156,"run_day_11652_liz21_del_07_29.json","07",11652
145.441542,-14.693573,4852,3.55,2021-11-26 08:06:00,0.057065335783391,6345.37582638127,"moving",29,-14.69295,145.44156,"run_day_11652_liz21_del_07_29.json","07",11652
145.44167,-14.694084,4852,3.55,2021-11-26 08:18:00,0.0584647285005753,6500.98119691552,"moving",29,-14.69295,145.44156,"run_day_11652_liz21_del_07_29.json","07",11652
145.441832,-14.694578,4852,3.55,2021-11-26 08:30:00,0.0576276589576756,6407.90331049639,"moving",29,-14.69295,145.44156,"run_day_11652_liz21_del_07_29.json","07",11652
145.44172,-14.693471,4853,3.55,2021-11-26 08:08:00,0.0515216006793183,5728.94060814705,"moving",29,-14.69295,145.44156,"run_day_11652_liz21_del_07_29.json","07",11652
145.441811,-14.693911,4853,3.55,2021-11-26 08:20:00,0.0498952102938774,5548.09424854253,"moving",29,-14.69295,145.44156,"run_day_11652_liz21_del_07_29.json","07",11652
145.441926,-14.694323,4853,3.55,2021-11-26 08:32:00,0.0474527613387869,5276.50631614816,"moving",29,-14.69295,145.44156,"run_day_11652_liz21_del_07_29.json","07",11652
145.441501,-14.693605,4854,3.55,2021-11-26 07:24:00,0.0590772651175449,6569.09216110656,"moving",29,-14.69295,145.44156,"run_day_11652_liz21_del_07_29.json","07",11652
145.441662,-14.69414,4854,3.55,2021-11-26 07:36:00,0.0619584504377342,6889.46535143438,"moving",29,-14.69295,145.44156,"run_day_11652_liz21_del_07_29.json","07",11652
145.441845,-14.69467,4854,3.55,2021-11-26 07:48:00,0.062133407219325,6908.91965792934,"moving",29,-14.69295,145.44156,"run_day_11652_liz21_del_07_29.json","07",11652
145.441496,-14.693406,4855,3.55,2021-11-26 07:11:00,0.0579469599600505,6443.40796203299,"moving",29,-14.69295,145.44156,"run_day_11652_liz21_del_07_29.json","07",11652
145.441641,-14.69393,4855,3.55,2021-11-26 07:23:00,0.0603173059762898,6706.97841343094,"moving",29,-14.69295,145.44156,"run_day_11652_liz21_del_07_29.json","07",11652
145.44181,-14.694457,4855,3.55,2021-11-26 07:35:00,0.0613542419743791,6822.28043567359,"moving",29,-14.69295,145.44156,"run_day_11652_liz21_del_07_29.json","07",11652
145.441757,-14.69343,4856,3.55,2021-11-26 07:25:00,0.0496954122851052,5525.87772361338,"moving",29,-14.69295,145.44156,"run_day_11652_liz21_del_07_29.json","07",11652
145.441854,-14.69385,4856,3.55,2021-11-26 07:37:00,0.0478530616595226,5321.01768094816,"moving",29,-14.69295,145.44156,"run_day_11652_liz21_del_07_29.json","07",11652
145.441973,-14.694266,4856,3.55,2021-11-26 07:49:00,0.0479952456551767,5336.82781991495,"moving",29,-14.69295,145.44156,"run_day_11652_liz21_del_07_29.json","07",11652
145.441686,-14.693396,4857,3.55,2021-11-26 07:24:00,0.05235752658456,5821.89132786068,"moving",29,-14.69295,145.44156,"run_day_11652_liz21_del_07_29.json","07",11652
145.441795,-14.69387,4857,3.55,2021-11-26 07:36:00,0.0539945657185172,6003.92177427533,"moving",29,-14.69295,145.44156,"run_day_11652_liz21_del_07_29.json","07",11652
145.441928,-14.694323,4857,3.55,2021-11-26 07:48:00,0.0523632299417526,5822.52551224535,"moving",29,-14.69295,145.44156,"run_day_11652_liz21_del_07_29.json","07",11652
145.4416,-14.693179,4858,3.55,2021-11-26 07:21:00,0.0516838150753274,5746.97802601197,"moving",29,-14.69295,145.44156,"run_day_11652_liz21_del_07_29.json","07",11652
145.441702,-14.693664,4858,3.55,2021-11-26 07:33:00,0.0550341471479439,6119.51795506148,"moving",29,-14.69295,145.44156,"run_day_11652_liz21_del_07_29.json","07",11652
145.441836,-14.694148,4858,3.55,2021-11-26 07:45:00,0.0557148385408546,6195.20738456376,"moving",29,-14.69295,145.44156,"run_day_11652_liz21_del_07_29.json","07",11652
145.441984,-14.694612,4858,3.55,2021-11-26 07:57:00,0.0539943361006543,6003.8962419339,"moving",29,-14.69295,145.44156,"run_day_11652_liz21_del_07_29.json","07",11652
145.44172,-14.693245,4859,3.55,2021-11-26 07:57:00,0.0493295204304003,5485.19240566963,"moving",29,-14.69295,145.44156,"run_day_11652_liz21_del_07_29.json","07",11652
145.441794,-14.693674,4859,3.55,2021-11-26 08:09:00,0.0483620842669309,5377.61841243935,"moving",29,-14.69295,145.44156,"run_day_11652_liz21_del_07_29.json","07",11652
145.44189,-14.694074,4859,3.55,2021-11-26 08:21:00,0.0456607905058863,5077.24825083459,"moving",29,-14.69295,145.44156,"run_day_11652_liz21_del_07_29.json","07",11652
145.442008,-14.694469,4859,3.55,2021-11-26 08:33:00,0.0457189774674284,5083.71834575494,"moving",29,-14.69295,145.44156,"run_day_11652_liz21_del_07_29.json","07",11652
145.441501,-14.693429,4860,3.55,2021-11-26 08:03:00,0.0567511041507614,6310.43486304163,"moving",29,-14.69295,145.44156,"run_day_11652_liz21_del_07_29.json","07",11652
145.441623,-14.693941,4860,3.55,2021-11-26 08:15:00,0.0584244829856639,6496.50609983717,"moving",29,-14.69295,145.44156,"run_day_11652_liz21_del_07_29.json","07",11652
145.441778,-14.694446,4860,3.55,2021-11-26 08:27:00,0.0585760004031271,6513.35406795736,"moving",29,-14.69295,145.44156,"run_day_11652_liz21_del_07_29.json","07",11652
145.44156,-14.693217,4861,3.55,2021-11-26 07:52:00,0.0529477215576824,5887.51801460301,"moving",29,-14.69295,145.44156,"run_day_11652_liz21_del_07_29.json","07",11652
145.441662,-14.693712,4861,3.55,2021-11-26 08:04:00,0.0561242154483763,6240.72801976561,"moving",29,-14.69295,145.44156,"run_day_11652_liz21_del_07_29.json","07",11652
145.44179,-14.694204,4861,3.55,2021-11-26 08:16:00,0.0564136292546244,6272.90936672129,"moving",29,-14.69295,145.44156,"run_day_11652_liz21_del_07_29.json","07",11652
145.441942,-14.69466,4861,3.55,2021-11-26 08:28:00,0.053275410335624,5923.95534422848,"moving",29,-14.69295,145.44156,"run_day_11652_liz21_del_07_29.json","07",11652
145.441773,-14.693572,4862,3.55,2021-11-26 07:13:00,0.0516319572436243,5741.2116982198,"moving",29,-14.69295,145.44156,"run_day_11652_liz21_del_07_29.json","07",11652
145.441891,-14.694,4862,3.55,2021-11-26 07:25:00,0.0492547252386289,5476.87555980724,"moving",29,-14.69295,145.44156,"run_day_11652_liz21_del_07_29.json","07",11652
145.442015,-14.694438,4862,3.55,2021-11-26 07:37:00,0.0504965353366458,5614.95854256269,"moving",29,-14.69295,145.44156,"run_day_11652_liz21_del_07_29.json","07",11652
145.441688,-14.693555,4863,3.55,2021-11-26 07:50:00,0.0540644623313604,6011.69392301313,"moving",29,-14.69295,145.44156,"run_day_11652_liz21_del_07_29.json","07",11652
145.441802,-14.694037,4863,3.55,2021-11-26 08:02:00,0.054980672800948,6113.5718789699,"moving",29,-14.69295,145.44156,"run_day_11652_liz21_del_07_29.json","07",11652
145.441939,-14.694484,4863,3.55,2021-11-26 08:14:00,0.0518424006227167,5764.61193432081,"moving",29,-14.69295,145.44156,"run_day_11652_liz21_del_07_29.json","07",11652
145.441746,-14.693426,4864,3.55,2021-11-26 07:15:00,0.0515225242344057,5729.04330278725,"moving",29,-14.69295,145.44156,"run_day_11652_liz21_del_07_29.json","07",11652
145.441848,-14.693856,4864,3.55,2021-11-26 07:27:00,0.0490563260303736,5454.81457439895,"moving",29,-14.69295,145.44156,"run_day_11652_liz21_del_07_29.json","07",11652
145.441972,-14.694283,4864,3.55,2021-11-26 07:39:00,0.0493178861926439,5483.89873745573,"moving",29,-14.69295,145.44156,"run_day_11652_liz21_del_07_29.json","07",11652
145.441729,-14.69353,4865,3.55,2021-11-26 07:21:00,0.0530609835767047,5900.11217649982,"moving",29,-14.69295,145.44156,"run_day_11652_liz21_del_07_29.json","07",11652
145.441848,-14.693984,4865,3.55,2021-11-26 07:33:00,0.0520798252881212,5791.01235257407,"moving",29,-14.69295,145.44156,"run_day_11652_liz21_del_07_29.json","07",11652
145.441979,-14.694433,4865,3.55,2021-11-26 07:45:00,0.0518766701339492,5768.42253010845,"moving",29,-14.69295,145.44156,"run_day_11652_liz21_del_07_29.json","07",11652
145.441576,-14.693244,4866,3.55,2021-11-26 07:31:00,0.0524760723183132,5835.0730120294,"moving",29,-14.69295,145.44156,"run_day_11652_liz21_del_07_29.json","07",11652
145.441684,-14.693742,4866,3.55,2021-11-26 07:43:00,0.0565803634836197,6291.44936708356,"moving",29,-14.69295,145.44156,"run_day_11652_liz21_del_07_29.json","07",11652
145.441823,-14.694239,4866,3.55,2021-11-26 07:55:00,0.0572504717346562,6365.96200490148,"moving",29,-14.69295,145.44156,"run_day_11652_liz21_del_07_29.json","07",11652
145.441666,-14.693557,4867,3.55,2021-11-26 08:02:00,0.0543028207694575,6038.19817205244,"moving",29,-14.69295,145.44156,"run_day_11652_liz21_del_07_29.json","07",11652
145.441777,-14.694041,4867,3.55,2021-11-26 08:14:00,0.0551267021780644,6129.80960484631,"moving",29,-14.69295,145.44156,"run_day_11652_liz21_del_07_29.json","07",11652
145.441915,-14.69449,4867,3.55,2021-11-26 08:26:00,0.0520862049226148,5791.72173556361,"moving",29,-14.69295,145.44156,"run_day_11652_liz21_del_07_29.json","07",11652
145.441516,-14.69357,4868,3.55,2021-11-26 07:50:00,0.058198154612966,6471.33953303744,"moving",29,-14.69295,145.44156,"run_day_11652_liz21_del_07_29.json","07",11652
145.441657,-14.694099,4868,3.55,2021-11-26 08:02:00,0.0607457030303688,6754.61399243401,"moving",29,-14.69295,145.44156,"run_day_11652_liz21_del_07_29.json","07",11652
145.441829,-14.694611,4868,3.55,2021-11-26 08:14:00,0.059862171160429,6656.36973096793,"moving",29,-14.69295,145.44156,"run_day_11652_liz21_del_07_29.json","07",11652
145.441636,-14.693529,4869,3.55,2021-11-26 07:47:00,0.054903806850017,6105.02477519466,"moving",29,-14.69295,145.44156,"run_day_11652_liz21_del_07_29.json","07",11652
145.441759,-14.694034,4869,3.55,2021-11-26 07:59:00,0.0576908387831727,6414.92858655795,"moving",29,-14.69295,145.44156,"run_day_11652_liz21_del_07_29.json","07",11652
145.441905,-14.694505,4869,3.55,2021-11-26 08:11:00,0.05467641710023,6079.74018864737,"moving",29,-14.69295,145.44156,"run_day_11652_liz21_del_07_29.json","07",11652
145.441549,-14.693218,4870,3.55,2021-11-26 07:34:00,0.0528494587114296,5876.59168462205,"moving",29,-14.69295,145.44156,"run_day_11652_liz21_del_07_29.json","07",11652
145.441659,-14.693717,4870,3.55,2021-11-26 07:46:00,0.0567336654097261,6308.49576351144,"moving",29,-14.69295,145.44156,"run_day_11652_liz21_del_07_29.json","07",11652
145.441799,-14.694224,4870,3.55,2021-11-26 07:58:00,0.0583522230288025,6488.47115923463,"moving",29,-14.69295,145.44156,"run_day_11652_liz21_del_07_29.json","07",11652
145.441959,-14.694695,4870,3.55,2021-11-26 08:10:00,0.0551277658185848,6129.92787627595,"moving",29,-14.69295,145.44156,"run_day_11652_liz21_del_07_29.json","07",11652
145.441726,-14.693513,4871,3.55,2021-11-26 07:24:00,0.0528030038503795,5871.4261397553,"moving",29,-14.69295,145.44156,"run_day_11652_liz21_del_07_29.json","07",11652
145.441842,-14.693967,4871,3.55,2021-11-26 07:36:00,0.0520014636788627,5782.29893918083,"moving",29,-14.69295,145.44156,"run_day_11652_liz21_del_07_29.json","07",11652
145.441973,-14.694412,4871,3.55,2021-11-26 07:48:00,0.0514487527540077,5720.84028843593,"moving",29,-14.69295,145.44156,"run_day_11652_liz21_del_07_29.json","07",11652
145.441566,-14.69322,4872,3.55,2021-11-26 08:03:00,0.0527704565245191,5867.80704224378,"moving",29,-14.69295,145.44156,"run_day_11652_liz21_del_07_29.json","07",11652
145.441663,-14.693705,4872,3.55,2021-11-26 08:15:00,0.0549294668048301,6107.87803198781,"moving",29,-14.69295,145.44156,"run_day_11652_liz21_del_07_29.json","07",11652
145.441785,-14.694189,4872,3.55,2021-11-26 08:27:00,0.0553949805864837,6159.64080279081,"moving",29,-14.69295,145.44156,"run_day_11652_liz21_del_07_29.json","07",11652
145.441934,-14.694639,4872,3.55,2021-11-26 08:39:00,0.0525415115063712,5842.34951774518,"moving",29,-14.69295,145.44156,"run_day_11652_liz21_del_07_29.json","07",11652
145.44172,-14.69347,4873,3.55,2021-11-26 07:19:00,0.0529319252251651,5885.7615425675,"moving",29,-14.69295,145.44156,"run_day_11652_liz21_del_07_29.json","07",11652
145.441834,-14.693925,4873,3.55,2021-11-26 07:31:00,0.0520583306995188,5788.62226337117,"moving",29,-14.69295,145.44156,"run_day_11652_liz21_del_07_29.json","07",11652
145.441964,-14.694372,4873,3.55,2021-11-26 07:43:00,0.0516334457647126,5741.37721421302,"moving",29,-14.69295,145.44156,"run_day_11652_liz21_del_07_29.json","07",11652
145.441668,-14.693271,4874,3.55,2021-11-26 07:16:00,0.051963508441211,5778.07850931437,"moving",29,-14.69295,145.44156,"run_day_11652_liz21_del_07_29.json","07",11652
145.441767,-14.693745,4874,3.55,2021-11-26 07:28:00,0.0537712760915151,5979.09310058034,"moving",29,-14.69295,145.44156,"run_day_11652_liz21_del_07_29.json","07",11652
145.441899,-14.694199,4874,3.55,2021-11-26 07:40:00,0.052440983866414,5831.1713541944,"moving",29,-14.69295,145.44156,"run_day_11652_liz21_del_07_29.json","07",11652
145.442041,-14.69465,4874,3.55,2021-11-26 07:52:00,0.0524231357008404,5829.18672873269,"moving",29,-14.69295,145.44156,"run_day_11652_liz21_del_07_29.json","07",11652
145.441693,-14.693466,4875,3.55,2021-11-26 07:27:00,0.0529031450368865,5882.56133164305,"moving",29,-14.69295,145.44156,"run_day_11652_liz21_del_07_29.json","07",11652
145.441808,-14.693941,4875,3.55,2021-11-26 07:39:00,0.0542466150150157,6031.94837731029,"moving",29,-14.69295,145.44156,"run_day_11652_liz21_del_07_29.json","07",11652
145.441943,-14.694396,4875,3.55,2021-11-26 07:51:00,0.0526361297668414,5852.87058827741,"moving",29,-14.69295,145.44156,"run_day_11652_liz21_del_07_29.json","07",11652
145.441699,-14.693238,4876,3.55,2021-11-26 07:48:00,0.0498429702717627,5542.28542311557,"moving",29,-14.69295,145.44156,"run_day_11652_liz21_del_07_29.json","07",11652
145.441779,-14.693691,4876,3.55,2021-11-26 08:00:00,0.0511009641669944,5682.16796201516,"moving",29,-14.69295,145.44156,"run_day_11652_liz21_del_07_29.json","07",11652
145.441885,-14.694111,4876,3.55,2021-11-26 08:12:00,0.0480733961123497,5345.51775426754,"moving",29,-14.69295,145.44156,"run_day_11652_liz21_del_07_29.json","07",11652
145.44201,-14.694521,4876,3.55,2021-11-26 08:24:00,0.0475310669080435,5285.21349817751,"moving",29,-14.69295,145.44156,"run_day_11652_liz21_del_07_29.json","07",11652
145.441506,-14.693291,4877,3.55,2021-11-26 07:25:00,0.055148736508639,6132.25971061821,"moving",29,-14.69295,145.44156,"run_day_11652_liz21_del_07_29.json","07",11652
145.441632,-14.693801,4877,3.55,2021-11-26 07:37:00,0.0583062950846238,6483.36420485074,"moving",29,-14.69295,145.44156,"run_day_11652_liz21_del_07_29.json","07",11652
145.44179,-14.694323,4877,3.55,2021-11-26 07:49:00,0.0604804079489918,6725.11452532113,"moving",29,-14.69295,145.44156,"run_day_11652_liz21_del_07_29.json","07",11652
145.441717,-14.693649,4878,3.55,2021-11-26 07:43:00,0.0545412556497661,6064.71092107787,"moving",29,-14.69295,145.44156,"run_day_11652_liz21_del_07_29.json","07",11652
145.44184,-14.69412,4878,3.55,2021-11-26 07:55:00,0.0540179173482482,6006.51835703029,"moving",29,-14.69295,145.44156,"run_day_11652_liz21_del_07_29.json","07",11652
145.441982,-14.694569,4878,3.55,2021-11-26 08:07:00,0.0522104354171943,5805.5355362954,"moving",29,-14.69295,145.44156,"run_day_11652_liz21_del_07_29.json","07",11652
145.44164,-14.69358,4879,3.55,2021-11-26 07:42:00,0.0553170671525608,6150.97722422112,"moving",29,-14.69295,145.44156,"run_day_11652_liz21_del_07_29.json","07",11652
145.44177,-14.694088,4879,3.55,2021-11-26 07:54:00,0.0581918917294835,6470.64313216803,"moving",29,-14.69295,145.44156,"run_day_11652_liz21_del_07_29.json","07",11652
145.441923,-14.694564,4879,3.55,2021-11-26 08:06:00,0.0554280510269255,6163.31806798984,"moving",29,-14.69295,145.44156,"run_day_11652_liz21_del_07_29.json","07",11652
145.441646,-14.693612,4880,3.55,2021-11-26 07:33:00,0.0554925722307824,6170.49249851973,"moving",29,-14.69295,145.44156,"run_day_11652_liz21_del_07_29.json","07",11652
145.441785,-14.69412,4880,3.55,2021-11-26 07:45:00,0.0584320480099745,6497.34729216045,"moving",29,-14.69295,145.44156,"run_day_11652_liz21_del_07_29.json","07",11652
145.441941,-14.694601,4880,3.55,2021-11-26 07:57:00,0.0560549391392182,6233.02484565057,"moving",29,-14.69295,145.44156,"run_day_11652_liz21_del_07_29.json","07",11652
145.441619,-14.693628,4881,3.55,2021-11-26 07:32:00,0.0563057282616487,6260.91132372249,"moving",29,-14.69295,145.44156,"run_day_11652_liz21_del_07_29.json","07",11652
145.441764,-14.694145,4881,3.55,2021-11-26 07:44:00,0.0595657466528883,6623.40882959628,"moving",29,-14.69295,145.44156,"run_day_11652_liz21_del_07_29.json","07",11652
145.441927,-14.694637,4881,3.55,2021-11-26 07:56:00,0.0574484492781648,6387.97610332919,"moving",29,-14.69295,145.44156,"run_day_11652_liz21_del_07_29.json","07",11652
145.441526,-14.693356,4882,3.55,2021-11-26 07:47:00,0.0554276277382296,6163.27100043435,"moving",29,-14.69295,145.44156,"run_day_11652_liz21_del_07_29.json","07",11652
145.441645,-14.693871,4882,3.55,2021-11-26 07:59:00,0.058678364992475,6524.73649096091,"moving",29,-14.69295,145.44156,"run_day_11652_liz21_del_07_29.json","07",11652
145.441796,-14.69438,4882,3.55,2021-11-26 08:11:00,0.0588824038678935,6547.4245787457,"moving",29,-14.69295,145.44156,"run_day_11652_liz21_del_07_29.json","07",11652
145.441577,-14.693647,4883,3.55,2021-11-26 07:40:00,0.0575335755601906,6397.44171401458,"moving",29,-14.69295,145.44156,"run_day_11652_liz21_del_07_29.json","07",11652
145.441725,-14.694175,4883,3.55,2021-11-26 07:52:00,0.060830706397114,6764.06593556379,"moving",29,-14.69295,145.44156,"run_day_11652_liz21_del_07_29.json","07",11652
145.441897,-14.694677,4883,3.55,2021-11-26 08:04:00,0.0588056561297739,6538.89061963535,"moving",29,-14.69295,145.44156,"run_day_11652_liz21_del_07_29.json","07",11652
145.441752,-14.693167,4884,3.55,2021-11-26 07:25:00,0.0467548438886373,5198.90143647482,"moving",29,-14.69295,145.44156,"run_day_11652_liz21_del_07_29.json","07",11652
145.441823,-14.693558,4884,3.55,2021-11-26 07:37:00,0.0441428006954715,4908.45548521833,"moving",29,-14.69295,145.44156,"run_day_11652_liz21_del_07_29.json","07",11652
145.441918,-14.693941,4884,3.55,2021-11-26 07:49:00,0.0437963116890865,4869.92766557021,"moving",29,-14.69295,145.44156,"run_day_11652_liz21_del_07_29.json","07",11652
145.442027,-14.694328,4884,3.55,2021-11-26 08:01:00,0.0446008856278703,4959.3922056734,"moving",29,-14.69295,145.44156,"run_day_11652_liz21_del_07_29.json","07",11652
145.441606,-14.693223,4885,3.55,2021-11-26 07:56:00,0.051897799906428,5770.77205360925,"moving",29,-14.69295,145.44156,"run_day_11652_liz21_del_07_29.json","07",11652
145.441699,-14.693708,4885,3.55,2021-11-26 08:08:00,0.0548493756713847,6098.97230427947,"moving",29,-14.69295,145.44156,"run_day_11652_liz21_del_07_29.json","07",11652
145.441817,-14.694178,4885,3.55,2021-11-26 08:20:00,0.0537806666687457,5980.13728512664,"moving",29,-14.69295,145.44156,"run_day_11652_liz21_del_07_29.json","07",11652
145.441961,-14.694618,4885,3.55,2021-11-26 08:32:00,0.0513188065638515,5706.39093135377,"moving",29,-14.69295,145.44156,"run_day_11652_liz21_del_07_29.json","07",11652
145.44147,-14.693401,4886,3.55,2021-11-26 07:54:00,0.057358946651754,6378.02386535094,"moving",29,-14.69295,145.44156,"run_day_11652_liz21_del_07_29.json","07",11652
145.441598,-14.693923,4886,3.55,2021-11-26 08:06:00,0.0596541737140539,6633.24147017598,"moving",29,-14.69295,145.44156,"run_day_11652_liz21_del_07_29.json","07",11652
145.441758,-14.694439,4886,3.55,2021-11-26 08:18:00,0.0599018549281228,6660.78236460561,"moving",29,-14.69295,145.44156,"run_day_11652_liz21_del_07_29.json","07",11652
145.441688,-14.693305,4887,3.55,2021-11-26 07:54:00,0.0508660809908235,5656.05014447081,"moving",29,-14.69295,145.44156,"run_day_11652_liz21_del_07_29.json","07",11652
145.441774,-14.69377,4887,3.55,2021-11-26 08:06:00,0.0525265294092075,5840.68358455008,"moving",29,-14.69295,145.44156,"run_day_11652_liz21_del_07_29.json","07",11652
145.441886,-14.694196,4887,3.55,2021-11-26 08:18:00,0.0488768300641817,5434.85553360525,"moving",29,-14.69295,145.44156,"run_day_11652_liz21_del_07_29.json","07",11652
145.442018,-14.694612,4887,3.55,2021-11-26 08:30:00,0.0483868974671718,5380.37751441995,"moving",29,-14.69295,145.44156,"run_day_11652_liz21_del_07_29.json","07",11652
145.4416,-14.693505,4888,3.55,2021-11-26 07:22:00,0.0557634702270771,6200.61498134587,"moving",29,-14.69295,145.44156,"run_day_11652_liz21_del_07_29.json","07",11652
145.441739,-14.694018,4888,3.55,2021-11-26 07:34:00,0.0589696893304709,6557.13027935413,"moving",29,-14.69295,145.44156,"run_day_11652_liz21_del_07_29.json","07",11652
145.441896,-14.694515,4888,3.55,2021-11-26 07:46:00,0.0577862804675603,6425.54121765226,"moving",29,-14.69295,145.44156,"run_day_11652_liz21_del_07_29.json","07",11652
145.441619,-14.693361,4889,3.55,2021-11-26 07:11:00,0.0547546271623109,6088.43675076332,"moving",29,-14.69295,145.44156,"run_day_11652_liz21_del_07_29.json","07",11652
145.44174,-14.693863,4889,3.55,2021-11-26 07:23:00,0.0573169694343619,6373.35621174228,"moving",29,-14.69295,145.44156,"run_day_11652_liz21_del_07_29.json","07",11652
145.441886,-14.694347,4889,3.55,2021-11-26 07:35:00,0.0560625890247339,6233.87547410933,"moving",29,-14.69295,145.44156,"run_day_11652_liz21_del_07_29.json","07",11652
145.441517,-14.693473,4890,3.55,2021-11-26 07:48:00,0.0570416616140838,6342.74337886179,"moving",29,-14.69295,145.44156,"run_day_11652_liz21_del_07_29.json","07",11652
145.441649,-14.693996,4890,3.55,2021-11-26 08:00:00,0.0598629482444835,6656.45613877235,"moving",29,-14.69295,145.44156,"run_day_11652_liz21_del_07_29.json","07",11652
145.441812,-14.694508,4890,3.55,2021-11-26 08:12:00,0.0595701275367006,6623.89596165043,"moving",29,-14.69295,145.44156,"run_day_11652_liz21_del_07_29.json","07",11652
145.441688,-14.693513,4891,3.55,2021-11-26 07:12:00,0.0548616485777899,6100.3369892069,"moving",29,-14.69295,145.44156,"run_day_11652_liz21_del_07_29.json","07",11652
145.441817,-14.693997,4891,3.55,2021-11-26 07:24:00,0.0555781481594408,6180.00810762944,"moving",29,-14.69295,145.44156,"run_day_11652_liz21_del_07_29.json","07",11652
145.441957,-14.694464,4891,3.55,2021-11-26 07:36:00,0.0540672526439747,6012.00419161959,"moving",29,-14.69295,145.44156,"run_day_11652_liz21_del_07_29.json","07",11652
145.44155,-14.693294,4892,3.55,2021-11-26 07:15:00,0.0549700325974543,6112.38874232293,"moving",29,-14.69295,145.44156,"run_day_11652_liz21_del_07_29.json","07",11652
145.441673,-14.693799,4892,3.55,2021-11-26 07:27:00,0.0576908420461524,6414.92894938475,"moving",29,-14.69295,145.44156,"run_day_11652_liz21_del_07_29.json","07",11652
145.441827,-14.694308,4892,3.55,2021-11-26 07:39:00,0.058972222945778,6557.41200452235,"moving",29,-14.69295,145.44156,"run_day_11652_liz21_del_07_29.json","07",11652
145.441614,-14.693509,4893,3.55,2021-11-26 07:35:00,0.054949039696447,6110.05443823537,"moving",29,-14.69295,145.44156,"run_day_11652_liz21_del_07_29.json","07",11652
145.441745,-14.694021,4893,3.55,2021-11-26 07:47:00,0.0586494862218816,6521.52531818318,"moving",29,-14.69295,145.44156,"run_day_11652_liz21_del_07_29.json","07",11652
145.441898,-14.694509,4893,3.55,2021-11-26 07:59:00,0.0567036096713393,6305.15371788626,"moving",29,-14.69295,145.44156,"run_day_11652_liz21_del_07_29.json","07",11652
145.441632,-14.693308,4894,3.55,2021-11-26 07:48:00,0.0523118282413979,5816.809903945,"moving",29,-14.69295,145.44156,"run_day_11652_liz21_del_07_29.json","07",11652
145.44173,-14.6938,4894,3.55,2021-11-26 08:00:00,0.0557141066483689,6195.12600183251,"moving",29,-14.69295,145.44156,"run_day_11652_liz21_del_07_29.json","07",11652
145.441857,-14.694263,4894,3.55,2021-11-26 08:12:00,0.0532646016561141,5922.75347390325,"moving",29,-14.69295,145.44156,"run_day_11652_liz21_del_07_29.json","07",11652
145.442004,-14.694701,4894,3.55,2021-11-26 08:24:00,0.0512055415336647,5693.79643463075,"moving",29,-14.69295,145.44156,"run_day_11652_liz21_del_07_29.json","07",11652
145.441567,-14.693468,4895,3.55,2021-11-26 07:37:00,0.0555706930923301,6179.17914198893,"moving",29,-14.69295,145.44156,"run_day_11652_liz21_del_07_29.json","07",11652
145.441698,-14.693987,4895,3.55,2021-11-26 07:49:00,0.0594053494214417,6605.57347121159,"moving",29,-14.69295,145.44156,"run_day_11652_liz21_del_07_29.json","07",11652
145.441856,-14.694491,4895,3.55,2021-11-26 08:01:00,0.0585622332997755,6511.82323591008,"moving",29,-14.69295,145.44156,"run_day_11652_liz21_del_07_29.json","07",11652
145.441631,-14.693343,4896,3.55,2021-11-26 07:19:00,0.0533592832460386,5933.2815863495,"moving",29,-14.69295,145.44156,"run_day_11652_liz21_del_07_29.json","07",11652
145.441745,-14.693837,4896,3.55,2021-11-26 07:31:00,0.0562821950878528,6258.29455418854,"moving",29,-14.69295,145.44156,"run_day_11652_liz21_del_07_29.json","07",11652
145.441887,-14.694314,4896,3.55,2021-11-26 07:43:00,0.0551952173200623,6137.42814103481,"moving",29,-14.69295,145.44156,"run_day_11652_liz21_del_07_29.json","07",11652
145.441709,-14.693644,4897,3.55,2021-11-26 07:28:00,0.0547735908698488,6090.5454188319,"moving",29,-14.69295,145.44156,"run_day_11652_liz21_del_07_29.json","07",11652
145.441842,-14.694123,4897,3.55,2021-11-26 07:40:00,0.0551499796045804,6132.39793658023,"moving",29,-14.69295,145.44156,"run_day_11652_liz21_del_07_29.json","07",11652
145.441987,-14.694586,4897,3.55,2021-11-26 07:52:00,0.0537936590737234,5981.58197464507,"moving",29,-14.69295,145.44156,"run_day_11652_liz21_del_07_29.json","07",11652
145.441625,-14.693593,4898,3.55,2021-11-26 07:14:00,0.0571738919910145,6357.44672592478,"moving",29,-14.69295,145.44156,"run_day_11652_liz21_del_07_29.json","07",11652
145.441773,-14.694106,4898,3.55,2021-11-26 07:26:00,0.0592225147739762,6585.24318599858,"moving",29,-14.69295,145.44156,"run_day_11652_liz21_del_07_29.json","07",11652
145.441932,-14.694599,4898,3.55,2021-11-26 07:38:00,0.0574247573004468,6385.34167560477,"moving",29,-14.69295,145.44156,"run_day_11652_liz21_del_07_29.json","07",11652
145.441617,-14.693371,4899,3.55,2021-11-26 07:21:00,0.0537310220200015,5974.61705205123,"moving",29,-14.69295,145.44156,"run_day_11652_liz21_del_07_29.json","07",11652
145.441736,-14.693871,4899,3.55,2021-11-26 07:33:00,0.057051764750278,6343.86679634979,"moving",29,-14.69295,145.44156,"run_day_11652_liz21_del_07_29.json","07",11652
145.441882,-14.694356,4899,3.55,2021-11-26 07:45:00,0.0561693411660655,6245.74577063384,"moving",29,-14.69295,145.44156,"run_day_11652_liz21_del_07_29.json","07",11652
145.441562,-14.693517,4900,3.55,2021-11-26 07:38:00,0.0562691588625336,6256.84499207045,"moving",29,-14.69295,145.44156,"run_day_11652_liz21_del_07_29.json","07",11652
145.441699,-14.694039,4900,3.55,2021-11-26 07:50:00,0.0598849882272011,6658.90687303389,"moving",29,-14.69295,145.44156,"run_day_11652_liz21_del_07_29.json","07",11652
145.441862,-14.694546,4900,3.55,2021-11-26 08:02:00,0.0590390024697206,6564.8375487885,"moving",29,-14.69295,145.44156,"run_day_11652_liz21_del_07_29.json","07",11652
145.441489,-14.693333,4901,3.55,2021-11-26 07:12:00,0.0570584982727707,6344.61552988942,"moving",29,-14.69295,145.44156,"run_day_11652_liz21_del_07_29.json","07",11652
145.441626,-14.693853,4901,3.55,2021-11-26 07:24:00,0.059669464193554,6634.94169392236,"moving",29,-14.69295,145.44156,"run_day_11652_liz21_del_07_29.json","07",11652
145.441793,-14.694379,4901,3.55,2021-11-26 07:36:00,0.061184552106844,6803.4117833007,"moving",29,-14.69295,145.44156,"run_day_11652_liz21_del_07_29.json","07",11652
145.441694,-14.693227,4902,3.55,2021-11-26 07:56:00,0.0498238178891797,5540.15577533919,"moving",29,-14.69295,145.44156,"run_day_11652_liz21_del_07_29.json","07",11652
145.441772,-14.693678,4902,3.55,2021-11-26 08:08:00,0.0508458269809689,5653.79800133077,"moving",29,-14.69295,145.44156,"run_day_11652_liz21_del_07_29.json","07",11652
145.441874,-14.694094,4902,3.55,2021-11-26 08:20:00,0.0475402981251519,5286.23996268672,"moving",29,-14.69295,145.44156,"run_day_11652_liz21_del_07_29.json","07",11652
145.441997,-14.6945,4902,3.55,2021-11-26 08:32:00,0.0470436727369586,5231.01773907673,"moving",29,-14.69295,145.44156,"run_day_11652_liz21_del_07_29.json","07",11652
145.441542,-14.693239,4903,3.55,2021-11-26 07:13:00,0.0545124374185888,6061.50647997609,"moving",29,-14.69295,145.44156,"run_day_11652_liz21_del_07_29.json","07",11652
145.441661,-14.693741,4903,3.55,2021-11-26 07:25:00,0.0572685091329873,6367.96767208577,"moving",29,-14.69295,145.44156,"run_day_11652_liz21_del_07_29.json","07",11652
145.441813,-14.694251,4903,3.55,2021-11-26 07:37:00,0.0590190000692962,6562.6133833406,"moving",29,-14.69295,145.44156,"run_day_11652_liz21_del_07_29.json","07",11652
145.44149,-14.693433,4904,3.55,2021-11-26 07:53:00,0.0572000115844626,6360.35109220223,"moving",29,-14.69295,145.44156,"run_day_11652_liz21_del_07_29.json","07",11652
145.441619,-14.693956,4904,3.55,2021-11-26 08:05:00,0.0597872417273598,6648.03795815427,"moving",29,-14.69295,145.44156,"run_day_11652_liz21_del_07_29.json","07",11652
145.44178,-14.69447,4904,3.55,2021-11-26 08:17:00,0.0597199734024237,6640.55806169751,"moving",29,-14.69295,145.44156,"run_day_11652_liz21_del_07_29.json","07",11652
145.441736,-14.693397,4905,3.55,2021-11-26 08:05:00,0.0501524132256148,5576.69390966984,"moving",29,-14.69295,145.44156,"run_day_11652_liz21_del_07_29.json","07",11652
145.441817,-14.693819,4905,3.55,2021-11-26 08:17:00,0.0477261884625918,5306.91002512228,"moving",29,-14.69295,145.44156,"run_day_11652_liz21_del_07_29.json","07",11652
145.441922,-14.694217,4905,3.55,2021-11-26 08:29:00,0.045673866825038,5078.70227118344,"moving",29,-14.69295,145.44156,"run_day_11652_liz21_del_07_29.json","07",11652
145.442048,-14.694614,4905,3.55,2021-11-26 08:41:00,0.0461778292371059,5134.74033462495,"moving",29,-14.69295,145.44156,"run_day_11652_liz21_del_07_29.json","07",11652
145.44156,-14.69322,4906,3.55,2021-11-26 07:52:00,0.0530563133789956,5899.59287420813,"moving",29,-14.69295,145.44156,"run_day_11652_liz21_del_07_29.json","07",11652
145.441661,-14.693715,4906,3.55,2021-11-26 08:04:00,0.0561032894263188,6238.40115227797,"moving",29,-14.69295,145.44156,"run_day_11652_liz21_del_07_29.json","07",11652
145.441789,-14.694206,4906,3.55,2021-11-26 08:16:00,0.0563058029241872,6260.91962581797,"moving",29,-14.69295,145.44156,"run_day_11652_liz21_del_07_29.json","07",11652
145.441942,-14.694662,4906,3.55,2021-11-26 08:28:00,0.0533085152918297,5927.63644740534,"moving",29,-14.69295,145.44156,"run_day_11652_liz21_del_07_29.json","07",11652
145.441728,-14.693429,4907,3.55,2021-11-26 07:30:00,0.0512135850759279,5694.69083572267,"moving",29,-14.69295,145.44156,"run_day_11652_liz21_del_07_29.json","07",11652
145.441829,-14.693875,4907,3.55,2021-11-26 07:42:00,0.0507688175602036,5645.23494443782,"moving",29,-14.69295,145.44156,"run_day_11652_liz21_del_07_29.json","07",11652
145.441953,-14.694305,4907,3.55,2021-11-26 07:54:00,0.049639122781695,5519.61861641082,"moving",29,-14.69295,145.44156,"run_day_11652_liz21_del_07_29.json","07",11652
145.441753,-14.693237,4908,3.55,2021-11-26 07:23:00,0.0476873927765737,5302.59614166137,"moving",29,-14.69295,145.44156,"run_day_11652_liz21_del_07_29.json","07",11652
145.441828,-14.693637,4908,3.55,2021-11-26 07:35:00,0.0452035899634269,5026.40987005397,"moving",29,-14.69295,145.44156,"run_day_11652_liz21_del_07_29.json","07",11652
145.441933,-14.69403,4908,3.55,2021-11-26 07:47:00,0.0451353683193301,5018.82396934305,"moving",29,-14.69295,145.44156,"run_day_11652_liz21_del_07_29.json","07",11652
145.442047,-14.694432,4908,3.55,2021-11-26 07:59:00,0.0463515874459514,5154.06136591142,"moving",29,-14.69295,145.44156,"run_day_11652_liz21_del_07_29.json","07",11652
145.441676,-14.693505,4909,3.55,2021-11-26 07:58:00,0.0535879815854118,5958.71168141982,"moving",29,-14.69295,145.44156,"run_day_11652_liz21_del_07_29.json","07",11652
145.441782,-14.693985,4909,3.55,2021-11-26 08:10:00,0.0545776917039819,6068.76242545361,"moving",29,-14.69295,145.44156,"run_day_11652_liz21_del_07_29.json","07",11652
145.441914,-14.694428,4909,3.55,2021-11-26 08:22:00,0.0512645851689479,5700.3617873249,"moving",29,-14.69295,145.44156,"run_day_11652_liz21_del_07_29.json","07",11652
145.44173,-14.693248,4910,3.55,2021-11-26 07:43:00,0.0488914489235701,5436.48107660256,"moving",29,-14.69295,145.44156,"run_day_11652_liz21_del_07_29.json","07",11652
145.441807,-14.693673,4910,3.55,2021-11-26 07:55:00,0.0479780719119813,5334.91818680012,"moving",29,-14.69295,145.44156,"run_day_11652_liz21_del_07_29.json","07",11652
145.441908,-14.694075,4910,3.55,2021-11-26 08:07:00,0.0460014716945187,5115.13027061375,"moving",29,-14.69295,145.44156,"run_day_11652_liz21_del_07_29.json","07",11652
145.442025,-14.694474,4910,3.55,2021-11-26 08:19:00,0.0461169740542181,5127.9735470278,"moving",29,-14.69295,145.44156,"run_day_11652_liz21_del_07_29.json","07",11652
145.441691,-14.693632,4911,3.55,2021-11-26 07:54:00,0.0548690937903167,6101.16485906768,"moving",29,-14.69295,145.44156,"run_day_11652_liz21_del_07_29.json","07",11652
145.441811,-14.694114,4911,3.55,2021-11-26 08:06:00,0.0551281856130254,6129.97455528798,"moving",29,-14.69295,145.44156,"run_day_11652_liz21_del_07_29.json","07",11652
145.441953,-14.694562,4911,3.55,2021-11-26 08:18:00,0.0521041149316401,5793.71323770338,"moving",29,-14.69295,145.44156,"run_day_11652_liz21_del_07_29.json","07",11652
145.44157,-14.693233,4912,3.55,2021-11-26 07:45:00,0.0527305702167526,5863.37188717755,"moving",29,-14.69295,145.44156,"run_day_11652_liz21_del_07_29.json","07",11652
145.441673,-14.693731,4912,3.55,2021-11-26 07:57:00,0.0564724041837904,6279.44484065844,"moving",29,-14.69295,145.44156,"run_day_11652_liz21_del_07_29.json","07",11652
145.441805,-14.694224,4912,3.55,2021-11-26 08:09:00,0.0566278015032763,6296.72423419944,"moving",29,-14.69295,145.44156,"run_day_11652_liz21_del_07_29.json","07",11652
145.441959,-14.694681,4912,3.55,2021-11-26 08:21:00,0.0534475253991587,5943.09366609264,"moving",29,-14.69295,145.44156,"run_day_11652_liz21_del_07_29.json","07",11652
145.441496,-14.693552,4913,3.55,2021-11-26 08:00:00,0.0583062986743524,6483.36460401034,"moving",29,-14.69295,145.44156,"run_day_11652_liz21_del_07_29.json","07",11652
145.441631,-14.694075,4913,3.55,2021-11-26 08:12:00,0.0599402955284326,6665.05676433724,"moving",29,-14.69295,145.44156,"run_day_11652_liz21_del_07_29.json","07",11652
145.4418,-14.694584,4913,3.55,2021-11-26 08:24:00,0.059445545771971,6610.04310146008,"moving",29,-14.69295,145.44156,"run_day_11652_liz21_del_07_29.json","07",11652
145.441681,-14.69327,4914,3.55,2021-11-26 07:15:00,0.0516821506624405,5746.7929517431,"moving",29,-14.69295,145.44156,"run_day_11652_liz21_del_07_29.json","07",11652
145.441778,-14.693737,4914,3.55,2021-11-26 07:27:00,0.052965757212909,5889.52348796293,"moving",29,-14.69295,145.44156,"run_day_11652_liz21_del_07_29.json","07",11652
145.441907,-14.694184,4914,3.55,2021-11-26 07:39:00,0.0516044256354513,5738.15032306859,"moving",29,-14.69295,145.44156,"run_day_11652_liz21_del_07_29.json","07",11652
145.442046,-14.69463,4914,3.55,2021-11-26 07:51:00,0.0517974788828625,5759.61686475298,"moving",29,-14.69295,145.44156,"run_day_11652_liz21_del_07_29.json","07",11652
145.441678,-14.693667,4915,3.55,2021-11-26 07:57:00,0.0554957503387871,6170.84588800618,"moving",29,-14.69295,145.44156,"run_day_11652_liz21_del_07_29.json","07",11652
145.441802,-14.694156,4915,3.55,2021-11-26 08:09:00,0.0559861424505458,6225.37500290026,"moving",29,-14.69295,145.44156,"run_day_11652_liz21_del_07_29.json","07",11652
145.441949,-14.694609,4915,3.55,2021-11-26 08:21:00,0.052794476391643,5870.47792960663,"moving",29,-14.69295,145.44156,"run_day_11652_liz21_del_07_29.json","07",11652
145.44146,-14.693438,4916,3.55,2021-11-26 07:51:00,0.0580020867914605,6449.53778600778,"moving",29,-14.69295,145.44156,"run_day_11652_liz21_del_07_29.json","07",11652
145.441594,-14.693966,4916,3.55,2021-11-26 08:03:00,0.0604541288367247,6722.19242136031,"moving",29,-14.69295,145.44156,"run_day_11652_liz21_del_07_29.json","07",11652
145.441761,-14.694488,4916,3.55,2021-11-26 08:15:00,0.0607595086724763,6756.14910979544,"moving",29,-14.69295,145.44156,"run_day_11652_liz21_del_07_29.json","07",11652
145.441733,-14.693657,4917,3.55,2021-11-26 07:26:00,0.0543837159891739,6047.1933100747,"moving",29,-14.69295,145.44156,"run_day_11652_liz21_del_07_29.json","07",11652
145.441864,-14.694121,4917,3.55,2021-11-26 07:38:00,0.0534838174938526,5947.12916289991,"moving",29,-14.69295,145.44156,"run_day_11652_liz21_del_07_29.json","07",11652
145.442004,-14.694578,4917,3.55,2021-11-26 07:50:00,0.0530002011425198,5893.35347818935,"moving",29,-14.69295,145.44156,"run_day_11652_liz21_del_07_29.json","07",11652
145.441509,-14.693589,4918,3.55,2021-11-26 07:35:00,0.0583780736054729,6491.34561221121,"moving",29,-14.69295,145.44156,"run_day_11652_liz21_del_07_29.json","07",11652
145.441662,-14.694124,4918,3.55,2021-11-26 07:47:00,0.0617234868896222,6863.33859693792,"moving",29,-14.69295,145.44156,"run_day_11652_liz21_del_07_29.json","07",11652
145.441842,-14.694649,4918,3.55,2021-11-26 07:59:00,0.0615039857821542,6838.93118739462,"moving",29,-14.69295,145.44156,"run_day_11652_liz21_del_07_29.json","07",11652
145.441634,-14.693448,4919,3.55,2021-11-26 07:14:00,0.0550351344608135,6119.62773924359,"moving",29,-14.69295,145.44156,"run_day_11652_liz21_del_07_29.json","07",11652
145.441764,-14.693951,4919,3.55,2021-11-26 07:26:00,0.0576523625547742,6410.65022516362,"moving",29,-14.69295,145.44156,"run_day_11652_liz21_del_07_29.json","07",11652
145.44191,-14.694434,4919,3.55,2021-11-26 07:38:00,0.0559558522516098,6222.00688645152,"moving",29,-14.69295,145.44156,"run_day_11652_liz21_del_07_29.json","07",11652
145.441488,-14.693361,4920,3.55,2021-11-26 08:08:00,0.0561016245899387,6238.2160309188,"moving",29,-14.69295,145.44156,"run_day_11652_liz21_del_07_29.json","07",11652
145.441604,-14.693867,4920,3.55,2021-11-26 08:20:00,0.0576314050228028,6408.31985393341,"moving",29,-14.69295,145.44156,"run_day_11652_liz21_del_07_29.json","07",11652
145.441752,-14.694372,4920,3.55,2021-11-26 08:32:00,0.0583661774935265,6490.02282491598,"moving",29,-14.69295,145.44156,"run_day_11652_liz21_del_07_29.json","07",11652
145.441514,-14.693361,4921,3.55,2021-11-26 07:55:00,0.0558604804009404,6211.40202051238,"moving",29,-14.69295,145.44156,"run_day_11652_liz21_del_07_29.json","07",11652
145.441632,-14.693873,4921,3.55,2021-11-26 08:07:00,0.0583293601906624,6485.92892762475,"moving",29,-14.69295,145.44156,"run_day_11652_liz21_del_07_29.json","07",11652
145.44178,-14.694379,4921,3.55,2021-11-26 08:19:00,0.0584731646078741,6501.91924924777,"moving",29,-14.69295,145.44156,"run_day_11652_liz21_del_07_29.json","07",11652
145.441549,-14.693305,4922,3.55,2021-11-26 07:13:00,0.0552363073001101,6141.99713835204,"moving",29,-14.69295,145.44156,"run_day_11652_liz21_del_07_29.json","07",11652
145.441673,-14.693813,4922,3.55,2021-11-26 07:25:00,0.0580402091415765,6453.77679793245,"moving",29,-14.69295,145.44156,"run_day_11652_liz21_del_07_29.json","07",11652
145.441829,-14.694323,4922,3.55,2021-11-26 07:37:00,0.0591396221664056,6576.0259485804,"moving",29,-14.69295,145.44156,"run_day_11652_liz21_del_07_29.json","07",11652
145.441694,-14.693232,4923,3.55,2021-11-26 07:40:00,0.0497726418139659,5534.46525540984,"moving",29,-14.69295,145.44156,"run_day_11652_liz21_del_07_29.json","07",11652
145.441777,-14.693689,4923,3.55,2021-11-26 07:52:00,0.0515943000051759,5737.02440435289,"moving",29,-14.69295,145.44156,"run_day_11652_liz21_del_07_29.json","07",11652
145.441887,-14.694116,4923,3.55,2021-11-26 08:04:00,0.0489321452942532,5441.00630655537,"moving",29,-14.69295,145.44156,"run_day_11652_liz21_del_07_29.json","07",11652
145.442014,-14.694533,4923,3.55,2021-11-26 08:16:00,0.0483384934711376,5374.99523563163,"moving",29,-14.69295,145.44156,"run_day_11652_liz21_del_07_29.json","07",11652
145.441517,-14.69338,4924,3.55,2021-11-26 07:37:00,0.0557445671155782,6198.51305124939,"moving",29,-14.69295,145.44156,"run_day_11652_liz21_del_07_29.json","07",11652
145.441645,-14.693899,4924,3.55,2021-11-26 07:49:00,0.0593296446565665,6597.15548543465,"moving",29,-14.69295,145.44156,"run_day_11652_liz21_del_07_29.json","07",11652
145.441804,-14.694418,4924,3.55,2021-11-26 08:01:00,0.0601908052791193,6692.91217768859,"moving",29,-14.69295,145.44156,"run_day_11652_liz21_del_07_29.json","07",11652
145.441631,-14.693247,4925,3.55,2021-11-26 07:27:00,0.0515068615663646,5727.30169356335,"moving",29,-14.69295,145.44156,"run_day_11652_liz21_del_07_29.json","07",11652
145.441731,-14.693734,4925,3.55,2021-11-26 07:39:00,0.0552097789618625,6139.04732172661,"moving",29,-14.69295,145.44156,"run_day_11652_liz21_del_07_29.json","07",11652
145.441863,-14.694205,4925,3.55,2021-11-26 07:51:00,0.0542631144993589,6033.78303626151,"moving",29,-14.69295,145.44156,"run_day_11652_liz21_del_07_29.json","07",11652
145.442011,-14.694659,4925,3.55,2021-11-26 08:03:00,0.0529328237374819,5885.86145257866,"moving",29,-14.69295,145.44156,"run_day_11652_liz21_del_07_29.json","07",11652
145.441656,-14.693193,4926,3.55,2021-11-26 07:24:00,0.0502862449505005,5591.57531850122,"moving",29,-14.69295,145.44156,"run_day_11652_liz21_del_07_29.json","07",11652
145.441748,-14.693666,4926,3.55,2021-11-26 07:36:00,0.0535179753285392,5950.92734082222,"moving",29,-14.69295,145.44156,"run_day_11652_liz21_del_07_29.json","07",11652
145.441872,-14.694119,4926,3.55,2021-11-26 07:48:00,0.0521070977763416,5794.04491490116,"moving",29,-14.69295,145.44156,"run_day_11652_liz21_del_07_29.json","07",11652
145.442009,-14.694563,4926,3.55,2021-11-26 08:00:00,0.0515226604244583,5729.05844643016,"moving",29,-14.69295,145.44156,"run_day_11652_liz21_del_07_29.json","07",11652
145.441576,-14.693364,4927,3.55,2021-11-26 07:29:00,0.0541138895880922,6017.18998319966,"moving",29,-14.69295,145.44156,"run_day_11652_liz21_del_07_29.json","07",11652
145.441697,-14.693872,4927,3.55,2021-11-26 07:41:00,0.0579669104299784,6445.62635307316,"moving",29,-14.69295,145.44156,"run_day_11652_liz21_del_07_29.json","07",11652
145.441848,-14.694373,4927,3.55,2021-11-26 07:53:00,0.0580278713530258,6452.4048984396,"moving",29,-14.69295,145.44156,"run_day_11652_liz21_del_07_29.json","07",11652
145.441743,-14.693505,4928,3.55,2021-11-26 07:28:00,0.0515417182097643,5731.17757546926,"moving",29,-14.69295,145.44156,"run_day_11652_liz21_del_07_29.json","07",11652
145.441853,-14.693946,4928,3.55,2021-11-26 07:40:00,0.0504440897015114,5609.1268540111,"moving",29,-14.69295,145.44156,"run_day_11652_liz21_del_07_29.json","07",11652
145.441978,-14.69438,4928,3.55,2021-11-26 07:52:00,0.0500964477044609,5570.47082765051,"moving",29,-14.69295,145.44156,"run_day_11652_liz21_del_07_29.json","07",11652
145.441652,-14.693234,4929,3.55,2021-11-26 07:21:00,0.0513098148586483,5705.39109935329,"moving",29,-14.69295,145.44156,"run_day_11652_liz21_del_07_29.json","07",11652
145.44175,-14.693712,4929,3.55,2021-11-26 07:33:00,0.0541862935525115,6025.24093671205,"moving",29,-14.69295,145.44156,"run_day_11652_liz21_del_07_29.json","07",11652
145.441879,-14.694171,4929,3.55,2021-11-26 07:45:00,0.052890845858174,5881.19372536832,"moving",29,-14.69295,145.44156,"run_day_11652_liz21_del_07_29.json","07",11652
145.442021,-14.694621,4929,3.55,2021-11-26 07:57:00,0.052316775252267,5817.3599864557,"moving",29,-14.69295,145.44156,"run_day_11652_liz21_del_07_29.json","07",11652
145.441568,-14.693556,4930,3.55,2021-11-26 07:53:00,0.0567163773721828,6306.57342144498,"moving",29,-14.69295,145.44156,"run_day_11652_liz21_del_07_29.json","07",11652
145.441699,-14.694075,4930,3.55,2021-11-26 08:05:00,0.0594053480754395,6605.57332154297,"moving",29,-14.69295,145.44156,"run_day_11652_liz21_del_07_29.json","07",11652
145.441859,-14.694567,4930,3.55,2021-11-26 08:17:00,0.0573508013489707,6377.11814900546,"moving",29,-14.69295,145.44156,"run_day_11652_liz21_del_07_29.json","07",11652
145.44151,-14.693247,4931,3.55,2021-11-26 07:41:00,0.0543211087568626,6040.23170347043,"moving",29,-14.69295,145.44156,"run_day_11652_liz21_del_07_29.json","07",11652
145.441625,-14.693755,4931,3.55,2021-11-26 07:53:00,0.0578254393127572,6429.89548257142,"moving",29,-14.69295,145.44156,"run_day_11652_liz21_del_07_29.json","07",11652
145.441771,-14.694271,4931,3.55,2021-11-26 08:05:00,0.0594867386112836,6614.62353620572,"moving",29,-14.69295,145.44156,"run_day_11652_liz21_del_07_29.json","07",11652
145.441709,-14.693596,4932,3.55,2021-11-26 07:32:00,0.0540152594273818,6006.22280971453,"moving",29,-14.69295,145.44156,"run_day_11652_liz21_del_07_29.json","07",11652
145.441835,-14.694069,4932,3.55,2021-11-26 07:44:00,0.0543131768872898,6039.34971981513,"moving",29,-14.69295,145.44156,"run_day_11652_liz21_del_07_29.json","07",11652
145.441975,-14.694526,4932,3.55,2021-11-26 07:56:00,0.0530002021616111,5893.35359150713,"moving",29,-14.69295,145.44156,"run_day_11652_liz21_del_07_29.json","07",11652
145.441557,-14.693214,4933,3.55,2021-11-26 07:17:00,0.0535480100851036,5954.26705337518,"moving",29,-14.69295,145.44156,"run_day_11652_liz21_del_07_29.json","07",11652
145.44167,-14.69371,4933,3.55,2021-11-26 07:29:00,0.05647602033897,6279.84693876838,"moving",29,-14.69295,145.44156,"run_day_11652_liz21_del_07_29.json","07",11652
145.441817,-14.694214,4933,3.55,2021-11-26 07:41:00,0.0582299120850339,6474.87080281445,"moving",29,-14.69295,145.44156,"run_day_11652_liz21_del_07_29.json","07",11652
145.441978,-14.694693,4933,3.55,2021-11-26 07:53:00,0.0560067220033377,6227.66334476333,"moving",29,-14.69295,145.44156,"run_day_11652_liz21_del_07_29.json","07",11652
145.441691,-14.693602,4934,3.55,2021-11-26 07:18:00,0.0553610770141035,6155.87089754701,"moving",29,-14.69295,145.44156,"run_day_11652_liz21_del_07_29.json","07",11652
145.441828,-14.694088,4934,3.55,2021-11-26 07:30:00,0.0560137084866133,6228.44020625866,"moving",29,-14.69295,145.44156,"run_day_11652_liz21_del_07_29.json","07",11652
145.441973,-14.694559,4934,3.55,2021-11-26 07:42:00,0.0546456216239025,6076.31588791615,"moving",29,-14.69295,145.44156,"run_day_11652_liz21_del_07_29.json","07",11652
145.441714,-14.69352,4935,3.55,2021-11-26 07:29:00,0.0529517008827122,5887.9604953578,"moving",29,-14.69295,145.44156,"run_day_11652_liz21_del_07_29.json","07",11652
145.441832,-14.693984,4935,3.55,2021-11-26 07:41:00,0.0531325774475482,5908.07305171646,"moving",29,-14.69295,145.44156,"run_day_11652_liz21_del_07_29.json","07",11652
145.441965,-14.694433,4935,3.55,2021-11-26 07:53:00,0.0519355100442658,5774.96522961988,"moving",29,-14.69295,145.44156,"run_day_11652_liz21_del_07_29.json","07",11652
145.44173,-14.693601,4936,3.55,2021-11-26 07:16:00,0.0545815424063582,6069.19060402187,"moving",29,-14.69295,145.44156,"run_day_11652_liz21_del_07_29.json","07",11652
145.441859,-14.694062,4936,3.55,2021-11-26 07:28:00,0.0531054809128869,5905.06005453247,"moving",29,-14.69295,145.44156,"run_day_11652_liz21_del_07_29.json","07",11652
145.441995,-14.69452,4936,3.55,2021-11-26 07:40:00,0.0529864407066521,5891.82338753244,"moving",29,-14.69295,145.44156,"run_day_11652_liz21_del_07_29.json","07",11652
145.44162,-14.69352,4937,3.55,2021-11-26 08:05:00,0.0547525724277114,6088.20827470026,"moving",29,-14.69295,145.44156,"run_day_11652_liz21_del_07_29.json","07",11652
145.441733,-14.694016,4937,3.55,2021-11-26 08:17:00,0.0564760166758084,6279.84653144339,"moving",29,-14.69295,145.44156,"run_day_11652_liz21_del_07_29.json","07",11652
145.441876,-14.694481,4937,3.55,2021-11-26 08:29:00,0.0539448102991971,5998.38922407386,"moving",29,-14.69295,145.44156,"run_day_11652_liz21_del_07_29.json","07",11652
145.441727,-14.693288,4938,3.55,2021-11-26 07:35:00,0.0494054469150991,5493.63504556608,"moving",29,-14.69295,145.44156,"run_day_11652_liz21_del_07_29.json","07",11652
145.44181,-14.693721,4938,3.55,2021-11-26 07:47:00,0.0489680514501657,5444.99888892816,"moving",29,-14.69295,145.44156,"run_day_11652_liz21_del_07_29.json","07",11652
145.44192,-14.694134,4938,3.55,2021-11-26 07:59:00,0.0474231009670959,5273.20823329373,"moving",29,-14.69295,145.44156,"run_day_11652_liz21_del_07_29.json","07",11652
145.442045,-14.694546,4938,3.55,2021-11-26 08:11:00,0.0477444154866452,5308.93677772485,"moving",29,-14.69295,145.44156,"run_day_11652_liz21_del_07_29.json","07",11652
145.441618,-14.693218,4939,3.55,2021-11-26 08:05:00,0.0512458541029912,5698.27898781987,"moving",29,-14.69295,145.44156,"run_day_11652_liz21_del_07_29.json","07",11652
145.441706,-14.693694,4939,3.55,2021-11-26 08:17:00,0.0537684414731922,5978.77790540385,"moving",29,-14.69295,145.44156,"run_day_11652_liz21_del_07_29.json","07",11652
145.441819,-14.694154,4939,3.55,2021-11-26 08:29:00,0.0525738537368774,5845.94580969384,"moving",29,-14.69295,145.44156,"run_day_11652_liz21_del_07_29.json","07",11652
145.441958,-14.694586,4939,3.55,2021-11-26 08:41:00,0.0503090128572859,5594.10699422607,"moving",29,-14.69295,145.44156,"run_day_11652_liz21_del_07_29.json","07",11652
145.441739,-14.693262,4940,3.55,2021-11-26 07:12:00,0.0500617795520371,5566.61590498484,"moving",29,-14.69295,145.44156,"run_day_11652_liz21_del_07_29.json","07",11652
145.441823,-14.69368,4940,3.55,2021-11-26 07:24:00,0.0473494629569535,5265.0200601577,"moving",29,-14.69295,145.44156,"run_day_11652_liz21_del_07_29.json","07",11652
145.441939,-14.694089,4940,3.55,2021-11-26 07:36:00,0.0471591345704095,5243.85650917755,"moving",29,-14.69295,145.44156,"run_day_11652_liz21_del_07_29.json","07",11652
145.44206,-14.694515,4940,3.55,2021-11-26 07:48:00,0.0491243701125519,5462.38073112536,"moving",29,-14.69295,145.44156,"run_day_11652_liz21_del_07_29.json","07",11652
145.44165,-14.693218,4941,3.55,2021-11-26 08:08:00,0.0502696761365176,5589.7329504458,"moving",29,-14.69295,145.44156,"run_day_11652_liz21_del_07_29.json","07",11652
145.441732,-14.693684,4941,3.55,2021-11-26 08:20:00,0.0525620897658837,5844.63771580215,"moving",29,-14.69295,145.44156,"run_day_11652_liz21_del_07_29.json","07",11652
145.441838,-14.694125,4941,3.55,2021-11-26 08:32:00,0.0503449156280856,5598.09920019148,"moving",29,-14.69295,145.44156,"run_day_11652_liz21_del_07_29.json","07",11652
145.44197,-14.694545,4941,3.55,2021-11-26 08:44:00,0.0488122754260867,5427.67738535771,"moving",29,-14.69295,145.44156,"run_day_11652_liz21_del_07_29.json","07",11652
145.441536,-14.693321,4942,3.55,2021-11-26 07:43:00,0.0547042112974419,6082.83076236749,"moving",29,-14.69295,145.44156,"run_day_11652_liz21_del_07_29.json","07",11652
145.441653,-14.693832,4942,3.55,2021-11-26 07:55:00,0.0581974823974296,6471.26478608018,"moving",29,-14.69295,145.44156,"run_day_11652_liz21_del_07_29.json","07",11652
145.441801,-14.694341,4942,3.55,2021-11-26 08:07:00,0.0587942208047551,6537.61906950874,"moving",29,-14.69295,145.44156,"run_day_11652_liz21_del_07_29.json","07",11652
145.441579,-14.693238,4943,3.55,2021-11-26 07:19:00,0.053258837580478,5922.11253793571,"moving",29,-14.69295,145.44156,"run_day_11652_liz21_del_07_29.json","07",11652
145.44169,-14.693732,4943,3.55,2021-11-26 07:31:00,0.0562127803196716,6250.57598413258,"moving",29,-14.69295,145.44156,"run_day_11652_liz21_del_07_29.json","07",11652
145.441834,-14.694228,4943,3.55,2021-11-26 07:43:00,0.0572861989287171,6369.9346876243,"moving",29,-14.69295,145.44156,"run_day_11652_liz21_del_07_29.json","07",11652
145.441993,-14.694702,4943,3.55,2021-11-26 07:55:00,0.0554114875339909,6161.476291608,"moving",29,-14.69295,145.44156,"run_day_11652_liz21_del_07_29.json","07",11652
145.441593,-14.693614,4944,3.55,2021-11-26 07:11:00,0.0583404353888626,6487.1604334762,"moving",29,-14.69295,145.44156,"run_day_11652_liz21_del_07_29.json","07",11652
145.441749,-14.694139,4944,3.55,2021-11-26 07:23:00,0.0607408539840363,6754.07480308277,"moving",29,-14.69295,145.44156,"run_day_11652_liz21_del_07_29.json","07",11652
145.441917,-14.694641,4944,3.55,2021-11-26 07:35:00,0.0586717294212947,6523.99864911027,"moving",29,-14.69295,145.44156,"run_day_11652_liz21_del_07_29.json","07",11652
145.441718,-14.693675,4945,3.55,2021-11-26 07:16:00,0.0561666623463817,6245.44789947561,"moving",29,-14.69295,145.44156,"run_day_11652_liz21_del_07_29.json","07",11652
145.441857,-14.694151,4945,3.55,2021-11-26 07:28:00,0.0549997881014456,6115.69740340652,"moving",29,-14.69295,145.44156,"run_day_11652_liz21_del_07_29.json","07",11652
145.442003,-14.694619,4945,3.55,2021-11-26 07:40:00,0.0543569688274645,6044.21916139048,"moving",29,-14.69295,145.44156,"run_day_11652_liz21_del_07_29.json","07",11652
145.441613,-14.693689,4946,3.55,2021-11-26 07:12:00,0.0588225089560213,6540.76456841368,"moving",29,-14.69295,145.44156,"run_day_11652_liz21_del_07_29.json","07",11652
145.441773,-14.694213,4946,3.55,2021-11-26 07:24:00,0.0607544559757632,6755.58727555506,"moving",29,-14.69295,145.44156,"run_day_11652_liz21_del_07_29.json","07",11652
145.441944,-14.69471,4946,3.55,2021-11-26 07:36:00,0.0582441179250994,6476.45042015845,"moving",29,-14.69295,145.44156,"run_day_11652_liz21_del_07_29.json","07",11652
145.441767,-14.693591,4947,3.55,2021-11-26 08:01:00,0.0504642599393589,5611.36968212895,"moving",29,-14.69295,145.44156,"run_day_11652_liz21_del_07_29.json","07",11652
145.441864,-14.694007,4947,3.55,2021-11-26 08:13:00,0.0474190794237846,5272.76105808023,"moving",29,-14.69295,145.44156,"run_day_11652_liz21_del_07_29.json","07",11652
145.441981,-14.69441,4947,3.55,2021-11-26 08:25:00,0.0465450330708844,5175.57153798555,"moving",29,-14.69295,145.44156,"run_day_11652_liz21_del_07_29.json","07",11652
145.441667,-14.69343,4948,3.55,2021-11-26 08:03:00,0.052713301994974,5861.4517485236,"moving",29,-14.69295,145.44156,"run_day_11652_liz21_del_07_29.json","07",11652
145.441764,-14.693906,4948,3.55,2021-11-26 08:15:00,0.0539472630143189,5998.66195355191,"moving",29,-14.69295,145.44156,"run_day_11652_liz21_del_07_29.json","07",11652
145.441889,-14.694347,4948,3.55,2021-11-26 08:27:00,0.0508466866396856,5653.8935910187,"moving",29,-14.69295,145.44156,"run_day_11652_liz21_del_07_29.json","07",11652
145.441555,-14.693492,4949,3.55,2021-11-26 07:59:00,0.0562588644532726,6255.70030598782,"moving",29,-14.69295,145.44156,"run_day_11652_liz21_del_07_29.json","07",11652
145.441677,-14.694003,4949,3.55,2021-11-26 08:11:00,0.0583161334687037,6484.4581832468,"moving",29,-14.69295,145.44156,"run_day_11652_liz21_del_07_29.json","07",11652
145.441832,-14.694496,4949,3.55,2021-11-26 08:23:00,0.0572981036658,6371.25843399095,"moving",29,-14.69295,145.44156,"run_day_11652_liz21_del_07_29.json","07",11652
145.441514,-14.693326,4950,3.55,2021-11-26 07:57:00,0.0553540053636213,6155.08456589038,"moving",29,-14.69295,145.44156,"run_day_11652_liz21_del_07_29.json","07",11652
145.441628,-14.693834,4950,3.55,2021-11-26 08:09:00,0.0578025264357882,6427.34768689763,"moving",29,-14.69295,145.44156,"run_day_11652_liz21_del_07_29.json","07",11652
145.441772,-14.694337,4950,3.55,2021-11-26 08:21:00,0.0580359542675083,6453.30367752255,"moving",29,-14.69295,145.44156,"run_day_11652_liz21_del_07_29.json","07",11652
145.441746,-14.693263,4951,3.55,2021-11-26 07:29:00,0.0481251198365169,5351.26916998209,"moving",29,-14.69295,145.44156,"run_day_11652_liz21_del_07_29.json","07",11652
145.441824,-14.693673,4951,3.55,2021-11-26 07:41:00,0.0463554262597353,5154.48822252852,"moving",29,-14.69295,145.44156,"run_day_11652_liz21_del_07_29.json","07",11652
145.441931,-14.694072,4951,3.55,2021-11-26 07:53:00,0.0458351590117503,5096.63714405326,"moving",29,-14.69295,145.44156,"run_day_11652_liz21_del_07_29.json","07",11652
145.442048,-14.694478,4951,3.55,2021-11-26 08:05:00,0.0468662799002406,5211.29255561061,"moving",29,-14.69295,145.44156,"run_day_11652_liz21_del_07_29.json","07",11652
145.441565,-14.693424,4952,3.55,2021-11-26 07:43:00,0.0551974915811852,6137.68102733354,"moving",29,-14.69295,145.44156,"run_day_11652_liz21_del_07_29.json","07",11652
145.441688,-14.693939,4952,3.55,2021-11-26 07:55:00,0.0587737102722536,6535.33840235178,"moving",29,-14.69295,145.44156,"run_day_11652_liz21_del_07_29.json","07",11652
145.441841,-14.69444,4952,3.55,2021-11-26 08:07:00,0.0580884454309635,6459.14042859245,"moving",29,-14.69295,145.44156,"run_day_11652_liz21_del_07_29.json","07",11652
145.441657,-14.693256,4953,3.55,2021-11-26 07:53:00,0.0510951583670212,5681.52238651304,"moving",29,-14.69295,145.44156,"run_day_11652_liz21_del_07_29.json","07",11652
145.441744,-14.693734,4953,3.55,2021-11-26 08:05:00,0.0539686189274694,6001.0366227481,"moving",29,-14.69295,145.44156,"run_day_11652_liz21_del_07_29.json","07",11652
145.441858,-14.694177,4953,3.55,2021-11-26 08:17:00,0.0507625020773621,5644.53269478654,"moving",29,-14.69295,145.44156,"run_day_11652_liz21_del_07_29.json","07",11652
145.441994,-14.694602,4953,3.55,2021-11-26 08:29:00,0.0494699810679599,5500.81091595951,"moving",29,-14.69295,145.44156,"run_day_11652_liz21_del_07_29.json","07",11652
145.441475,-14.693478,4954,3.55,2021-11-26 07:40:00,0.0579736053518767,6446.37079442253,"moving",29,-14.69295,145.44156,"run_day_11652_liz21_del_07_29.json","07",11652
145.441617,-14.694009,4954,3.55,2021-11-26 07:52:00,0.0609879245341769,6781.54779478168,"moving",29,-14.69295,145.44156,"run_day_11652_liz21_del_07_29.json","07",11652
145.441792,-14.694539,4954,3.55,2021-11-26 08:04:00,0.0618662095206406,6879.20862942453,"moving",29,-14.69295,145.44156,"run_day_11652_liz21_del_07_29.json","07",11652
145.441743,-14.693506,4955,3.55,2021-11-26 07:16:00,0.0525455793498346,5842.8018413007,"moving",29,-14.69295,145.44156,"run_day_11652_liz21_del_07_29.json","07",11652
145.441858,-14.693947,4955,3.55,2021-11-26 07:28:00,0.0505729283744295,5623.45306079521,"moving",29,-14.69295,145.44156,"run_day_11652_liz21_del_07_29.json","07",11652
145.441985,-14.694388,4955,3.55,2021-11-26 07:40:00,0.0509039892933887,5660.26535539376,"moving",29,-14.69295,145.44156,"run_day_11652_liz21_del_07_29.json","07",11652
145.441639,-14.693641,4956,3.55,2021-11-26 07:39:00,0.0560813382607208,6235.96029402953,"moving",29,-14.69295,145.44156,"run_day_11652_liz21_del_07_29.json","07",11652
145.441779,-14.694153,4956,3.55,2021-11-26 07:51:00,0.0588895428156206,6548.21839351454,"moving",29,-14.69295,145.44156,"run_day_11652_liz21_del_07_29.json","07",11652
145.441938,-14.694634,4956,3.55,2021-11-26 08:03:00,0.0561523691928117,6243.85857331288,"moving",29,-14.69295,145.44156,"run_day_11652_liz21_del_07_29.json","07",11652
145.441537,-14.693412,4957,3.55,2021-11-26 07:11:00,0.0570919382379725,6348.33388436703,"moving",29,-14.69295,145.44156,"run_day_11652_liz21_del_07_29.json","07",11652
145.441677,-14.693933,4957,3.55,2021-11-26 07:23:00,0.0598575786760261,6655.85907000163,"moving",29,-14.69295,145.44156,"run_day_11652_liz21_del_07_29.json","07",11652
145.441841,-14.694448,4957,3.55,2021-11-26 07:35:00,0.0599205949047907,6662.86615493653,"moving",29,-14.69295,145.44156,"run_day_11652_liz21_del_07_29.json","07",11652
145.441779,-14.693554,4958,3.55,2021-11-26 07:11:00,0.050937325402143,5663.97216156131,"moving",29,-14.69295,145.44156,"run_day_11652_liz21_del_07_29.json","07",11652
145.441894,-14.693977,4958,3.55,2021-11-26 07:23:00,0.0486346713158657,5407.92870934992,"moving",29,-14.69295,145.44156,"run_day_11652_liz21_del_07_29.json","07",11652
145.442017,-14.694409,4958,3.55,2021-11-26 07:35:00,0.0498247020548599,5540.25409007714,"moving",29,-14.69295,145.44156,"run_day_11652_liz21_del_07_29.json","07",11652
145.441504,-14.693461,4959,3.55,2021-11-26 07:11:00,0.0583780756589793,6491.3458405507,"moving",29,-14.69295,145.44156,"run_day_11652_liz21_del_07_29.json","07",11652
145.441654,-14.693989,4959,3.55,2021-11-26 07:23:00,0.0608873572840366,6770.36522677949,"moving",29,-14.69295,145.44156,"run_day_11652_liz21_del_07_29.json","07",11652
145.441826,-14.694514,4959,3.55,2021-11-26 07:35:00,0.0612385756394994,6809.41892605139,"moving",29,-14.69295,145.44156,"run_day_11652_liz21_del_07_29.json","07",11652
145.441768,-14.693137,4960,3.55,2021-11-26 07:28:00,0.0448185217924551,4983.5922430296,"moving",29,-14.69295,145.44156,"run_day_11652_liz21_del_07_29.json","07",11652
145.441833,-14.693511,4960,3.55,2021-11-26 07:40:00,0.0421704733735035,4689.14269333304,"moving",29,-14.69295,145.44156,"run_day_11652_liz21_del_07_29.json","07",11652
145.441918,-14.693876,4960,3.55,2021-11-26 07:52:00,0.0416031252684497,4626.05646240965,"moving",29,-14.69295,145.44156,"run_day_11652_liz21_del_07_29.json","07",11652
145.44202,-14.694243,4960,3.55,2021-11-26 08:04:00,0.0422575224930622,4698.82211379684,"moving",29,-14.69295,145.44156,"run_day_11652_liz21_del_07_29.json","07",11652
145.442136,-14.694625,4960,3.55,2021-11-26 08:16:00,0.0442709677463612,4922.70701104026,"moving",29,-14.69295,145.44156,"run_day_11652_liz21_del_07_29.json","07",11652
145.441493,-14.693318,4961,3.55,2021-11-26 07:40:00,0.0555542811063782,6177.35421241492,"moving",29,-14.69295,145.44156,"run_day_11652_liz21_del_07_29.json","07",11652
145.441617,-14.693835,4961,3.55,2021-11-26 07:52:00,0.0590146305948549,6562.12751995063,"moving",29,-14.69295,145.44156,"run_day_11652_liz21_del_07_29.json","07",11652
145.441773,-14.694358,4961,3.55,2021-11-26 08:04:00,0.0605271441462428,6730.3113533461,"moving",29,-14.69295,145.44156,"run_day_11652_liz21_del_07_29.json","07",11652
145.441457,-14.693419,4962,3.55,2021-11-26 08:08:00,0.0574669482030286,6390.03308992242,"moving",29,-14.69295,145.44156,"run_day_11652_liz21_del_07_29.json","07",11652
145.441582,-14.693934,4962,3.55,2021-11-26 08:20:00,0.0588225055104714,6540.76418528602,"moving",29,-14.69295,145.44156,"run_day_11652_liz21_del_07_29.json","07",11652
145.44174,-14.694446,4962,3.55,2021-11-26 08:32:00,0.0594140759768096,6606.54381989559,"moving",29,-14.69295,145.44156,"run_day_11652_liz21_del_07_29.json","07",11652
145.441508,-14.69342,4963,3.55,2021-11-26 07:30:00,0.0564136413103246,6272.91070725399,"moving",29,-14.69295,145.44156,"run_day_11652_liz21_del_07_29.json","07",11652
145.441645,-14.693942,4963,3.55,2021-11-26 07:42:00,0.0598849898368821,6658.90705202225,"moving",29,-14.69295,145.44156,"run_day_11652_liz21_del_07_29.json","07",11652
145.441811,-14.694466,4963,3.55,2021-11-26 07:54:00,0.0609403947200917,6776.26272059105,"moving",29,-14.69295,145.44156,"run_day_11652_liz21_del_07_29.json","07",11652
145.441478,-14.69346,4964,3.55,2021-11-26 07:35:00,0.0575428966735546,6398.47817453133,"moving",29,-14.69295,145.44156,"run_day_11652_liz21_del_07_29.json","07",11652
145.441621,-14.69399,4964,3.55,2021-11-26 07:47:00,0.0609073521980378,6772.58855977512,"moving",29,-14.69295,145.44156,"run_day_11652_liz21_del_07_29.json","07",11652
145.441795,-14.694521,4964,3.55,2021-11-26 07:59:00,0.0619395591176063,6887.36473247854,"moving",29,-14.69295,145.44156,"run_day_11652_liz21_del_07_29.json","07",11652
145.441669,-14.693691,4965,3.55,2021-11-26 07:46:00,0.0561881822641459,6247.8408051528,"moving",29,-14.69295,145.44156,"run_day_11652_liz21_del_07_29.json","07",11652
145.441805,-14.694191,4965,3.55,2021-11-26 07:58:00,0.0574895993230687,6392.55177955369,"moving",29,-14.69295,145.44156,"run_day_11652_liz21_del_07_29.json","07",11652
145.44196,-14.694658,4965,3.55,2021-11-26 08:10:00,0.0545386011753152,6064.41575698602,"moving",29,-14.69295,145.44156,"run_day_11652_liz21_del_07_29.json","07",11652
145.441732,-14.693291,4966,3.55,2021-11-26 08:06:00,0.0490556691027674,5454.74152738197,"moving",29,-14.69295,145.44156,"run_day_11652_liz21_del_07_29.json","07",11652
145.441805,-14.693706,4966,3.55,2021-11-26 08:18:00,0.0468091214157552,5204.93682212114,"moving",29,-14.69295,145.44156,"run_day_11652_liz21_del_07_29.json","07",11652
145.4419,-14.694098,4966,3.55,2021-11-26 08:30:00,0.0447700552385076,4978.20300811869,"moving",29,-14.69295,145.44156,"run_day_11652_liz21_del_07_29.json","07",11652
145.442017,-14.694488,4966,3.55,2021-11-26 08:42:00,0.0451550250983457,5021.00970344376,"moving",29,-14.69295,145.44156,"run_day_11652_liz21_del_07_29.json","07",11652
145.441588,-14.693544,4967,3.55,2021-11-26 07:47:00,0.0561271163761636,6241.05058821812,"moving",29,-14.69295,145.44156,"run_day_11652_liz21_del_07_29.json","07",11652
145.441719,-14.694063,4967,3.55,2021-11-26 07:59:00,0.0594053482589857,6605.57334195238,"moving",29,-14.69295,145.44156,"run_day_11652_liz21_del_07_29.json","07",11652
145.441877,-14.694553,4967,3.55,2021-11-26 08:11:00,0.05707427813725,6346.37017076266,"moving",29,-14.69295,145.44156,"run_day_11652_liz21_del_07_29.json","07",11652
145.441573,-14.693174,4968,3.55,2021-11-26 08:00:00,0.0520507090077289,5787.77476991169,"moving",29,-14.69295,145.44156,"run_day_11652_liz21_del_07_29.json","07",11652
145.441667,-14.693656,4968,3.55,2021-11-26 08:12:00,0.0545412555891561,6064.71091433834,"moving",29,-14.69295,145.44156,"run_day_11652_liz21_del_07_29.json","07",11652
145.441784,-14.694138,4968,3.55,2021-11-26 08:24:00,0.0550535322073674,6121.67347532207,"moving",29,-14.69295,145.44156,"run_day_11652_liz21_del_07_29.json","07",11652
145.441929,-14.694585,4968,3.55,2021-11-26 08:36:00,0.0520935059516514,5792.53357295176,"moving",29,-14.69295,145.44156,"run_day_11652_liz21_del_07_29.json","07",11652
145.441702,-14.693152,4969,3.55,2021-11-26 07:47:00,0.0485819111370809,5402.06204514018,"moving",29,-14.69295,145.44156,"run_day_11652_liz21_del_07_29.json","07",11652
145.441776,-14.693594,4969,3.55,2021-11-26 07:59:00,0.049788476039633,5536.22594097136,"moving",29,-14.69295,145.44156,"run_day_11652_liz21_del_07_29.json","07",11652
145.441872,-14.694005,4969,3.55,2021-11-26 08:11:00,0.0468530669972773,5209.82334783484,"moving",29,-14.69295,145.44156,"run_day_11652_liz21_del_07_29.json","07",11652
145.441988,-14.694404,4969,3.55,2021-11-26 08:23:00,0.0460877410912882,5124.72298985921,"moving",29,-14.69295,145.44156,"run_day_11652_liz21_del_07_29.json","07",11652
145.441468,-14.693499,4970,3.55,2021-11-26 07:53:00,0.0584336420877821,6497.52454552533,"moving",29,-14.69295,145.44156,"run_day_11652_liz21_del_07_29.json","07",11652
145.441606,-14.694029,4970,3.55,2021-11-26 08:05:00,0.0607737715559414,6757.73507007608,"moving",29,-14.69295,145.44156,"run_day_11652_liz21_del_07_29.json","07",11652
145.441777,-14.694549,4970,3.55,2021-11-26 08:17:00,0.0606761190441816,6746.87660619429,"moving",29,-14.69295,145.44156,"run_day_11652_liz21_del_07_29.json","07",11652
145.441668,-14.693529,4971,3.55,2021-11-26 07:52:00,0.0542134888013028,6028.26491040647,"moving",29,-14.69295,145.44156,"run_day_11652_liz21_del_07_29.json","07",11652
145.441781,-14.694019,4971,3.55,2021-11-26 08:04:00,0.0558246646508454,6207.41949080785,"moving",29,-14.69295,145.44156,"run_day_11652_liz21_del_07_29.json","07",11652
145.441919,-14.694471,4971,3.55,2021-11-26 08:16:00,0.0524060446821277,5827.28629416066,"moving",29,-14.69295,145.44156,"run_day_11652_liz21_del_07_29.json","07",11652
145.441571,-14.693394,4972,3.55,2021-11-26 07:41:00,0.0547161512214346,6084.15842134,"moving",29,-14.69295,145.44156,"run_day_11652_liz21_del_07_29.json","07",11652
145.441691,-14.693905,4972,3.55,2021-11-26 07:53:00,0.0582681068344413,6479.11786517302,"moving",29,-14.69295,145.44156,"run_day_11652_liz21_del_07_29.json","07",11652
145.441841,-14.694405,4972,3.55,2021-11-26 08:05:00,0.057891060659276,6437.19224338389,"moving",29,-14.69295,145.44156,"run_day_11652_liz21_del_07_29.json","07",11652
145.441738,-14.69319,4973,3.55,2021-11-26 07:49:00,0.0478318037226934,5318.65390622182,"moving",29,-14.69295,145.44156,"run_day_11652_liz21_del_07_29.json","07",11652
145.441808,-14.6936,4973,3.55,2021-11-26 08:01:00,0.0462074462631673,5138.03359766527,"moving",29,-14.69295,145.44156,"run_day_11652_liz21_del_07_29.json","07",11652
145.441897,-14.693986,4973,3.55,2021-11-26 08:13:00,0.0439757819242374,4889.88384520269,"moving",29,-14.69295,145.44156,"run_day_11652_liz21_del_07_29.json","07",11652
145.442006,-14.694368,4973,3.55,2021-11-26 08:25:00,0.0440647043189626,4899.77156436121,"moving",29,-14.69295,145.44156,"run_day_11652_liz21_del_07_29.json","07",11652
145.441751,-14.693453,4974,3.55,2021-11-26 08:09:00,0.0494420158381446,5497.7013242816,"moving",29,-14.69295,145.44156,"run_day_11652_liz21_del_07_29.json","07",11652
145.441833,-14.693865,4974,3.55,2021-11-26 08:21:00,0.0466535784865864,5187.64123752214,"moving",29,-14.69295,145.44156,"run_day_11652_liz21_del_07_29.json","07",11652
145.441939,-14.694257,4974,3.55,2021-11-26 08:33:00,0.0450548136413054,5009.86669782922,"moving",29,-14.69295,145.44156,"run_day_11652_liz21_del_07_29.json","07",11652
145.442066,-14.694652,4974,3.55,2021-11-26 08:45:00,0.0459971049596552,5114.64471185093,"moving",29,-14.69295,145.44156,"run_day_11652_liz21_del_07_29.json","07",11652
145.441743,-14.693428,4975,3.55,2021-11-26 08:06:00,0.0500252512532653,5562.55414348246,"moving",29,-14.69295,145.44156,"run_day_11652_liz21_del_07_29.json","07",11652
145.441825,-14.693846,4975,3.55,2021-11-26 08:18:00,0.047308885778281,5260.50808375176,"moving",29,-14.69295,145.44156,"run_day_11652_liz21_del_07_29.json","07",11652
145.441931,-14.694242,4975,3.55,2021-11-26 08:30:00,0.0454852565459701,5057.72976503808,"moving",29,-14.69295,145.44156,"run_day_11652_liz21_del_07_29.json","07",11652
145.442058,-14.694639,4975,3.55,2021-11-26 08:42:00,0.0462095093922227,5138.26300714925,"moving",29,-14.69295,145.44156,"run_day_11652_liz21_del_07_29.json","07",11652
145.44161,-14.693229,4976,3.55,2021-11-26 07:49:00,0.0517889275032147,5758.66599472033,"moving",29,-14.69295,145.44156,"run_day_11652_liz21_del_07_29.json","07",11652
145.441705,-14.693719,4976,3.55,2021-11-26 08:01:00,0.0554353668896055,6164.13155480389,"moving",29,-14.69295,145.44156,"run_day_11652_liz21_del_07_29.json","07",11652
145.441828,-14.694191,4976,3.55,2021-11-26 08:13:00,0.0541257316585095,6018.50676135103,"moving",29,-14.69295,145.44156,"run_day_11652_liz21_del_07_29.json","07",11652
145.441972,-14.694633,4976,3.55,2021-11-26 08:25:00,0.051530869605093,5729.97126566863,"moving",29,-14.69295,145.44156,"run_day_11652_liz21_del_07_29.json","07",11652
145.441515,-14.693524,4977,3.55,2021-11-26 08:02:00,0.057425270088647,6385.39869505108,"moving",29,-14.69295,145.44156,"run_day_11652_liz21_del_07_29.json","07",11652
145.441643,-14.694041,4977,3.55,2021-11-26 08:14:00,0.0591133456429475,6573.104132482,"moving",29,-14.69295,145.44156,"run_day_11652_liz21_del_07_29.json","07",11652
145.441806,-14.694544,4977,3.55,2021-11-26 08:26:00,0.0586144350259001,6517.62780301721,"moving",29,-14.69295,145.44156,"run_day_11652_liz21_del_07_29.json","07",11652
145.441461,-14.693534,4978,3.55,2021-11-26 07:59:00,0.0588912327551226,6548.4063062135,"moving",29,-14.69295,145.44156,"run_day_11652_liz21_del_07_29.json","07",11652
145.441599,-14.694063,4978,3.55,2021-11-26 08:11:00,0.0606659495380399,6745.74580870485,"moving",29,-14.69295,145.44156,"run_day_11652_liz21_del_07_29.json","07",11652
145.441772,-14.694581,4978,3.55,2021-11-26 08:23:00,0.0605300115634437,6730.63019559141,"moving",29,-14.69295,145.44156,"run_day_11652_liz21_del_07_29.json","07",11652
145.441633,-14.693497,4979,3.55,2021-11-26 07:19:00,0.0551664235481613,6134.22641968045,"moving",29,-14.69295,145.44156,"run_day_11652_liz21_del_07_29.json","07",11652
145.441767,-14.694001,4979,3.55,2021-11-26 07:31:00,0.0578658995572713,6434.39445649219,"moving",29,-14.69295,145.44156,"run_day_11652_liz21_del_07_29.json","07",11652
145.441917,-14.694487,4979,3.55,2021-11-26 07:43:00,0.0563976748922416,6271.13532256648,"moving",29,-14.69295,145.44156,"run_day_11652_liz21_del_07_29.json","07",11652
145.441673,-14.693608,4980,3.55,2021-11-26 07:19:00,0.0557744394887839,6201.8347075967,"moving",29,-14.69295,145.44156,"run_day_11652_liz21_del_07_29.json","07",11652
145.441813,-14.694103,4980,3.55,2021-11-26 07:31:00,0.0570641190853144,6345.2405357279,"moving",29,-14.69295,145.44156,"run_day_11652_liz21_del_07_29.json","07",11652
145.441963,-14.694581,4980,3.55,2021-11-26 07:43:00,0.0555458722841976,6176.41919404938,"moving",29,-14.69295,145.44156,"run_day_11652_liz21_del_07_29.json","07",11652
145.44162,-14.693468,4981,3.55,2021-11-26 07:47:00,0.0545112041351709,6061.36934511689,"moving",29,-14.69295,145.44156,"run_day_11652_liz21_del_07_29.json","07",11652
145.441737,-14.693975,4981,3.55,2021-11-26 07:59:00,0.0577633038348104,6422.9863326591,"moving",29,-14.69295,145.44156,"run_day_11652_liz21_del_07_29.json","07",11652
145.441882,-14.69445,4981,3.55,2021-11-26 08:11:00,0.0550720506729911,6123.73263474867,"moving",29,-14.69295,145.44156,"run_day_11652_liz21_del_07_29.json","07",11652
145.441522,-14.693558,4982,3.55,2021-11-26 07:11:00,0.0591591274501133,6578.19483717145,"moving",29,-14.69295,145.44156,"run_day_11652_liz21_del_07_29.json","07",11652
145.441681,-14.694091,4982,3.55,2021-11-26 07:23:00,0.0616849699457936,6859.05570819433,"moving",29,-14.69295,145.44156,"run_day_11652_liz21_del_07_29.json","07",11652
145.441857,-14.694613,4982,3.55,2021-11-26 07:35:00,0.0610526838535467,6788.74870254856,"moving",29,-14.69295,145.44156,"run_day_11652_liz21_del_07_29.json","07",11652
145.441656,-14.693153,4983,3.55,2021-11-26 07:12:00,0.050918728247572,5661.90425232299,"moving",29,-14.69295,145.44156,"run_day_11652_liz21_del_07_29.json","07",11652
145.441748,-14.693624,4983,3.55,2021-11-26 07:24:00,0.0532994362024491,5926.62689872767,"moving",29,-14.69295,145.44156,"run_day_11652_liz21_del_07_29.json","07",11652
145.441873,-14.694075,4983,3.55,2021-11-26 07:36:00,0.0519198965814672,5773.22909176932,"moving",29,-14.69295,145.44156,"run_day_11652_liz21_del_07_29.json","07",11652
145.442007,-14.694524,4983,3.55,2021-11-26 07:48:00,0.0519652372885247,5778.2707483646,"moving",29,-14.69295,145.44156,"run_day_11652_liz21_del_07_29.json","07",11652
145.441604,-14.693548,4984,3.55,2021-11-26 07:23:00,0.0560887932040391,6236.78924590496,"moving",29,-14.69295,145.44156,"run_day_11652_liz21_del_07_29.json","07",11652
145.441747,-14.694063,4984,3.55,2021-11-26 07:35:00,0.0592949811644552,6593.30108097209,"moving",29,-14.69295,145.44156,"run_day_11652_liz21_del_07_29.json","07",11652
145.441906,-14.69456,4984,3.55,2021-11-26 07:47:00,0.057849507648243,6432.57175937022,"moving",29,-14.69295,145.44156,"run_day_11652_liz21_del_07_29.json","07",11652
145.44164,-14.693448,4985,3.55,2021-11-26 08:04:00,0.0535785778649051,5957.6660354079,"moving",29,-14.69295,145.44156,"run_day_11652_liz21_del_07_29.json","07",11652
145.441743,-14.693936,4985,3.55,2021-11-26 08:16:00,0.0553824889735608,6158.25179880818,"moving",29,-14.69295,145.44156,"run_day_11652_liz21_del_07_29.json","07",11652
145.441876,-14.69439,4985,3.55,2021-11-26 08:28:00,0.0524702025550222,5834.42032413083,"moving",29,-14.69295,145.44156,"run_day_11652_liz21_del_07_29.json","07",11652
145.441669,-14.693677,4986,3.55,2021-11-26 07:24:00,0.0563443421943239,6265.20499713376,"moving",29,-14.69295,145.44156,"run_day_11652_liz21_del_07_29.json","07",11652
145.441814,-14.694179,4986,3.55,2021-11-26 07:36:00,0.057957653311834,6444.59700850015,"moving",29,-14.69295,145.44156,"run_day_11652_liz21_del_07_29.json","07",11652
145.441972,-14.69466,4986,3.55,2021-11-26 07:48:00,0.0561197042942001,6240.22640230791,"moving",29,-14.69295,145.44156,"run_day_11652_liz21_del_07_29.json","07",11652
145.441659,-14.69318,4987,3.55,2021-11-26 07:36:00,0.0497651530028807,5533.63253761056,"moving",29,-14.69295,145.44156,"run_day_11652_liz21_del_07_29.json","07",11652
145.441747,-14.693653,4987,3.55,2021-11-26 07:48:00,0.0534400985720416,5942.26784059615,"moving",29,-14.69295,145.44156,"run_day_11652_liz21_del_07_29.json","07",11652
145.441862,-14.694101,4987,3.55,2021-11-26 08:00:00,0.0513280039099192,5707.41362957509,"moving",29,-14.69295,145.44156,"run_day_11652_liz21_del_07_29.json","07",11652
145.441995,-14.694533,4987,3.55,2021-11-26 08:12:00,0.0501210205783185,5573.20320655655,"moving",29,-14.69295,145.44156,"run_day_11652_liz21_del_07_29.json","07",11652
145.441617,-14.693409,4988,3.55,2021-11-26 07:23:00,0.05421167679231,6028.06342419944,"moving",29,-14.69295,145.44156,"run_day_11652_liz21_del_07_29.json","07",11652
145.44174,-14.693912,4988,3.55,2021-11-26 07:35:00,0.0574743997004064,6390.86165862674,"moving",29,-14.69295,145.44156,"run_day_11652_liz21_del_07_29.json","07",11652
145.441887,-14.694398,4988,3.55,2021-11-26 07:47:00,0.0563062179965526,6260.9657797592,"moving",29,-14.69295,145.44156,"run_day_11652_liz21_del_07_29.json","07",11652
145.441611,-14.693217,4989,3.55,2021-11-26 07:13:00,0.052793142007261,5870.32955283316,"moving",29,-14.69295,145.44156,"run_day_11652_liz21_del_07_29.json","07",11652
145.441717,-14.693707,4989,3.55,2021-11-26 07:25:00,0.0556655961265298,6189.73187791511,"moving",29,-14.69295,145.44156,"run_day_11652_liz21_del_07_29.json","07",11652
145.441856,-14.694186,4989,3.55,2021-11-26 07:37:00,0.0553208855291657,6151.40180832761,"moving",29,-14.69295,145.44156,"run_day_11652_liz21_del_07_29.json","07",11652
145.442006,-14.694653,4989,3.55,2021-11-26 07:49:00,0.0543766192671365,6046.40419058834,"moving",29,-14.69295,145.44156,"run_day_11652_liz21_del_07_29.json","07",11652
145.44173,-14.693532,4990,3.55,2021-11-26 07:41:00,0.0525076966326573,5838.58947534307,"moving",29,-14.69295,145.44156,"run_day_11652_liz21_del_07_29.json","07",11652
145.441839,-14.693984,4990,3.55,2021-11-26 07:53:00,0.0516093713545466,5738.7002619406,"moving",29,-14.69295,145.44156,"run_day_11652_liz21_del_07_29.json","07",11652
145.441966,-14.694417,4990,3.55,2021-11-26 08:05:00,0.050047625340283,5565.04202844713,"moving",29,-14.69295,145.44156,"run_day_11652_liz21_del_07_29.json","07",11652
145.441496,-14.69339,4991,3.55,2021-11-26 07:37:00,0.0564136417718195,6272.91075856988,"moving",29,-14.69295,145.44156,"run_day_11652_liz21_del_07_29.json","07",11652
145.441628,-14.693912,4991,3.55,2021-11-26 07:49:00,0.0597549330249269,6644.44539435726,"moving",29,-14.69295,145.44156,"run_day_11652_liz21_del_07_29.json","07",11652
145.441792,-14.694437,4991,3.55,2021-11-26 08:01:00,0.0609841502443494,6781.12811290118,"moving",29,-14.69295,145.44156,"run_day_11652_liz21_del_07_29.json","07",11652
145.4417,-14.693286,4992,3.55,2021-11-26 07:21:00,0.0508563216794648,5654.96495856017,"moving",29,-14.69295,145.44156,"run_day_11652_liz21_del_07_29.json","07",11652
145.441793,-14.69374,4992,3.55,2021-11-26 07:33:00,0.0514639798150856,5722.5334603755,"moving",29,-14.69295,145.44156,"run_day_11652_liz21_del_07_29.json","07",11652
145.441916,-14.694175,4992,3.55,2021-11-26 07:45:00,0.0501463945554496,5576.02466408232,"moving",29,-14.69295,145.44156,"run_day_11652_liz21_del_07_29.json","07",11652
145.442051,-14.694611,4992,3.55,2021-11-26 07:57:00,0.0506087570545151,5627.4370282491,"moving",29,-14.69295,145.44156,"run_day_11652_liz21_del_07_29.json","07",11652
145.44161,-14.693363,4993,3.55,2021-11-26 07:46:00,0.0534229400852451,5940.35990391549,"moving",29,-14.69295,145.44156,"run_day_11652_liz21_del_07_29.json","07",11652
145.441718,-14.693866,4993,3.55,2021-11-26 07:58:00,0.0571246073245336,6351.96652105073,"moving",29,-14.69295,145.44156,"run_day_11652_liz21_del_07_29.json","07",11652
145.441855,-14.694344,4993,3.55,2021-11-26 08:10:00,0.0551559738353205,6133.06446462767,"moving",29,-14.69295,145.44156,"run_day_11652_liz21_del_07_29.json","07",11652
145.441781,-14.693379,4994,3.55,2021-11-26 07:36:00,0.0464985891854451,5170.40721355104,"moving",29,-14.69295,145.44156,"run_day_11652_liz21_del_07_29.json","07",11652
145.441861,-14.693772,4994,3.55,2021-11-26 07:48:00,0.0445387022833155,4952.4777332371,"moving",29,-14.69295,145.44156,"run_day_11652_liz21_del_07_29.json","07",11652
145.441966,-14.694158,4994,3.55,2021-11-26 08:00:00,0.0443821893111241,4935.07428477536,"moving",29,-14.69295,145.44156,"run_day_11652_liz21_del_07_29.json","07",11652
145.442084,-14.694553,4994,3.55,2021-11-26 08:12:00,0.0457189761130295,5083.71819515265,"moving",29,-14.69295,145.44156,"run_day_11652_liz21_del_07_29.json","07",11652
145.441662,-14.69357,4995,3.55,2021-11-26 07:20:00,0.0554479409917545,6165.52973116996,"moving",29,-14.69295,145.44156,"run_day_11652_liz21_del_07_29.json","07",11652
145.4418,-14.694068,4995,3.55,2021-11-26 07:32:00,0.057329877028064,6374.79147067715,"moving",29,-14.69295,145.44156,"run_day_11652_liz21_del_07_29.json","07",11652
145.441948,-14.694547,4995,3.55,2021-11-26 07:44:00,0.0555903021065276,6181.35956488419,"moving",29,-14.69295,145.44156,"run_day_11652_liz21_del_07_29.json","07",11652
145.441566,-14.69367,4996,3.55,2021-11-26 07:51:00,0.0580752746334577,6457.67590272993,"moving",29,-14.69295,145.44156,"run_day_11652_liz21_del_07_29.json","07",11652
145.441712,-14.694197,4996,3.55,2021-11-26 08:03:00,0.0606673552937348,6745.90212160622,"moving",29,-14.69295,145.44156,"run_day_11652_liz21_del_07_29.json","07",11652
145.441883,-14.694694,4996,3.55,2021-11-26 08:15:00,0.0582441183502405,6476.45046743199,"moving",29,-14.69295,145.44156,"run_day_11652_liz21_del_07_29.json","07",11652
145.441583,-14.6933,4997,3.55,2021-11-26 08:00:00,0.0534229407476372,5940.35997757012,"moving",29,-14.69295,145.44156,"run_day_11652_liz21_del_07_29.json","07",11652
145.441683,-14.693792,4997,3.55,2021-11-26 08:12:00,0.0557552054975337,6199.69598535056,"moving",29,-14.69295,145.44156,"run_day_11652_liz21_del_07_29.json","07",11652
145.441812,-14.694271,4997,3.55,2021-11-26 08:24:00,0.0550399482620751,6120.16300952175,"moving",29,-14.69295,145.44156,"run_day_11652_liz21_del_07_29.json","07",11652
145.441965,-14.694719,4997,3.55,2021-11-26 08:36:00,0.0524631198947423,5833.63276824056,"moving",29,-14.69295,145.44156,"run_day_11652_liz21_del_07_29.json","07",11652
145.441693,-14.693158,4998,3.55,2021-11-26 07:39:00,0.0487494096592119,5420.68703102161,"moving",29,-14.69295,145.44156,"run_day_11652_liz21_del_07_29.json","07",11652
145.441772,-14.693608,4998,3.55,2021-11-26 07:51:00,0.0507540562775958,5643.59356470107,"moving",29,-14.69295,145.44156,"run_day_11652_liz21_del_07_29.json","07",11652
145.441875,-14.694031,4998,3.55,2021-11-26 08:03:00,0.0483225332918928,5373.22054467127,"moving",29,-14.69295,145.44156,"run_day_11652_liz21_del_07_29.json","07",11652
145.441996,-14.694442,4998,3.55,2021-11-26 08:15:00,0.0475181008341048,5283.77173653703,"moving",29,-14.69295,145.44156,"run_day_11652_liz21_del_07_29.json","07",11652
145.441665,-14.693628,4999,3.55,2021-11-26 08:09:00,0.0546505274331552,6076.86138901613,"moving",29,-14.69295,145.44156,"run_day_11652_liz21_del_07_29.json","07",11652
145.441781,-14.69411,4999,3.55,2021-11-26 08:21:00,0.0550290461680982,6118.95075198171,"moving",29,-14.69295,145.44156,"run_day_11652_liz21_del_07_29.json","07",11652
145.441924,-14.694558,4999,3.55,2021-11-26 08:33:00,0.0521357448493225,5797.23032407985,"moving",29,-14.69295,145.44156,"run_day_11652_liz21_del_07_29.json","07",11652
